400
6 22 21 16533 4
8 24 30 21382 8
12 18 21 1082 7
10 25 25 21647 3
12 16 22 12305 9
6 20 30 5675 6
13 16 20 2050 10
14 22 27 24835 1
11 20 30 9999 8
11 15 26 20456 9
15 24 20 8402 5
11 16 27 10521 1
15 16 23 15493 6
5 18 33 7548 10
14 21 25 23263 9
15 23 25 7766 4
10 20 23 13692 7
15 17 25 5476 7
6 20 25 4031 10
5 16 30 854 10
7 20 30 1182 1
10 18 35 18812 5
10 19 31 17011 4
12 21 30 3841 6
5 21 28 3656 7
6 19 34 7121 3
15 19 32 24213 9
9 20 31 17251 6
14 20 34 11695 3
12 21 25 11851 1
13 15 35 9839 10
13 21 34 8433 2
9 22 27 2878 4
9 25 20 13849 3
15 16 28 17693 10
5 20 35 21992 1
11 23 33 2026 7
10 15 35 22667 7
8 24 31 4013 8
9 22 33 17429 10
5 16 24 13428 5
12 20 23 11181 10
9 21 34 5049 8
9 25 31 13971 5
15 18 30 9515 2
12 20 29 3008 8
13 18 31 15889 6
7 20 31 14182 10
12 16 25 8328 4
12 23 30 11186 3
5 18 23 17039 2
15 18 32 4200 5
11 21 24 7217 4
12 23 33 18678 7
7 25 21 6993 5
12 17 22 4458 10
5 18 33 22121 8
5 23 34 1449 1
9 25 27 16651 8
8 24 22 1752 8
10 24 32 5632 2
11 17 31 21194 4
6 17 35 19113 3
11 25 35 27962 10
6 16 25 16737 2
11 23 26 11864 7
8 25 31 18053 6
5 21 29 20296 2
11 20 25 2691 4
7 21 34 3510 2
12 21 23 16796 10
8 17 28 8167 3
9 16 30 3353 1
10 17 26 3959 5
10 15 22 16967 6
9 24 35 26961 3
6 15 25 9247 1
10 25 32 1247 5
11 16 31 1832 7
10 23 29 16823 8
5 21 23 18411 3
13 23 35 18609 5
9 16 32 19993 5
8 20 23 20297 7
9 18 25 6303 7
7 17 34 21207 8
15 21 22 7194 3
15 20 28 6155 6
13 17 33 4687 9
13 19 28 2088 3
15 21 35 19872 7
8 22 24 19486 4
9 17 21 6366 5
12 18 29 12762 7
8 17 31 10870 7
6 15 22 1174 1
12 20 22 6139 9
5 22 28 9749 1
9 21 34 18076 6
5 25 20 1407 1
9 21 21 17753 5
11 16 31 22430 3
11 25 32 7766 3
14 21 35 18309 7
13 17 21 5853 1
6 22 24 14478 4
14 17 28 550 7
9 17 22 5885 3
6 16 22 1267 6
10 24 20 16652 8
6 21 28 18799 3
5 20 34 12919 7
15 23 26 18539 8
5 24 24 19799 9
6 17 29 6494 1
7 20 26 5125 5
8 16 28 17387 10
10 18 30 3081 3
7 21 28 13545 6
12 22 21 19385 1
8 22 32 812 4
8 20 33 9826 6
13 20 27 10337 4
11 22 25 1303 7
14 17 26 15109 8
11 17 27 8838 1
11 24 29 6019 7
15 19 22 3413 5
12 18 30 4738 1
10 24 23 1400 1
8 19 25 9635 4
14 20 29 3429 2
12 20 27 9824 5
7 17 22 7006 3
11 16 35 19673 5
10 20 21 6045 9
15 15 24 21443 8
7 23 32 10822 6
9 15 27 13245 4
7 25 29 12537 4
9 17 21 11447 9
7 21 29 15761 9
13 19 27 16403 5
14 21 28 7154 6
9 18 34 10302 6
9 24 34 7151 4
8 15 32 4526 4
9 17 21 2610 7
6 16 23 14665 4
9 21 31 13823 4
10 24 28 1932 2
13 19 24 2645 2
15 23 34 10075 2
5 22 29 20570 2
12 16 29 21592 3
12 15 28 2092 8
12 18 30 15667 8
15 20 35 24254 10
10 19 22 10884 8
15 22 33 27103 1
6 25 26 19274 2
14 16 27 3938 4
14 17 28 23183 10
7 15 21 14901 5
11 23 33 25695 1
5 19 23 5640 7
13 18 22 9198 3
14 24 21 12096 7
12 15 27 5130 1
7 15 21 13334 6
8 18 28 15334 1
7 21 20 6108 5
13 24 26 5019 1
15 16 29 583 2
12 20 30 6472 5
7 18 27 7616 2
9 23 32 17310 7
6 17 26 5179 1
12 16 34 16329 3
6 18 24 3498 2
14 25 24 19610 6
13 25 29 20499 5
14 15 25 4128 8
14 23 27 21928 6
9 25 25 20383 6
10 20 26 13832 9
13 20 30 20912 3
15 22 29 17030 6
15 15 31 8202 2
11 17 34 8144 7
5 24 24 1724 8
9 22 26 4233 2
10 22 28 2998 1
6 23 29 16481 8
6 22 20 15078 5
14 16 26 7916 6
9 23 27 6035 8
6 19 28 17409 1
7 25 31 9238 2
11 16 35 11340 5
5 23 23 9242 10
11 16 24 10723 1
6 20 30 2733 3
14 19 32 20369 8
13 20 26 11773 8
7 20 32 23594 1
15 18 26 16023 6
14 15 23 3629 1
15 16 32 17257 9
14 21 21 19944 2
15 21 26 18364 1
5 25 27 17567 9
10 16 34 12535 8
14 15 35 11094 7
7 19 33 8144 3
13 17 30 699 3
12 21 20 2947 4
10 19 22 17932 6
14 16 35 10291 8
6 16 23 12445 5
15 17 29 5886 3
5 19 29 12040 9
9 20 32 19776 9
13 24 35 19523 3
6 16 35 12535 2
6 15 35 4858 9
7 15 26 12493 1
15 21 34 14696 10
11 16 32 9278 5
5 17 26 19008 4
7 19 35 12173 10
6 22 33 17163 10
5 23 22 7087 8
14 22 34 26362 3
10 15 32 7810 5
7 20 24 18690 3
13 24 34 22881 1
12 24 20 20070 7
15 16 32 24683 5
5 24 25 4401 4
12 15 29 19491 10
13 17 25 10967 4
11 20 22 20454 10
12 23 34 27375 10
8 23 35 10820 10
7 15 23 6437 5
7 16 27 19223 4
10 16 24 12763 4
14 20 33 2620 4
9 23 30 10283 3
8 19 34 14308 7
7 19 35 10930 4
15 17 23 5460 9
11 19 28 8336 7
14 25 32 8065 8
7 23 26 719 2
13 15 31 1216 9
10 22 29 21022 5
5 22 24 8276 6
11 22 25 8620 5
13 22 34 18159 6
6 17 28 17686 7
11 18 24 18886 5
15 25 20 20353 1
6 19 20 11504 1
7 21 27 11950 4
11 21 31 15313 2
8 25 32 25794 6
5 22 32 21390 6
8 23 31 668 4
13 19 20 8486 2
11 23 21 14041 9
8 23 29 9338 6
5 23 34 8235 1
10 25 34 7346 4
11 21 25 13068 7
11 25 32 17935 9
6 25 34 9649 8
7 21 25 9788 2
11 19 31 7051 5
8 22 33 12963 5
10 21 25 13003 5
13 22 30 11353 9
5 22 28 11640 7
6 17 32 21668 4
5 25 24 11565 3
12 22 22 2049 5
8 19 28 18951 9
10 18 21 17731 1
9 17 21 15315 4
10 17 33 9454 4
7 23 26 2081 8
9 15 32 21892 8
5 17 22 11467 9
14 17 34 7422 6
9 21 28 22252 5
13 20 26 4751 8
9 22 32 22205 9
12 17 34 7854 10
6 24 27 4847 9
6 19 22 9457 10
8 18 22 856 8
9 21 35 8643 10
7 23 23 1400 7
7 16 27 18111 4
14 16 24 15665 1
11 21 34 4339 3
14 19 20 4676 8
12 16 31 2222 10
5 22 23 13355 1
8 25 35 22846 6
13 17 24 20387 1
8 21 21 15145 1
5 25 34 5587 6
13 24 31 15235 7
5 17 27 5579 9
5 19 32 2042 4
9 15 21 7415 8
12 23 20 10257 10
12 22 21 9088 6
5 16 31 545 4
9 23 32 4219 2
8 18 27 11242 10
14 21 33 13868 2
5 21 31 10629 9
12 17 22 8326 5
5 22 32 16492 9
7 15 23 13160 10
7 15 30 18800 9
11 25 29 6361 9
12 24 32 22801 6
15 17 24 8671 2
7 18 33 4864 4
5 19 31 1138 5
15 15 29 11202 10
14 23 25 8993 7
15 22 20 15092 4
5 15 20 9970 7
5 19 21 3053 3
8 20 25 605 6
12 18 22 15473 7
8 19 33 4453 6
7 19 32 8631 7
10 15 30 21834 2
14 19 35 19506 4
8 18 20 13032 4
8 23 27 4346 8
14 18 32 14216 2
14 15 29 14298 6
6 16 33 14144 10
8 16 26 13222 1
8 25 28 9658 1
9 24 20 8670 2
12 20 28 2825 3
7 23 27 22752 2
9 17 20 8522 1
11 17 23 13227 4
8 24 27 17488 1
15 24 32 11738 1
13 22 35 25067 7
15 18 23 4945 8
15 24 33 18617 3
8 22 32 20410 1
6 20 26 19372 6
10 23 24 5608 2
10 16 35 16016 7
15 15 21 596 8
8 24 35 6357 9
15 16 27 19395 2
6 20 24 1557 3
10 17 34 2858 6
15 18 20 11238 2
11 21 31 18274 1
14 16 30 10236 3
13 20 30 15167 2
10 18 23 8772 8
11 25 20 9030 3
12 18 22 2747 1
10 16 23 4727 10
13 17 33 2323 10
10 19 33 14870 3
13 23 32 11939 9
11 15 25 1964 10
11 17 24 4758 9
15 17 34 15233 5
10 15 29 8695 1
11 25 33 23996 2
15 25 23 9447 7
6 16 20 7632 1
5 20 25 10576 2
5 22 26 12069 3
12 21 31 16382 1
12 17 26 11825 6
7 19 35 14814 2
12 23 23 13127 9
7 23 21 2672 1
11 19 29 16734 3
12 20 22 7742 5
6 22 23 11577 5
12 25 20 13470 10
