150
6 24 29 8003 4
12 18 25 3466 8
13 24 35 5050 5
14 18 27 4530 2
13 25 25 6310 8
11 23 25 5961 1
8 25 20 599 7
6 16 33 6241 3
14 17 24 7241 3
8 18 21 420 3
8 22 26 524 6
5 23 34 5108 3
9 22 29 2899 8
9 23 34 780 9
6 18 22 2922 6
14 24 25 4370 9
10 17 27 6027 6
15 22 21 2377 2
14 17 21 5028 9
7 20 23 3123 4
15 22 28 9607 7
7 17 24 4922 7
13 21 24 921 7
5 23 35 5324 2
5 21 20 1173 4
6 24 28 719 5
5 21 24 3536 9
10 21 33 9428 10
8 16 34 871 9
8 19 34 6976 4
9 18 33 5973 4
14 19 23 7333 8
14 24 20 5183 6
11 15 26 4638 1
7 25 29 7690 6
9 19 24 4969 7
15 19 28 3971 3
11 22 27 3090 8
10 15 23 6399 1
6 17 26 2969 9
8 15 23 1415 4
11 22 32 7919 8
12 19 28 623 8
7 24 26 387 6
10 24 35 1942 9
15 25 22 5709 9
8 17 29 7873 3
14 15 23 7710 8
15 18 31 7660 7
10 25 30 7581 4
10 23 23 3616 3
6 21 32 2140 9
12 24 31 4487 1
15 23 34 2867 1
11 17 22 1163 1
5 21 20 5209 1
14 20 27 6689 1
14 16 24 7473 2
13 18 31 5742 3
12 15 27 6588 3
10 17 31 7777 8
14 17 20 4498 7
6 22 30 245 3
10 19 26 2502 6
6 16 24 2644 6
6 16 24 3589 1
6 21 28 3735 6
5 22 34 6319 5
7 24 33 8575 9
14 17 20 7485 7
5 25 25 2619 10
7 22 23 7018 6
12 24 23 5141 8
8 15 26 5275 9
10 20 21 5255 8
15 24 34 7846 9
7 25 24 1535 10
11 23 35 1103 3
15 16 23 2506 5
5 18 20 5008 5
6 19 34 8816 7
12 19 34 3057 6
11 23 34 9936 5
15 21 25 7152 1
7 20 20 2650 7
8 23 33 2598 3
8 16 33 2903 3
7 25 30 8560 3
15 23 35 5714 4
8 21 23 1519 2
6 18 26 6897 5
6 22 28 7761 6
6 16 32 8037 8
10 23 22 8050 9
10 15 30 5431 9
7 22 25 696 2
7 19 25 4733 2
11 22 21 719 2
7 18 29 8052 1
13 19 30 4767 5
8 21 24 1213 8
15 17 28 6065 3
11 19 26 2483 6
9 23 23 1359 5
8 16 31 4884 1
8 15 35 8050 4
8 22 24 1368 8
10 17 28 2076 3
12 19 30 404 9
15 18 31 3370 2
10 21 24 1189 4
10 19 28 5522 6
5 21 20 2708 10
15 23 32 6720 6
6 24 29 3990 10
9 21 31 627 9
12 17 25 487 4
5 21 21 2988 6
6 16 25 2655 10
6 23 22 649 8
5 21 35 1791 7
10 16 33 5717 7
11 15 25 4083 3
10 19 21 364 4
6 15 31 5056 2
8 23 34 2623 10
6 25 26 4743 6
9 18 26 4090 7
12 21 33 3369 5
6 24 20 3785 8
13 15 29 855 10
5 16 23 1927 2
10 17 20 4331 10
12 22 32 398 8
13 16 32 3692 2
6 19 21 289 5
14 16 23 729 1
6 18 21 4986 3
9 22 30 904 4
14 25 34 2996 9
12 21 30 3571 4
6 17 23 2108 10
14 18 31 9098 10
8 15 21 2932 7
13 18 27 8642 4
10 18 26 3344 9
6 25 26 7262 4
8 17 26 1294 7
15 23 22 616 7
5 24 24 2102 5
