250
5 20 32 9397 3
8 22 26 7609 4
9 20 21 10410 1
6 17 32 13563 3
12 18 31 11101 6
8 18 28 5727 6
10 19 35 7050 2
5 21 25 9106 1
12 24 28 1899 1
10 16 21 2062 9
14 23 24 2080 6
6 17 23 6457 6
5 23 35 14954 3
12 17 20 5126 4
15 17 31 3512 3
6 23 35 14025 7
10 24 23 5655 2
11 24 31 15063 1
6 21 30 2115 10
10 15 33 3777 5
8 25 35 11437 10
5 22 21 2151 7
12 19 30 5668 3
8 22 21 11019 7
11 16 28 13693 8
15 23 30 341 3
14 22 31 3088 2
15 23 35 7814 4
14 21 34 8711 10
6 22 28 12373 7
5 24 30 6701 6
6 16 26 7327 8
12 19 31 9789 1
14 16 23 1809 5
14 20 22 6600 6
13 21 26 8725 9
10 17 22 2641 5
6 18 26 2528 1
7 18 34 8250 5
5 25 31 7039 9
13 23 25 1173 7
14 15 23 7021 1
14 16 33 5674 3
6 24 21 8692 10
13 19 31 2785 10
10 23 26 12527 4
9 15 33 11402 6
9 25 33 14301 8
13 21 33 10694 1
10 21 25 6203 8
13 25 33 11352 9
9 21 26 1376 5
6 17 34 4091 3
10 20 22 9577 9
11 25 25 12059 3
8 23 25 12198 3
14 20 21 3110 6
6 23 24 5620 6
13 15 26 3320 2
13 24 26 13652 7
13 16 34 9427 5
9 17 28 11976 5
15 18 24 5812 6
14 22 23 12588 5
8 19 30 8880 2
14 15 20 6420 1
7 24 34 9896 7
15 18 29 3132 9
9 18 30 11855 4
14 22 24 8782 2
13 19 20 11713 10
9 22 35 3903 2
12 24 30 10524 2
5 21 35 6659 10
11 16 29 2079 10
9 16 23 3249 5
11 18 21 4187 10
13 18 23 7929 4
5 16 22 10354 1
6 19 30 7645 3
13 15 30 7666 9
11 20 29 11889 3
8 18 27 4610 8
8 16 25 1090 2
12 17 25 10530 10
12 22 27 12911 5
7 24 26 5712 8
10 15 29 11435 3
6 19 22 7019 7
14 23 22 4709 9
6 23 23 756 6
13 21 33 15859 9
15 22 26 14283 8
6 16 27 3556 9
15 19 20 10178 5
12 22 22 4474 3
13 19 34 2702 2
7 16 28 12690 7
5 16 22 3023 4
5 19 31 10394 8
6 17 32 12325 9
8 17 27 8598 2
15 17 33 12977 5
5 21 30 5913 10
11 22 26 6198 1
11 17 25 2054 8
14 22 24 1055 6
10 22 21 5087 10
15 22 29 11457 8
12 23 29 10662 7
6 16 31 1309 6
6 20 27 13150 9
6 25 23 3902 5
15 18 23 9170 3
9 20 25 1978 1
13 15 31 2753 7
9 19 35 8144 8
5 16 30 2455 3
9 17 26 9826 7
7 17 30 2692 8
13 25 27 9150 8
10 20 26 12769 9
7 17 31 12616 5
15 15 26 6422 6
10 20 35 4445 3
15 23 33 11835 8
7 16 20 9242 10
6 19 27 11186 6
13 24 28 8705 4
9 21 24 8873 10
5 23 35 11052 1
15 16 24 6531 8
15 17 20 11959 10
10 17 33 10916 8
7 23 22 7557 8
13 15 26 9621 9
9 15 35 9664 7
7 17 34 729 6
10 17 29 5392 6
10 17 29 380 7
13 23 28 12454 10
15 22 21 8238 10
6 21 27 2516 1
11 18 23 7122 9
11 15 23 9662 6
8 18 21 6729 10
9 23 29 9820 6
11 19 35 12001 3
15 23 28 9705 9
7 15 30 4788 1
12 24 31 3955 2
13 19 34 779 5
5 23 22 4115 2
12 20 20 5248 2
12 25 20 9993 3
11 16 24 3981 6
14 25 21 8402 4
10 25 29 941 4
15 19 31 10268 8
12 20 20 9756 7
12 19 24 11480 9
13 23 24 4391 9
14 15 20 9676 7
14 15 30 8570 1
8 23 24 12852 1
8 20 20 11220 2
9 18 30 3300 5
5 17 29 1209 1
7 24 23 9309 1
12 17 22 6526 5
9 24 26 9427 9
13 19 34 1633 1
10 25 31 4625 1
11 19 32 11260 2
14 19 24 9324 5
9 22 26 10515 5
7 20 23 11379 8
13 21 25 801 1
11 16 20 5778 1
9 17 23 6486 3
12 18 28 6991 9
9 18 30 5908 4
15 21 25 1839 7
10 21 35 15555 5
11 21 20 1065 10
13 20 30 5122 6
6 23 31 13276 6
14 23 24 649 2
12 18 31 14542 1
5 18 28 3952 2
14 23 21 10084 4
5 17 30 6119 6
11 18 21 12222 6
6 15 24 10700 1
14 17 35 15150 3
12 16 24 9116 4
9 18 23 8737 4
12 15 29 3806 5
13 15 29 6742 8
12 18 24 869 4
11 19 27 1943 6
6 23 30 889 3
11 17 32 4180 3
10 21 26 6093 4
9 20 28 13894 2
11 25 33 10800 8
5 23 32 13948 1
5 24 25 7752 2
10 15 26 1106 9
14 18 28 10531 1
13 22 30 7463 7
9 16 24 316 3
6 22 33 11519 9
5 21 34 14001 4
11 19 35 10699 4
7 16 30 11325 5
15 18 34 4821 9
13 19 28 6763 4
7 18 27 3763 1
5 18 28 7947 7
11 23 21 10885 10
13 18 35 14782 10
13 25 26 7795 10
15 15 20 5351 3
7 24 30 11561 6
14 17 25 3712 2
9 22 27 10575 4
12 15 22 7192 10
9 24 20 12630 10
12 16 21 10654 6
13 19 34 2265 3
15 18 32 10245 7
14 17 30 7815 2
14 22 31 10893 3
14 24 27 535 6
13 23 24 10463 6
15 22 34 10178 9
10 25 22 10176 1
5 18 26 11162 10
14 17 20 8949 10
9 20 28 1564 5
7 18 22 5736 9
10 19 26 619 7
6 23 23 7261 6
5 22 21 4066 1
10 19 29 13661 3
9 16 35 14381 6
8 22 33 9911 7
6 20 21 7917 1
11 18 28 3612 3
