350
8 20 27 10566 2
5 21 22 13584 3
13 19 28 16705 10
15 25 33 13927 8
12 25 20 1232 6
11 23 26 18256 2
10 21 25 10398 9
11 19 22 16867 7
6 21 21 12518 5
15 18 33 9113 2
15 23 32 23202 7
9 22 29 12061 3
8 20 31 14987 8
12 24 32 4907 7
7 15 25 1050 10
14 22 33 9285 2
6 18 34 8007 2
13 23 35 19233 2
11 25 24 6891 7
9 22 27 12471 10
5 20 30 8855 2
6 18 24 6998 5
6 23 34 6926 2
10 20 26 11094 10
10 23 35 18228 2
9 20 27 12652 9
12 21 26 10107 9
10 25 33 2588 7
15 15 22 2032 3
12 20 20 7784 8
11 15 35 2673 7
15 22 23 2458 3
8 17 25 10503 1
6 25 35 15932 8
7 15 29 5542 9
10 19 25 8828 7
10 20 23 3316 7
13 16 23 10214 2
8 18 22 12084 1
13 16 22 16698 8
5 23 20 4015 6
8 17 21 2930 9
12 18 33 5017 8
12 25 29 637 6
15 24 22 6599 4
9 22 29 14488 7
10 17 28 16659 9
8 21 35 22208 2
6 16 31 17118 2
8 21 28 12726 8
8 22 22 2117 6
15 24 23 6278 6
10 18 24 17264 2
13 19 30 6535 4
14 16 34 6982 10
11 19 24 17453 7
11 15 32 13925 7
12 16 21 4088 1
10 24 20 12252 6
6 22 32 9567 3
10 19 25 3308 3
13 21 26 4802 2
8 15 24 15304 10
12 25 25 4313 2
11 25 24 17382 1
12 23 32 23296 4
10 18 25 16166 4
6 16 28 9678 5
5 18 33 2225 4
14 17 23 15595 2
9 15 34 19132 4
14 21 23 8822 8
5 15 31 6944 4
13 19 26 17174 10
7 24 22 17230 2
9 20 34 11315 9
8 15 20 7059 5
9 19 22 17129 9
5 24 25 5501 9
15 16 23 13833 8
11 21 26 1928 10
14 21 21 17962 4
6 25 20 3710 8
13 18 22 5294 6
15 24 28 6706 3
5 15 32 17689 9
7 17 25 15921 6
10 17 34 3119 7
14 19 33 5041 9
9 15 30 4446 10
6 17 28 14112 4
15 22 30 5762 9
12 24 26 7994 9
11 19 29 12660 8
13 22 33 20034 7
11 23 35 15323 5
8 18 23 16170 4
15 19 33 4105 8
5 20 21 8098 3
11 24 23 19852 3
5 19 34 5442 4
6 17 33 18685 3
10 20 29 14899 6
7 24 25 6557 10
15 23 28 14544 2
12 23 30 5013 1
10 19 20 4488 2
15 16 29 6412 6
13 16 32 8433 1
7 19 34 18250 10
8 25 20 13730 7
10 15 33 16809 8
12 15 28 2771 4
13 24 29 2733 5
14 22 29 13566 7
9 16 27 6765 6
7 18 32 14998 8
5 21 31 12525 9
9 24 27 19558 1
14 16 28 11397 9
8 22 22 15801 5
13 19 21 12153 5
7 15 21 11438 4
6 17 32 18887 7
14 17 24 8312 5
14 15 23 852 10
12 18 34 7014 1
6 17 20 11522 7
6 15 20 7710 8
8 24 30 14625 7
6 22 32 4704 9
12 22 23 10282 5
9 18 31 9289 8
6 16 21 6051 10
8 16 28 12349 8
11 22 31 8925 10
13 22 32 6605 7
7 22 21 3254 5
9 20 27 16410 10
9 25 22 10306 3
8 22 22 10700 9
11 19 20 7907 5
13 18 34 22199 9
11 15 28 5672 1
8 24 27 10375 6
11 24 25 20099 10
5 20 28 10842 1
7 16 31 14682 2
12 18 23 14624 9
5 23 21 2230 5
11 15 20 3690 1
10 15 22 6581 10
14 19 29 19060 8
7 24 30 6003 9
5 17 25 15774 9
6 19 32 13308 10
9 19 23 9689 2
10 19 34 17429 6
7 22 26 11672 2
10 18 35 15230 10
13 17 30 4237 3
6 21 26 7966 7
15 19 20 5937 1
6 20 32 7647 5
12 25 27 6364 6
14 18 21 8517 7
7 18 20 1664 3
5 18 24 8969 1
8 16 35 19725 7
5 25 27 11988 4
13 20 29 21248 6
13 19 30 11541 7
6 21 22 2194 6
15 17 27 9229 8
9 15 24 8615 8
6 18 21 14695 2
15 22 21 11211 7
6 21 22 1858 4
7 20 30 6225 3
8 22 28 4136 10
13 18 30 3292 6
12 25 24 3321 3
14 22 33 9444 2
12 17 21 12486 5
14 23 31 16637 5
13 20 29 15111 10
13 19 29 19966 7
15 23 22 14776 1
12 24 25 6616 1
9 21 31 7188 9
14 16 32 18063 7
11 18 24 15993 8
5 22 28 13845 9
13 24 32 6941 4
13 20 35 15865 10
8 15 27 7760 1
11 17 26 8776 5
8 16 22 13293 3
12 24 32 11815 7
9 24 20 6007 5
15 15 33 7863 9
8 18 35 1082 2
15 23 25 13242 2
11 17 33 1195 4
15 25 29 13317 6
10 18 22 5665 7
8 17 34 10944 1
15 17 35 8862 6
13 22 22 6877 6
5 23 23 14878 5
6 23 21 16933 6
7 20 28 5666 4
15 21 27 15002 7
8 21 27 8966 8
5 23 35 14778 5
13 25 27 10012 2
5 16 27 2119 8
6 23 33 4604 6
8 18 31 18688 7
9 23 24 15194 10
10 24 28 15828 5
12 16 32 17131 1
5 16 23 8334 5
9 25 32 16809 10
9 23 32 3438 10
13 24 32 3689 10
10 22 30 9980 6
12 22 20 11628 4
11 20 22 11988 8
11 22 32 12224 9
8 19 27 10107 6
11 17 31 11028 8
15 24 31 8407 3
5 23 25 15207 8
14 25 30 8541 5
10 23 27 12728 2
14 21 30 20724 2
10 22 29 15049 6
9 16 25 14250 2
12 19 28 17555 7
11 22 27 8768 5
8 25 21 14060 2
11 21 31 7526 5
10 23 26 11031 5
11 15 29 1190 2
10 21 20 17506 7
15 16 34 21875 7
13 22 20 17640 8
12 15 23 548 4
5 22 33 11195 5
10 19 22 14885 10
11 17 30 6259 3
13 17 31 15748 1
7 18 30 17549 7
11 21 24 1338 1
12 18 23 12469 6
5 16 24 6935 6
10 17 20 6446 3
6 24 34 10321 8
15 16 26 17252 10
8 15 29 5066 8
6 25 20 11394 5
6 21 27 5828 6
5 20 32 7597 5
8 16 26 2862 9
15 24 34 7136 3
15 15 28 3568 1
5 15 33 12416 9
5 20 28 5194 7
12 25 21 14930 7
12 20 27 19710 4
5 17 35 2091 7
6 22 34 11086 1
12 24 35 13577 9
15 16 33 18452 3
7 20 34 11182 6
12 23 24 19625 9
9 24 34 11373 3
6 24 28 12884 10
9 25 20 13715 1
6 25 22 12529 2
8 24 33 2855 1
5 20 32 15357 10
13 15 34 4216 10
14 15 20 11765 8
15 23 33 18042 7
10 21 30 794 7
12 15 29 11497 6
14 19 20 6205 7
14 19 30 18564 9
5 21 25 5027 8
6 16 34 10708 4
7 22 35 7285 2
13 16 34 19632 4
12 22 28 21249 6
7 22 26 13714 2
13 21 27 12178 9
7 18 28 1539 6
10 22 24 6524 7
7 19 26 10777 1
15 18 24 4124 3
7 21 22 7869 9
9 20 22 9158 5
5 20 20 418 4
10 20 34 3854 10
11 16 28 12182 2
12 24 21 9150 6
8 15 25 6032 7
10 16 20 9011 7
6 17 32 3625 9
15 22 24 7525 8
11 24 23 8078 9
6 24 29 17560 10
7 20 23 10138 1
13 23 20 12986 10
15 24 22 20909 5
12 24 24 1773 6
10 17 23 1917 10
5 24 31 19001 6
12 24 32 23385 10
12 25 27 18893 3
8 17 31 16673 3
11 17 25 13438 1
11 22 34 526 5
8 23 35 9215 1
12 20 33 6608 1
12 21 23 12685 10
7 19 34 19648 5
14 18 27 5721 6
11 21 26 16568 4
8 15 25 1494 2
14 21 32 12656 3
12 17 29 17239 10
8 16 30 16352 9
7 25 22 1457 4
8 22 22 6755 10
8 22 28 9161 3
8 24 28 11273 8
14 19 21 18311 4
12 21 34 5509 6
12 17 30 1271 1
12 19 33 2397 10
9 25 28 20054 4
11 25 28 17257 4
5 17 28 1557 6
10 22 32 10342 6
5 21 34 9615 5
7 21 29 4154 3
14 25 32 2842 7
9 18 31 2076 5
