50
14 15 25 2426 5
10 18 24 2207 4
15 22 22 2778 2
12 22 35 2213 7
5 24 33 2299 10
6 25 28 2494 1
15 20 28 1567 10
10 16 26 2251 2
9 15 21 1256 5
10 18 31 468 7
10 17 34 657 2
15 23 21 1354 1
12 20 34 1268 4
13 22 26 1449 7
7 23 35 1888 10
5 25 33 772 4
15 16 23 1042 2
5 25 24 492 1
8 19 33 2996 3
8 15 22 2122 10
7 19 35 2211 3
9 20 28 162 1
10 16 25 2289 2
5 24 35 2055 8
8 23 20 907 3
6 16 31 133 7
13 17 20 1980 9
7 19 31 286 10
8 16 32 1227 5
15 19 25 2648 2
7 15 25 1887 1
7 19 28 2472 10
8 21 33 1828 9
6 21 28 307 8
6 23 23 2359 3
15 15 26 302 6
9 17 31 446 2
6 15 29 1717 5
12 17 21 2036 8
10 20 21 263 4
6 22 24 588 1
6 15 25 2094 8
6 18 30 1936 8
5 22 31 162 5
5 18 32 1197 4
15 16 27 735 4
10 23 34 2128 5
12 19 32 2754 3
8 16 30 405 4
10 18 24 1797 7
