300
13 24 35 669 4
13 20 28 2535 10
15 24 29 8608 10
7 15 27 7161 2
10 23 32 18992 5
14 23 34 12371 9
9 25 35 9025 3
10 23 21 7978 6
6 21 26 7795 6
15 22 28 15852 10
6 20 20 13077 9
5 25 35 10304 8
8 21 21 1382 6
10 18 33 18151 8
10 19 21 11982 7
13 23 22 10529 1
14 20 35 20118 6
8 24 22 2963 10
5 24 23 9413 5
12 18 25 3917 8
11 23 34 18919 7
13 20 32 2625 6
14 18 22 7357 7
8 19 24 10216 6
10 21 34 6522 8
15 19 27 10463 8
14 23 21 693 8
14 17 32 17136 7
7 21 35 2555 3
15 20 24 14413 2
7 20 27 12749 8
12 20 35 19070 5
12 25 21 10490 10
11 20 21 14324 1
5 16 29 545 10
5 16 21 1556 2
6 15 27 5005 10
8 16 30 3557 4
6 21 26 1118 2
7 15 35 7201 8
11 16 23 6478 1
13 22 22 7516 6
10 16 22 12945 8
12 16 29 5818 3
6 16 26 895 5
15 23 25 13584 3
6 18 31 14153 8
14 24 25 9544 4
8 20 23 14262 10
14 20 25 745 6
6 23 25 6158 9
7 23 22 14059 10
13 15 34 13010 7
14 18 23 9577 7
14 25 22 10874 9
9 19 21 5967 5
11 16 27 6418 8
5 19 28 14444 9
10 17 23 4269 8
7 16 21 12569 4
11 18 22 10265 7
5 22 32 12967 6
8 15 30 7763 8
15 15 25 16391 5
15 16 28 12612 2
8 17 28 11086 10
6 19 34 11615 9
12 18 20 11479 7
6 22 22 6330 7
9 19 22 11771 9
13 22 28 3931 7
8 25 27 14985 10
13 23 23 8819 3
8 21 26 4668 10
9 22 35 4237 1
14 18 29 9745 2
12 20 33 14307 8
7 25 33 13945 9
12 16 34 830 1
10 23 28 16619 10
13 19 24 658 1
7 23 21 15087 10
7 17 35 2232 2
12 25 20 14917 10
12 17 30 12744 1
10 15 24 1404 6
5 19 20 1703 1
8 15 32 16138 7
13 20 22 4362 2
12 24 35 14014 3
5 22 29 3230 6
11 18 25 6871 1
6 23 34 14811 6
12 16 22 6356 8
12 15 34 13439 10
14 17 26 3720 6
12 21 21 2714 2
8 15 35 5592 1
11 19 26 1222 2
14 22 24 17267 2
13 17 28 4154 6
14 24 21 1573 8
8 24 26 14535 9
8 18 31 8513 7
15 16 30 1823 8
14 21 24 3209 5
6 15 33 4607 7
5 22 23 4155 9
13 23 34 570 8
6 24 27 9354 5
13 23 34 7467 2
10 17 32 9085 6
9 24 26 4830 8
6 20 30 10306 9
10 24 33 693 9
13 24 34 13220 3
12 15 22 2183 7
9 17 22 2450 3
15 19 22 7177 7
14 15 24 5248 3
10 19 35 9001 8
10 19 33 8225 2
8 23 32 8486 10
7 20 29 12204 3
10 16 21 8535 6
13 16 27 8969 10
6 20 24 3134 4
12 19 33 8028 3
6 21 24 12628 7
5 22 33 9319 7
12 25 23 3419 6
9 15 34 14018 1
5 15 21 8764 9
6 18 21 1921 9
11 22 28 8064 6
5 22 35 8974 7
13 24 30 14869 3
9 17 29 15893 7
15 20 32 6151 2
9 21 29 6502 3
6 16 35 6225 10
6 18 21 1385 10
10 16 27 13503 9
9 18 25 10406 6
7 20 29 413 8
15 19 23 10742 6
12 23 31 15229 9
10 21 32 3448 9
10 24 26 17477 10
10 15 31 13158 1
7 15 35 5096 7
15 15 20 4749 5
11 19 27 15300 10
10 16 27 14221 7
5 18 28 13925 6
6 17 28 6242 5
15 19 33 1165 1
13 21 34 19973 9
13 19 24 15742 7
6 24 29 457 2
11 21 30 14386 1
15 17 35 14550 6
8 21 24 7750 5
7 22 30 16279 10
6 21 23 2818 1
12 22 23 11999 8
8 17 23 4258 1
7 19 23 12728 10
15 23 28 7227 8
8 22 28 7052 4
13 20 20 4914 5
9 22 32 8484 10
13 19 26 7984 4
15 19 31 17814 7
11 20 24 12327 3
13 20 23 3622 1
8 16 26 2773 5
5 20 30 10335 3
5 22 24 354 9
8 23 28 2724 4
5 19 29 6780 8
9 23 32 3810 1
8 21 29 6748 10
13 17 25 6870 10
10 15 24 7488 8
15 15 28 10362 6
5 20 35 11931 5
15 20 30 7390 1
7 25 31 10752 9
6 19 34 1892 4
7 21 34 11909 7
15 22 35 4240 10
10 22 31 3427 1
12 17 20 12959 9
10 15 27 3130 9
7 18 21 803 5
5 22 32 15310 7
8 17 33 4431 9
11 15 30 16521 4
5 15 22 6136 10
8 21 34 17787 2
11 22 33 14327 4
7 24 26 13525 1
6 21 23 13926 8
9 18 26 997 10
8 23 22 8522 2
13 16 28 4237 3
9 17 28 1087 3
11 22 34 13046 7
13 19 33 18301 5
7 20 31 3037 4
13 16 27 9668 4
7 19 34 17950 2
15 15 31 1953 1
5 22 24 4165 8
7 21 29 13338 2
13 17 27 7287 9
8 17 20 1485 10
15 24 23 15870 6
13 25 32 19535 5
9 19 26 7672 5
10 17 33 8017 6
10 24 30 11329 4
8 16 21 4489 8
10 15 31 1740 9
9 15 25 938 8
10 17 26 13914 5
9 24 35 1899 3
14 19 25 4999 5
12 21 31 16032 7
5 23 25 5663 10
8 25 24 5354 10
7 15 35 548 2
7 25 26 3684 9
12 23 23 886 4
5 17 24 13498 9
13 22 22 7715 9
9 23 23 7309 1
11 18 32 14056 7
8 16 27 12317 5
11 21 31 17785 5
9 18 21 3463 8
13 19 23 5309 7
15 16 29 12680 8
5 16 23 5115 6
5 17 27 6433 1
11 24 24 4691 9
15 19 32 6978 5
12 23 34 15261 2
9 19 23 11861 5
8 22 35 17188 4
15 22 24 13295 2
9 15 33 10346 8
6 21 23 2940 10
6 17 25 4765 6
5 17 29 14332 7
14 15 31 4185 9
6 19 20 12861 8
10 17 20 11525 4
10 23 33 14530 1
13 24 35 17973 9
14 24 28 19348 1
14 20 25 3785 5
7 20 20 5701 6
15 20 28 2080 4
5 19 34 4465 7
9 15 23 6341 1
13 22 34 10252 8
11 21 27 1001 9
10 18 34 16991 8
6 25 27 7693 9
14 22 22 3447 3
13 15 27 8186 3
8 24 31 10538 5
12 23 29 15196 6
14 17 35 19579 3
12 20 32 879 9
9 15 24 14390 7
8 23 34 14265 2
7 20 35 11965 3
13 23 33 17883 4
11 23 25 5877 9
13 23 22 15818 8
14 17 32 6797 7
14 19 20 8934 7
6 20 32 8286 5
5 18 28 2987 1
10 15 25 2472 5
12 23 28 11918 4
10 25 32 11334 3
9 19 24 1427 7
5 25 20 11284 5
13 25 24 480 6
11 22 23 13924 3
10 24 26 7302 10
14 23 21 373 2
5 16 30 8948 1
15 19 22 9367 9
6 15 32 8993 9
10 18 27 6549 1
