450
15 19 27 19171 9
15 21 23 24117 8
9 15 28 20667 3
9 21 33 13182 6
13 21 31 26531 7
13 25 35 22693 1
6 23 25 10736 3
5 19 21 18864 2
8 22 29 1438 4
13 18 24 7479 8
14 21 31 5604 4
10 23 33 23250 1
15 15 23 20077 10
8 15 32 4390 4
13 24 23 21899 1
15 19 21 3684 6
5 18 34 17389 7
10 19 32 15375 2
15 19 28 14524 1
11 17 32 24548 7
14 16 34 24928 4
8 17 27 17805 9
7 21 32 20988 2
15 15 22 22984 4
11 24 23 15287 9
10 16 22 16187 3
11 17 28 7703 3
13 20 33 2216 6
15 22 21 24419 7
9 17 21 19250 8
5 22 29 1949 6
9 24 25 9672 4
11 16 32 817 6
5 22 23 14766 3
10 17 26 2132 8
7 21 28 10889 8
14 24 33 16812 8
8 16 26 727 8
10 19 35 21548 6
15 24 27 11315 3
10 17 35 12196 4
9 22 24 781 6
11 19 26 14648 10
11 19 21 12012 8
14 23 21 21903 8
5 19 33 4362 5
8 25 27 12215 9
14 24 24 18878 2
5 20 31 16837 10
9 18 32 7098 5
9 17 31 13913 8
7 25 22 2724 6
6 17 23 9668 7
6 18 31 522 9
5 25 27 13580 9
15 22 21 24857 4
12 24 24 22575 7
13 24 35 10511 10
6 22 30 16692 4
7 22 20 8565 3
5 24 35 28617 2
13 15 28 2254 7
13 15 25 11104 9
12 25 30 24904 8
6 20 25 4770 6
11 17 35 27219 1
14 20 20 11094 1
12 22 35 23905 8
7 21 32 982 2
15 15 28 25697 4
7 24 23 19506 5
6 25 28 21765 5
5 21 24 8786 7
6 21 33 5383 7
14 18 29 12534 4
9 20 30 20373 1
13 24 21 7934 2
10 15 34 20740 5
6 15 25 2748 3
7 17 33 18211 8
14 20 31 1838 5
12 22 31 9037 3
7 15 30 16939 2
15 20 30 15186 7
8 19 27 10861 2
13 16 31 621 3
6 23 26 12505 7
8 22 33 8660 4
10 15 32 19512 6
13 17 24 8635 4
9 19 31 2726 6
9 23 33 27591 1
15 20 24 15390 8
15 24 32 19013 7
9 18 28 8589 3
9 15 23 13074 3
12 15 22 17585 9
6 21 28 2171 2
6 25 26 4982 10
10 23 25 11747 2
8 25 34 15139 5
9 25 33 14423 4
9 23 28 3851 7
8 23 27 18828 3
13 19 34 8426 7
13 22 30 16111 7
12 19 22 21445 10
10 17 26 8789 5
9 16 23 11403 1
8 17 28 7151 2
5 17 28 12888 10
8 24 27 23961 4
6 17 33 21606 10
11 25 27 10144 2
11 23 35 29402 1
8 15 28 21643 4
10 15 22 3134 2
9 15 30 10183 7
6 21 26 10526 4
5 20 34 4951 7
14 17 32 1662 8
8 23 35 12803 4
10 20 25 17597 3
11 25 21 20025 3
14 15 32 22433 8
5 25 33 15465 7
7 15 30 12472 5
11 19 24 7457 1
11 18 29 6578 10
5 22 28 16153 1
8 20 34 9307 8
9 23 25 7813 7
7 16 20 9014 9
15 16 31 15143 6
7 19 26 5304 2
6 21 23 11805 6
15 22 25 20894 4
14 22 23 15743 10
5 25 20 1033 9
15 17 32 8021 7
6 19 35 7455 1
12 22 22 23258 3
14 24 22 20655 5
10 24 28 10678 8
7 16 26 8876 2
6 24 30 11867 10
8 19 25 19767 1
15 15 32 15904 3
10 21 23 22536 2
8 18 26 15241 5
8 25 26 26486 10
15 15 33 6394 4
7 24 34 26800 9
10 23 28 26851 10
6 24 22 4489 9
10 18 25 8852 10
6 18 29 6407 9
13 24 27 4467 4
11 20 27 10253 5
9 22 22 18212 9
9 21 31 19715 9
12 22 24 22780 1
15 18 34 29906 9
10 17 35 26919 5
15 18 34 1218 3
14 17 28 25438 10
13 22 26 21539 3
8 19 34 12201 3
8 24 21 3050 10
5 18 29 13168 6
14 20 32 9663 5
11 19 21 4647 7
11 18 28 23009 1
10 20 29 5667 5
8 20 27 3822 10
6 25 20 1368 8
6 21 20 9462 7
15 18 26 1287 10
11 20 34 5971 6
14 24 27 10931 10
10 23 28 26710 7
14 21 34 13077 6
9 24 20 1001 2
8 20 26 7215 9
6 23 23 18256 3
11 21 24 22802 9
11 23 26 21899 8
10 16 24 15828 10
12 24 24 26093 6
14 16 35 2011 2
10 16 22 15787 9
7 16 30 19038 1
13 19 32 28509 6
5 19 23 9234 9
10 19 23 17431 10
14 21 34 16605 3
8 20 26 9834 6
15 22 26 14506 5
5 16 27 20192 4
13 16 32 8023 5
13 25 29 14781 9
11 16 33 1533 2
15 15 33 7519 7
7 15 35 12216 5
14 22 28 23967 4
5 17 25 20850 10
5 24 22 20920 5
8 25 29 6599 3
5 21 23 20346 9
5 22 34 27141 6
15 19 26 1750 3
15 23 33 1390 3
8 16 32 2828 1
11 17 20 20032 1
14 19 32 8097 5
7 25 28 5534 2
10 25 28 14109 10
9 21 33 3783 4
6 16 27 11917 7
5 17 32 21457 6
11 19 26 1103 1
5 25 33 27280 1
14 23 33 13715 8
10 24 35 26786 10
10 19 21 6106 5
6 20 21 13016 7
5 25 26 7367 5
10 23 32 12405 8
10 22 34 18321 5
6 22 24 21825 2
7 20 28 16079 4
8 22 27 3716 8
6 22 22 6828 7
12 16 30 9959 8
15 18 35 27633 4
5 22 34 14171 1
8 23 31 6024 4
12 19 27 22019 3
14 20 31 9351 6
14 16 27 25191 9
10 15 34 19256 10
8 15 21 6144 7
14 15 27 14158 2
7 21 27 8301 4
8 16 32 21989 8
5 23 27 18279 1
8 25 28 17829 3
6 24 20 8408 4
11 23 23 7944 3
14 25 21 1209 6
13 17 34 15862 7
9 16 22 1564 3
9 22 22 5648 9
9 19 35 22481 1
6 22 28 24157 8
6 20 33 9192 9
13 20 23 9185 9
12 23 27 19181 5
14 18 30 22880 5
14 15 21 554 5
12 18 25 11696 8
11 18 30 5327 10
8 23 31 13086 7
15 23 30 29829 6
6 19 29 14004 8
9 16 27 6725 5
12 24 25 25064 1
12 23 33 28272 10
13 18 20 17228 8
15 25 20 9899 3
7 16 21 3716 4
8 18 34 26456 1
9 21 26 18053 2
10 25 25 18120 7
15 23 20 1179 7
8 16 25 735 6
5 18 30 10051 2
8 15 34 10567 2
10 17 27 953 2
14 25 21 25342 10
8 20 33 2036 2
11 15 23 20610 5
14 24 31 24452 4
13 17 32 25280 10
5 19 28 2544 9
5 17 30 17975 8
12 20 26 19887 10
12 21 22 13552 10
7 24 23 2533 9
7 16 20 6766 8
10 20 26 20990 7
7 16 22 12338 8
5 18 29 5302 2
10 23 25 14180 4
9 25 29 8425 4
8 21 21 10926 4
14 24 23 8832 6
13 17 24 23262 9
12 16 29 20872 7
7 22 24 13510 1
12 15 22 13735 7
10 15 30 9447 1
6 15 31 19144 4
12 25 27 3032 10
7 16 21 16939 4
6 22 30 7303 8
7 20 35 3270 3
6 15 31 16204 4
10 23 33 9169 3
13 24 20 4441 10
14 20 20 14865 4
11 22 21 18246 2
11 16 21 7013 6
7 23 29 14638 10
6 22 21 6028 10
6 22 35 16059 7
8 16 23 3578 5
11 20 32 26799 5
12 19 29 10238 5
11 24 33 15037 4
14 23 24 5226 7
7 17 25 5620 7
14 17 29 15758 1
12 23 33 16340 4
9 24 29 18480 3
8 18 29 23370 8
9 24 29 26669 4
12 19 34 6379 9
14 21 24 8178 8
12 20 22 22918 6
7 19 32 23868 5
13 18 22 504 8
11 22 35 8682 4
10 15 20 17477 4
7 16 27 6748 2
12 23 29 5584 5
5 24 32 7319 3
13 22 26 14405 6
9 17 25 14632 10
11 16 28 7742 1
8 20 26 992 6
10 22 35 3553 8
8 17 26 5954 9
6 17 34 14601 9
15 18 26 21556 6
7 24 31 14809 2
5 16 21 17297 9
11 22 20 20122 9
14 19 24 8840 5
5 15 25 9197 10
7 19 23 7343 4
7 23 21 2664 9
11 25 23 10307 9
15 15 34 23091 2
12 21 24 24616 10
13 17 20 21306 7
8 21 27 1423 6
14 21 25 20262 9
5 22 21 6698 4
13 17 30 17087 4
6 22 30 10643 7
15 15 25 13841 5
14 25 21 12106 6
5 20 34 2326 4
6 19 33 18166 10
14 22 25 6444 5
5 16 31 21172 8
6 22 29 4917 4
15 19 34 15659 4
5 25 22 1147 1
15 15 21 9041 10
11 18 32 17147 5
6 23 28 10491 1
11 23 22 17849 10
9 23 30 12763 4
15 18 33 29169 1
15 23 32 10487 9
8 21 27 17788 8
11 18 24 14914 8
12 18 26 12090 8
7 22 31 6880 9
14 19 30 23552 9
8 21 29 1065 3
14 22 23 22259 9
7 18 24 11669 7
13 19 33 2481 6
14 23 21 10203 10
5 21 27 18680 1
12 18 31 915 6
9 25 23 1420 7
13 18 34 24634 7
15 22 26 10080 9
5 16 33 14491 2
6 16 24 5258 6
10 24 25 1341 8
10 20 22 20775 2
8 20 21 9530 6
14 21 34 4448 2
7 22 23 7770 8
15 23 30 9639 9
8 15 22 18496 3
5 24 29 4365 4
9 19 25 19987 1
15 15 30 3392 6
7 20 21 12135 2
11 17 28 15611 3
11 25 25 7463 3
9 24 30 12818 4
7 17 22 16383 9
10 16 28 18772 7
8 16 31 21508 9
10 25 21 17921 4
12 19 26 6595 4
6 17 27 896 10
15 18 30 12818 7
6 20 25 771 9
15 16 23 18877 4
11 21 26 22483 2
13 20 33 22171 4
7 20 21 3951 7
15 15 31 12904 6
14 22 23 3843 5
8 25 28 16302 2
9 25 26 11418 4
7 20 23 5471 4
9 20 23 8992 5
13 25 22 4823 5
5 16 21 8602 7
5 15 34 18904 5
6 17 28 20978 8
14 23 28 6006 3
6 17 23 13860 6
8 19 26 22687 5
5 22 27 23629 6
6 16 30 9685 8
5 23 34 9764 5
15 19 28 11697 3
11 20 30 17076 1
12 23 32 28012 3
7 15 29 13911 8
13 17 26 22652 2
9 17 29 12103 6
11 15 27 5191 7
6 23 33 19226 5
11 16 24 20126 10
12 17 31 16146 8
10 21 31 16184 10
8 17 34 11395 2
11 22 33 19843 9
7 18 32 17419 4
