200
5 24 31 2263 7
12 16 35 4926 5
14 17 21 5420 4
12 23 21 1017 10
15 22 23 9665 5
12 20 30 3674 10
6 23 22 2125 7
6 18 35 9467 3
13 23 21 4830 3
15 22 25 10696 4
9 24 33 1554 5
15 18 27 6733 10
15 18 27 9709 8
10 15 27 5348 3
15 16 23 3790 1
11 20 28 6979 3
15 15 25 6309 2
7 15 28 6831 1
14 15 33 961 2
9 15 24 7002 1
13 21 26 5315 10
5 18 21 8151 2
10 18 25 6915 2
10 23 33 10275 4
15 24 20 10430 1
6 18 27 737 7
11 19 32 3705 10
12 24 24 1911 9
10 17 31 2057 6
7 24 21 9187 7
7 22 30 5123 7
5 18 30 9465 1
8 18 25 8993 1
5 18 25 524 9
15 18 28 6374 2
6 25 27 2348 10
8 18 22 1604 7
7 17 27 8652 10
12 18 33 10596 1
14 17 34 827 3
11 20 35 403 7
8 15 32 1102 4
8 22 31 4471 3
12 16 34 558 1
7 15 29 8552 6
5 19 31 1651 2
11 20 26 1821 1
12 24 32 9340 4
12 18 35 2915 9
5 23 33 9358 10
15 17 29 11076 3
8 22 21 847 3
5 18 26 1411 6
10 20 33 9849 5
9 15 24 1838 4
6 15 28 2928 6
6 21 20 4057 7
10 17 22 1333 5
10 17 30 10432 2
8 17 25 9111 5
15 17 35 7976 4
15 17 35 12523 4
7 25 35 9658 3
7 15 31 8004 2
10 16 23 5194 2
6 22 23 997 8
14 20 35 12575 6
5 25 24 497 2
14 16 20 495 10
13 20 29 1643 4
7 22 32 7093 1
14 16 29 3033 6
11 25 25 1009 1
13 19 20 7734 6
14 19 32 11358 10
15 23 34 10533 2
6 18 34 6965 5
5 19 32 8705 9
5 20 28 5459 7
12 25 27 10912 1
12 22 31 8295 5
13 17 34 8262 9
9 24 20 9575 10
6 16 30 3591 4
15 19 35 2280 5
7 22 33 11044 4
13 15 24 2520 8
6 20 31 2773 5
10 24 31 11887 1
15 15 24 8521 10
13 17 28 4393 5
8 23 23 8433 4
9 19 29 1453 3
8 21 32 5711 5
11 25 23 1674 8
8 17 28 8591 2
7 23 22 543 8
7 20 32 3418 9
7 24 26 7002 6
12 25 20 11293 3
6 15 20 4019 7
10 19 21 7968 3
5 23 22 5807 1
7 16 30 1139 3
12 20 20 4072 1
13 15 25 1821 9
6 17 26 8705 4
10 20 33 3665 2
13 15 29 2086 1
5 21 23 8528 9
14 20 35 6883 5
14 19 34 7443 3
15 24 20 1807 1
14 15 21 8906 10
7 19 26 7145 5
8 22 30 6230 7
13 24 26 3105 7
6 15 32 3074 6
15 18 22 10575 3
14 18 23 10161 4
14 24 34 5413 2
5 21 22 1642 1
10 24 30 10694 1
6 25 23 9966 4
12 19 27 1816 5
8 25 26 2884 9
6 17 35 3093 9
5 16 24 301 3
13 25 29 6997 5
10 22 33 1135 2
12 24 24 3682 1
9 20 24 8405 4
15 21 23 8194 10
11 20 30 8150 2
14 24 33 6279 2
5 24 22 4127 8
6 24 30 11324 2
6 18 33 11350 7
8 22 31 11084 10
15 24 25 7461 10
9 24 23 7990 2
14 25 20 11180 10
7 23 33 3565 8
10 15 24 5522 3
9 17 34 5247 10
12 22 20 4228 9
11 21 24 2121 6
9 18 31 5652 7
13 21 23 9954 10
7 19 34 9406 10
12 22 22 6966 9
8 15 34 7401 10
9 21 25 10093 10
15 23 22 6454 8
6 19 24 3141 5
6 22 32 2564 6
12 19 34 874 2
7 15 20 3460 3
13 21 22 6561 4
7 19 33 7241 9
5 25 34 8492 2
6 24 28 4987 4
8 21 28 7820 9
14 16 29 4057 6
9 24 23 6200 7
7 17 23 3587 6
13 17 23 3561 4
7 15 33 589 10
11 16 23 5448 3
10 16 22 3968 2
6 24 33 7947 2
13 17 32 718 6
7 17 25 3168 9
11 15 33 9219 3
5 15 23 7647 6
15 15 27 7225 3
6 17 26 7714 2
15 20 21 4991 8
6 17 29 3399 5
15 23 32 4195 1
11 19 30 663 9
8 25 29 10636 6
6 24 29 8241 10
9 16 29 9546 10
9 22 29 3178 5
12 21 30 2321 9
6 18 33 9305 2
13 23 32 9246 2
6 16 26 3961 1
14 23 20 5765 7
14 19 29 378 1
15 19 34 13156 10
5 16 25 6298 1
13 23 28 7627 10
13 15 35 5210 9
11 17 24 6277 9
6 19 24 6355 8
5 24 34 6246 9
6 24 24 4519 5
15 16 29 4200 1
