500
8 19 33 8252 1
6 18 33 21344 10
6 22 33 30473 8
14 21 22 1717 7
13 19 26 13847 10
12 16 26 11310 4
7 17 32 25534 8
6 22 29 20157 4
5 18 34 14287 4
8 25 23 645 5
5 25 31 26881 10
7 17 25 18285 6
14 21 34 24119 6
5 24 24 2716 4
15 19 31 17794 2
11 24 35 5976 4
10 23 27 14069 3
11 25 20 25818 9
6 18 34 23506 1
11 15 24 19264 7
15 15 29 5953 2
9 25 20 13341 10
8 22 22 12886 7
14 20 25 21032 6
7 22 20 6165 3
10 17 35 4560 10
6 21 26 6904 8
15 16 31 23266 6
9 17 21 7990 1
10 24 23 25851 4
5 25 28 6565 8
14 23 21 15642 8
14 23 21 20137 7
15 15 23 1190 3
11 21 30 8783 4
10 22 27 19790 7
7 17 24 19189 8
9 20 32 27204 2
9 24 28 25497 3
7 23 24 22400 3
15 20 35 23101 3
9 21 22 14882 7
6 25 34 6662 10
12 21 34 21242 10
11 19 28 3973 8
10 20 30 2222 6
7 24 25 3284 6
15 19 23 913 5
7 15 24 8193 9
6 16 25 5174 8
12 25 22 21847 9
6 23 24 913 5
8 20 33 4145 5
12 21 28 10405 6
10 16 29 10842 2
7 24 31 23055 1
5 15 32 5109 5
12 18 25 15377 4
11 24 24 26967 5
15 21 29 10259 5
10 21 35 20961 6
10 15 23 17985 10
13 23 27 17808 1
13 16 32 27533 4
7 19 23 12395 1
8 20 24 22838 3
8 16 21 12200 8
13 25 28 15758 5
12 25 32 27522 1
15 20 25 11834 6
12 23 35 34391 6
11 15 31 12771 9
8 24 30 783 10
8 20 34 10072 1
10 24 22 13676 5
13 18 25 4768 4
8 23 20 20542 4
12 20 27 19865 6
11 23 32 16565 4
8 21 29 21728 8
13 21 30 27073 7
10 15 23 20248 9
8 23 26 17465 3
7 20 20 4455 6
13 17 28 10921 5
5 23 29 14230 2
5 21 28 13043 8
6 21 22 12376 2
13 24 28 29209 3
13 15 31 17015 6
9 24 30 16975 7
14 19 30 15340 10
12 22 25 26037 2
7 20 34 10727 3
5 21 30 11187 7
9 22 22 21977 7
5 25 29 24163 10
6 16 24 19802 1
5 18 27 2882 1
13 16 27 23120 2
9 21 23 16772 4
5 20 24 19844 5
6 20 21 7831 8
7 25 25 19524 10
6 23 26 18756 6
13 17 28 4053 8
12 18 23 14951 4
7 19 29 26808 5
10 18 30 10349 10
7 24 26 11369 1
8 25 21 7173 3
11 21 20 3352 3
14 18 24 16748 10
7 22 26 1162 6
8 17 30 25428 1
9 18 27 8102 3
13 25 29 24562 10
5 18 23 3859 6
6 19 32 28149 2
7 21 29 13797 2
11 20 34 9708 9
12 16 25 1294 6
15 18 23 20648 7
9 18 21 14140 4
10 19 24 20273 4
10 17 30 7154 1
9 17 33 11342 6
11 18 28 12996 7
15 25 20 24527 4
6 18 27 8288 6
6 20 24 24632 7
15 20 32 26431 4
12 20 23 18992 6
10 22 29 18287 8
11 24 20 25657 5
5 16 26 16118 7
5 15 34 6999 10
5 19 33 14658 7
8 20 28 7035 7
13 18 34 13950 10
5 25 21 6135 9
6 19 34 26202 9
9 18 21 15267 8
14 18 33 21554 1
7 20 32 5473 6
15 17 29 24868 4
13 18 32 6267 8
14 23 26 19566 10
5 21 25 2150 7
9 23 31 16507 9
7 17 28 3085 1
13 25 28 9525 9
10 15 31 5260 8
6 22 20 15724 3
8 24 26 17177 10
10 16 25 12087 8
10 19 27 6782 6
6 24 33 4771 10
10 25 32 13101 9
15 15 20 22130 3
6 25 32 23360 5
6 17 31 26319 1
5 23 27 15641 6
5 20 31 9119 10
10 15 29 2078 5
13 24 32 15588 5
6 20 34 24935 10
6 23 30 20524 4
9 23 32 30246 4
14 22 31 21156 5
5 19 29 9078 7
9 18 21 16067 4
7 20 30 12300 4
11 18 34 19276 3
15 17 30 24504 6
12 20 33 27510 2
5 25 21 21541 2
14 25 30 30950 7
11 15 28 7434 8
8 24 33 26235 4
6 23 20 16424 1
13 18 24 18531 1
7 18 31 18737 6
10 16 28 8545 2
7 21 33 2894 2
10 20 30 5239 5
6 16 22 2195 7
14 18 32 14799 6
12 21 31 6393 2
14 19 25 14064 4
12 21 31 16166 3
6 19 32 21788 1
10 24 26 4903 5
8 20 23 3462 3
12 18 24 6878 10
8 23 26 26809 2
13 19 24 14845 9
12 16 25 10247 1
10 16 25 1419 9
7 16 24 5420 2
12 24 28 731 3
8 18 20 547 1
6 18 30 6180 2
7 19 22 7014 1
15 22 33 15112 3
9 22 27 22355 6
9 21 34 17236 2
10 25 35 24184 3
15 17 22 14685 2
12 25 24 1813 9
6 21 32 4375 8
13 18 20 8186 3
5 17 33 25407 2
10 22 22 17385 10
13 19 31 19280 4
10 15 26 15746 6
14 22 33 23082 2
9 16 34 16711 1
5 21 26 17699 6
15 20 21 13057 7
15 18 35 6686 9
6 20 28 12131 5
7 25 27 15742 10
5 20 31 22426 7
12 25 32 11282 8
12 20 21 1707 1
7 24 25 12107 5
11 24 34 11473 9
12 23 35 18768 10
13 23 32 24815 1
12 25 34 29639 5
14 25 32 28100 2
5 20 27 21181 1
8 20 21 14125 5
12 18 25 5767 8
15 19 29 29593 2
8 19 24 5293 1
12 24 31 31179 8
14 17 25 20590 5
12 17 27 1389 2
13 15 33 8989 10
13 19 27 9217 8
11 23 20 4459 6
11 23 30 578 4
9 25 25 17153 2
7 22 27 1148 3
5 18 20 17543 6
14 22 26 5629 10
14 18 20 3290 8
6 25 23 24533 4
7 15 24 807 10
13 23 24 6898 3
5 20 22 9406 7
12 18 23 7350 7
7 17 29 4240 3
11 21 33 19520 10
8 15 29 1072 9
6 19 22 8677 7
15 20 26 30394 3
14 22 23 11952 10
15 19 35 20326 9
14 22 23 2847 6
8 19 31 28994 10
11 18 33 9483 9
10 16 32 5612 4
14 21 27 18758 3
13 23 29 20737 1
5 22 33 18322 3
6 22 24 19605 3
5 15 33 22212 1
9 15 20 13023 8
15 25 28 28957 9
15 22 31 28099 1
10 24 28 8472 6
15 16 31 29129 10
9 21 22 3436 10
15 16 22 13956 7
12 19 33 1481 1
14 16 25 14931 1
13 19 27 1265 8
9 21 27 8628 1
9 16 24 12189 4
10 15 21 7410 7
7 24 27 6173 6
5 21 33 20827 10
11 17 35 25568 3
14 23 31 26670 3
7 21 20 4458 10
8 19 20 1255 3
14 15 31 13231 9
11 25 35 16384 6
6 16 22 19005 10
15 21 34 10850 2
6 24 32 3779 4
5 18 26 2417 4
13 16 33 14111 8
7 16 30 25690 4
8 20 22 10076 9
12 20 30 10559 4
9 24 30 21892 1
8 18 26 9221 10
13 17 21 19714 1
13 18 33 18041 2
15 25 35 4122 1
7 17 24 17175 10
12 25 32 30304 5
5 16 32 4116 10
12 23 24 1681 2
13 21 33 6190 6
7 23 33 13437 7
12 19 21 19441 9
7 23 23 14360 10
10 25 26 9637 6
6 17 29 2044 6
13 15 29 7047 9
13 20 31 23891 7
9 18 23 20837 1
5 22 21 14019 4
15 25 22 2765 3
15 24 25 18405 6
8 15 22 14087 1
7 18 22 3876 2
7 19 25 12154 9
9 17 28 10787 1
11 20 26 25891 1
6 22 25 15099 5
14 16 21 9667 1
14 25 31 25438 1
7 15 30 4660 6
15 21 22 10745 5
6 24 20 4859 8
11 18 28 3066 6
9 21 25 18086 5
8 25 25 14392 1
11 21 28 15247 5
9 15 21 11034 9
11 23 20 17720 2
14 24 24 20019 4
7 19 27 5600 6
9 23 22 13649 8
9 17 21 5919 6
7 21 23 852 5
12 16 20 9748 1
8 20 26 14538 6
6 22 21 18844 8
13 19 35 6547 8
7 20 31 4938 1
7 19 23 7732 6
7 24 25 1535 3
14 20 30 25050 6
5 25 30 24022 2
12 25 27 13222 9
14 16 35 6150 2
9 25 23 15167 7
6 18 26 3056 3
5 24 27 3482 3
13 18 31 1594 7
8 21 22 13570 8
10 19 28 24934 2
7 24 22 3413 7
9 22 27 8688 7
13 22 28 1872 1
11 21 26 20736 7
8 24 27 15813 4
12 21 33 2183 9
13 24 35 9344 9
10 21 32 10415 5
13 16 20 22989 2
10 18 23 19081 5
6 17 22 21171 5
5 23 20 21750 1
5 21 29 9835 7
9 18 31 3661 4
7 18 25 8047 2
11 16 23 8744 10
5 16 28 23580 3
6 25 22 8601 5
10 24 30 4281 9
8 18 22 15414 10
11 22 22 26262 2
6 24 28 23613 1
11 17 23 20950 4
7 19 28 25717 10
12 17 32 13294 1
10 15 30 20055 10
7 25 26 11017 6
8 15 32 11265 8
13 22 20 966 2
5 19 33 17077 5
5 22 26 17827 5
13 17 31 6059 3
8 16 33 26804 6
5 25 21 17309 2
7 19 30 10773 2
12 24 34 5762 4
5 24 32 21949 7
12 21 34 14611 10
10 21 27 1601 1
7 17 20 10655 6
14 18 22 25311 9
5 18 34 23723 10
13 24 32 28595 8
13 24 23 6002 4
7 19 33 21981 10
6 22 28 21063 5
8 22 24 4529 1
14 24 31 3939 4
11 20 21 15938 2
8 23 24 5140 1
14 25 30 33247 5
9 17 28 4369 10
5 20 23 7486 8
12 25 28 24584 1
12 18 34 28495 2
13 17 30 1777 9
12 15 30 12853 9
8 22 33 23817 9
6 23 24 5262 8
5 20 27 21697 8
14 22 25 28356 1
14 21 28 26315 9
10 16 24 1698 1
7 21 21 23929 8
10 15 29 23318 5
6 23 22 14913 3
11 25 25 23330 2
13 15 35 23618 1
7 15 24 12163 9
14 22 26 12250 2
8 24 31 20303 10
7 15 25 14300 10
12 19 20 23684 9
9 15 22 2004 2
13 24 29 4788 8
11 20 27 989 3
7 22 24 8017 10
12 23 28 10837 8
11 18 34 11612 9
6 23 34 1932 1
15 22 26 17327 7
15 20 29 19293 2
8 21 28 12677 7
5 22 21 12149 2
10 15 20 8350 7
6 18 29 4201 7
10 24 24 19091 1
10 17 28 7101 7
11 23 32 13494 6
5 15 28 6392 2
12 15 30 2252 9
5 17 27 16345 7
7 23 22 11509 8
9 17 34 19408 6
5 24 22 16813 7
10 22 27 5606 2
7 18 34 1883 8
8 19 28 7378 8
8 16 22 7746 1
9 16 34 14989 5
14 20 23 3802 1
9 19 28 6561 8
6 19 23 17028 4
15 24 23 13881 10
10 17 20 588 9
8 18 27 9321 10
14 21 20 4574 8
12 18 33 4863 5
14 20 34 17455 5
7 24 34 22679 10
9 20 27 5332 9
11 18 27 14060 5
10 15 32 23876 2
11 18 24 23377 7
5 19 33 11561 1
6 22 31 18447 5
8 15 21 7613 8
13 22 30 14960 8
14 16 30 24614 8
8 15 34 8895 5
14 24 23 27361 5
9 22 25 9208 8
10 17 27 15496 3
8 18 25 14236 5
6 17 22 3947 1
14 17 25 6060 7
13 20 34 8916 9
6 15 31 4737 8
14 18 26 7611 9
8 23 24 6300 9
14 25 35 10838 1
8 16 26 10959 5
15 19 27 9044 3
9 22 21 23105 3
13 18 33 3519 3
12 24 24 2728 3
14 25 29 20426 10
13 17 27 14523 7
7 22 30 17253 5
15 20 33 17550 7
7 18 26 6828 8
