100
6 16 28 3015 7
6 19 21 2699 4
14 18 22 1953 1
7 15 35 5332 10
13 15 35 747 10
11 19 23 2668 3
10 24 24 3969 2
9 24 20 5178 6
12 16 28 1772 9
12 17 28 4466 6
5 24 20 4526 2
6 20 21 4326 5
9 20 24 5295 7
8 15 26 1433 3
12 24 35 1779 7
14 16 29 2517 8
9 20 20 3438 3
13 22 21 4448 4
13 23 34 3365 7
14 23 20 2767 10
9 17 26 1137 8
13 21 34 5407 7
7 19 32 4963 9
5 21 25 5009 7
12 20 23 1957 2
7 18 34 4781 10
9 17 30 4423 7
14 22 28 6111 8
10 15 26 2762 5
13 17 33 5360 2
8 25 23 5115 3
15 17 35 454 5
12 21 22 3413 2
10 21 34 3985 1
10 18 34 3586 2
8 24 26 1196 9
15 17 29 799 8
10 15 30 1057 8
12 23 27 2854 10
6 22 22 1405 2
12 22 23 3895 8
10 24 32 638 3
15 25 33 6305 10
9 18 20 3675 1
5 15 25 2377 1
5 21 28 1565 10
8 24 22 4210 4
5 24 32 4617 4
7 23 33 4887 10
12 24 35 1468 5
12 17 23 3929 1
13 17 35 5503 3
12 22 29 415 5
6 18 33 3312 4
13 17 21 3570 1
13 25 28 3548 2
12 19 25 940 6
14 16 20 641 10
8 19 29 2457 3
8 15 29 955 1
13 25 31 1706 9
13 19 32 718 5
8 15 34 1375 1
6 21 29 4029 7
11 24 33 1361 5
11 21 22 2893 2
15 22 26 3612 6
10 23 20 2817 4
6 21 32 347 6
7 22 29 4783 3
7 23 23 1267 6
14 17 22 4367 4
10 22 23 1471 10
7 19 27 5192 10
14 18 27 1904 10
6 22 30 751 7
15 22 33 249 7
7 19 35 4495 10
14 18 31 664 3
5 22 22 697 6
6 25 29 2655 2
14 17 33 5363 9
11 19 30 3378 2
9 15 33 473 6
14 18 24 5458 2
11 20 24 3534 1
8 15 34 4627 10
15 21 34 6991 3
13 19 25 1766 5
10 17 34 2869 6
12 18 24 5139 3
10 25 26 2887 3
11 21 20 4014 10
9 22 35 910 2
7 20 34 6088 5
13 25 32 895 6
12 15 21 4483 7
13 19 24 3440 2
6 18 29 3210 5
9 24 34 2322 1
