500
7 1 12 34 10
9 19 6 132 5
8 11 17 74 7
18 6 3 74 9
5 7 6 22 6
19 5 11 37 7
17 3 11 121 4
9 12 6 102 3
13 17 8 39 3
1 4 12 32 3
7 11 5 31 2
16 13 2 63 9
20 17 6 67 10
13 11 19 165 10
12 7 14 50 10
10 9 1 40 7
13 6 19 140 5
5 10 10 58 3
2 9 11 46 9
16 20 7 117 10
14 19 6 67 4
11 12 20 72 9
19 4 20 160 6
1 2 10 45 7
8 11 15 118 10
3 19 16 100 7
8 13 3 47 7
5 5 16 54 2
20 12 3 87 7
4 2 13 74 4
8 2 2 31 8
15 17 14 115 8
11 7 14 111 7
15 11 5 51 9
18 5 14 120 9
11 12 20 70 6
13 6 18 66 1
3 1 9 17 6
20 19 20 195 6
15 13 4 36 9
3 16 6 70 10
17 3 11 73 2
1 5 6 47 9
6 13 7 57 7
5 4 8 48 5
18 6 14 99 2
3 5 8 40 8
19 9 12 41 1
19 14 2 68 10
9 7 2 45 3
6 7 6 47 1
11 3 14 101 6
3 5 12 29 3
6 16 6 63 10
15 17 13 108 4
14 13 3 89 6
17 11 7 137 10
9 8 20 44 2
5 17 2 66 8
8 17 20 96 3
15 19 1 89 3
5 5 1 28 8
13 18 8 88 5
2 12 4 23 4
6 18 12 123 6
9 12 1 54 4
4 19 4 93 10
6 5 9 71 6
13 17 20 63 1
9 2 13 34 8
20 10 6 53 8
11 8 16 73 7
13 5 6 93 3
10 1 4 58 5
3 17 14 74 6
9 16 3 83 2
3 20 16 78 2
19 3 8 115 3
11 19 19 165 4
8 6 6 35 5
20 11 2 128 8
20 4 19 121 2
18 11 8 72 7
20 2 13 110 6
6 9 17 40 7
13 11 18 104 4
14 4 10 106 1
20 2 6 91 8
11 7 20 92 1
16 3 10 113 3
19 5 4 111 3
16 14 5 43 4
19 16 19 122 2
13 11 15 67 6
20 19 6 107 4
19 15 6 120 3
15 6 9 113 5
11 2 20 73 6
20 8 9 127 8
2 16 13 66 10
14 18 15 66 10
6 1 10 18 9
18 16 7 61 6
5 18 10 41 2
9 13 20 86 3
18 19 3 85 3
6 9 5 24 6
2 11 12 25 5
2 4 2 24 8
9 6 8 27 1
17 5 8 63 7
5 2 10 63 4
5 3 16 94 5
7 8 20 124 3
14 13 17 124 5
2 7 5 52 7
18 18 2 151 10
11 8 11 87 5
19 18 7 93 8
19 15 1 42 6
1 4 1 13 5
9 16 9 94 7
6 15 3 79 10
15 6 19 64 3
20 12 20 170 10
20 17 9 51 5
9 10 3 78 9
9 15 17 52 8
18 2 17 57 5
2 19 19 97 8
10 3 10 79 5
12 10 4 37 8
11 3 11 37 9
10 19 15 48 7
19 19 1 67 4
17 19 6 141 5
3 4 7 46 7
18 4 17 120 2
3 10 3 32 7
8 4 17 61 4
19 3 11 64 4
9 17 10 94 4
5 10 15 68 1
12 15 5 82 8
13 5 8 26 2
11 13 8 98 1
11 13 17 95 1
11 18 14 102 2
8 9 14 76 3
9 5 7 40 6
17 13 5 75 6
2 9 8 51 4
19 20 2 65 8
16 12 2 33 6
1 16 12 55 8
19 1 11 123 6
15 12 4 60 5
11 12 8 107 10
2 13 15 81 1
1 8 19 69 9
1 19 17 139 10
4 19 14 120 3
9 7 14 108 3
16 2 19 82 2
7 1 13 51 5
8 7 6 26 8
8 18 10 69 9
6 11 11 80 6
7 13 20 151 3
12 18 9 47 4
19 20 3 108 6
4 8 15 85 6
15 8 11 108 10
11 20 1 34 3
10 13 2 40 3
13 4 11 45 7
4 1 20 34 4
7 15 8 42 8
1 9 1 32 7
16 6 14 106 2
16 10 19 160 6
9 1 16 44 2
8 15 6 57 6
2 7 5 46 1
17 17 6 83 10
5 15 20 90 5
2 12 13 34 9
19 9 8 125 2
15 12 10 54 10
14 2 16 109 1
13 15 14 126 6
2 9 2 39 5
2 3 9 46 7
11 2 11 95 7
7 1 18 80 6
10 8 2 47 10
5 10 18 114 8
8 18 10 66 8
16 5 16 41 6
18 12 8 93 2
20 8 4 75 3
7 4 7 43 10
12 4 2 51 10
7 5 8 79 1
11 4 4 71 1
10 1 20 78 6
18 2 16 58 9
2 19 2 68 1
8 13 15 73 2
8 2 17 100 2
15 9 20 49 5
7 10 9 35 1
15 4 16 50 2
16 2 16 91 5
16 10 20 72 4
10 7 15 56 6
16 5 19 139 9
19 10 14 83 3
20 15 5 138 8
3 1 16 48 2
12 8 20 157 1
10 5 11 49 3
5 7 7 27 5
6 6 15 71 7
1 9 9 41 7
14 9 11 108 8
10 4 13 99 7
8 8 19 126 2
13 20 3 57 8
11 12 18 57 5
12 12 13 97 6
9 17 8 84 9
5 17 3 90 4
4 16 19 80 3
20 17 12 173 3
15 9 14 38 5
12 18 20 106 9
13 11 14 42 6
9 19 14 114 8
6 9 8 69 10
10 17 2 38 6
1 8 15 89 2
3 6 10 73 4
2 15 2 54 5
15 14 16 149 6
17 9 1 79 9
16 13 10 115 5
7 1 8 18 6
9 15 16 158 5
12 10 14 53 6
7 20 2 44 1
2 2 10 34 2
16 7 2 37 10
6 18 19 151 7
3 14 3 47 4
10 15 8 130 1
5 3 10 48 7
16 8 6 41 3
11 14 9 119 7
5 16 20 66 10
20 7 7 42 10
2 17 11 88 8
2 1 13 48 3
8 6 4 33 2
15 13 10 82 3
20 8 10 136 3
6 18 12 97 9
4 10 11 73 1
18 10 13 91 10
7 11 4 84 4
5 11 9 47 5
8 17 8 59 2
15 1 9 97 4
20 6 15 76 6
15 19 20 89 1
3 18 16 140 6
16 5 9 62 4
15 10 20 97 8
14 7 4 43 5
20 1 5 65 9
20 12 9 153 7
9 20 3 60 9
8 5 17 37 2
18 10 7 39 1
10 10 1 72 5
16 1 14 50 8
9 2 7 19 5
7 7 7 67 5
12 3 2 23 7
6 13 19 61 8
9 4 19 56 4
9 3 15 88 5
18 12 5 106 2
6 12 3 34 2
9 5 20 72 10
12 5 9 69 4
16 6 19 50 5
9 14 20 156 5
9 15 2 53 3
17 18 8 71 7
2 4 12 49 1
16 8 4 79 8
20 14 14 81 4
6 16 10 111 6
20 5 11 47 9
11 7 11 108 7
18 19 15 173 10
9 1 16 52 9
15 5 15 125 9
20 8 20 184 4
11 5 3 44 7
11 15 13 88 10
17 11 7 48 9
11 2 20 66 4
20 3 9 92 2
18 12 16 85 3
1 12 15 69 8
9 18 12 137 1
7 8 17 94 8
11 17 2 50 6
2 14 2 50 3
19 19 7 152 4
20 12 1 120 1
4 15 12 102 4
15 3 17 132 1
20 3 12 88 3
13 7 11 31 9
12 1 12 53 10
19 16 5 107 3
4 13 2 56 5
3 18 16 135 7
17 9 18 141 6
10 12 6 100 3
7 7 3 51 3
7 8 11 90 4
5 16 1 80 7
8 2 1 38 3
5 19 17 101 10
9 12 1 59 4
9 19 5 45 8
18 14 14 113 3
11 19 5 97 3
3 20 14 146 3
6 5 14 97 10
20 1 16 108 8
10 9 7 32 1
19 13 12 88 5
17 12 1 115 9
18 12 3 82 5
8 5 5 47 1
14 5 10 69 5
7 4 10 33 8
14 9 9 93 8
10 8 8 96 1
1 20 16 39 10
8 17 13 98 7
15 12 6 67 7
8 19 11 51 1
10 11 14 53 4
3 11 1 25 6
7 5 10 69 7
7 13 11 52 8
3 9 8 21 4
8 15 11 81 5
16 13 2 40 2
8 5 18 61 9
2 13 1 21 2
18 20 15 204 9
2 7 7 19 4
9 19 11 107 10
11 10 15 96 6
10 7 10 95 9
18 12 4 75 8
5 11 10 48 3
6 14 9 78 8
4 3 11 40 7
2 17 2 82 7
8 6 11 92 7
9 17 9 127 6
12 18 18 170 5
9 6 16 31 7
11 14 16 104 1
13 18 6 108 6
10 16 5 87 1
18 11 8 122 1
9 12 8 34 8
5 8 16 87 7
11 3 18 92 4
15 1 6 80 7
20 7 10 143 2
6 19 8 63 1
12 6 3 83 5
12 13 14 78 2
9 17 11 75 7
5 3 18 101 5
5 11 13 61 3
8 13 4 41 7
15 11 14 52 2
19 4 13 75 1
9 3 6 19 10
4 11 1 56 8
11 19 20 55 6
13 10 13 53 1
7 14 16 57 5
19 9 4 90 1
10 20 13 90 1
3 19 9 88 9
17 4 15 113 2
7 3 19 96 8
15 4 12 52 8
20 13 4 64 4
9 2 14 69 2
13 15 10 94 6
7 9 19 101 7
14 9 13 54 7
20 12 19 174 9
13 3 1 28 4
2 8 15 90 9
17 20 8 139 3
9 1 2 43 8
10 8 17 92 9
12 12 16 59 6
6 8 5 43 10
9 17 18 74 6
17 6 1 31 10
12 14 11 96 4
11 1 20 122 2
5 4 6 35 7
4 16 11 115 6
20 14 4 49 3
13 17 13 96 4
1 4 10 42 10
13 5 16 118 3
15 10 4 46 7
7 4 15 48 7
13 3 1 33 7
7 14 14 40 9
15 4 19 40 1
20 17 5 72 10
20 4 13 56 8
4 2 13 36 1
8 2 15 40 4
7 2 4 31 3
11 14 8 130 8
19 7 16 73 7
15 8 4 56 2
7 13 9 64 2
8 16 13 87 1
3 17 7 48 5
15 17 8 87 2
1 13 9 91 10
5 20 13 71 4
2 11 10 54 7
17 16 4 97 3
11 20 8 48 4
10 14 20 71 1
3 19 15 91 4
14 9 9 68 9
10 14 7 83 6
4 6 13 55 8
3 7 1 31 3
5 6 20 111 9
20 1 13 96 9
16 5 15 88 6
7 9 15 74 8
14 18 13 164 5
10 12 19 117 1
20 9 3 59 6
5 2 3 25 10
19 14 10 64 8
1 4 18 26 2
10 14 17 97 5
10 1 8 66 8
17 12 19 157 10
20 20 16 143 1
19 14 12 68 9
12 9 19 67 3
9 6 4 45 1
8 18 18 97 1
12 19 11 153 8
15 12 5 65 3
19 16 14 179 6
1 7 20 45 7
18 16 2 66 2
10 19 16 129 8
15 12 7 75 1
2 17 9 108 1
1 19 8 87 9
12 16 16 110 10
16 11 11 94 9
15 1 12 53 8
2 4 16 34 8
9 13 10 38 7
2 1 10 24 9
18 16 13 57 2
16 10 13 133 1
17 1 10 40 4
12 8 10 103 4
2 6 16 74 9
4 1 9 14 3