450
8 9 2 72 4
19 9 14 84 2
2 8 20 119 5
19 16 4 152 3
10 20 12 65 4
20 13 10 58 2
8 7 5 77 4
16 11 13 150 5
6 20 15 163 5
11 1 17 108 1
15 3 16 89 5
8 17 17 63 3
13 2 15 107 5
12 10 19 120 7
13 5 10 45 4
4 13 8 40 4
11 15 16 67 3
4 20 4 94 10
7 18 14 120 2
16 4 5 72 10
7 1 14 35 7
10 7 19 70 7
4 11 20 129 3
12 2 3 29 4
6 9 2 25 4
11 8 11 101 9
9 6 17 94 2
2 4 9 25 3
8 14 6 59 4
4 8 14 52 8
4 13 8 25 8
19 5 13 120 4
6 7 9 41 6
16 7 11 101 10
1 16 20 120 2
19 10 8 87 8
12 17 7 118 7
12 8 11 99 9
7 2 4 22 3
6 1 19 70 4
18 1 2 53 2
10 15 9 135 4
10 2 18 44 9
18 3 8 34 8
13 4 8 98 4
13 1 17 40 3
14 10 19 123 10
10 9 9 39 3
10 6 4 25 4
4 17 5 46 2
1 8 14 73 3
18 4 12 89 9
10 10 5 54 7
4 11 2 39 1
11 3 10 26 7
14 4 5 45 4
19 9 16 139 9
14 19 11 149 7
3 18 17 69 8
3 11 9 88 9
1 4 6 29 5
16 6 20 124 1
15 6 11 88 1
20 3 13 129 7
16 13 15 139 5
11 12 15 129 4
15 12 13 42 3
4 15 17 140 5
5 2 18 77 7
16 3 1 22 2
18 15 6 143 5
20 13 5 108 9
10 11 10 105 4
15 19 8 143 1
18 11 1 66 7
8 15 13 62 3
6 10 2 64 7
8 15 19 124 2
19 6 10 47 10
6 14 12 39 2
14 18 3 98 3
11 14 2 73 5
11 17 7 78 5
20 20 7 104 5
10 16 4 93 10
14 10 18 104 5
16 4 15 88 10
19 1 1 69 8
20 5 18 138 3
19 14 16 83 6
17 15 14 102 9
7 15 11 109 5
9 15 19 155 10
2 9 12 72 2
8 16 8 113 10
7 6 18 115 5
6 15 6 86 5
8 6 5 57 7
12 6 16 55 3
9 19 1 94 3
7 8 9 54 6
2 9 10 37 10
8 3 5 41 7
13 9 2 57 1
13 15 20 104 3
14 15 7 46 7
8 14 16 43 8
1 4 7 36 10
8 19 7 53 8
17 7 15 103 4
6 3 11 36 7
18 9 10 106 5
18 17 5 53 5
16 19 2 64 9
3 13 8 59 2
3 6 2 43 5
8 15 13 91 10
12 10 15 79 4
8 11 8 39 7
19 14 19 180 5
15 8 17 63 2
14 20 15 191 2
5 17 16 96 4
14 13 9 127 7
13 5 2 27 5
6 8 7 55 7
9 20 8 103 2
11 3 16 99 7
20 4 6 65 3
9 15 8 69 1
13 14 18 74 3
1 7 10 60 5
1 15 16 78 4
6 7 4 22 8
3 18 2 91 4
20 19 17 219 3
9 4 16 84 3
6 8 18 79 1
6 10 19 132 4
9 8 11 98 3
5 10 6 43 9
8 5 16 115 4
9 10 12 48 7
6 15 10 61 3
11 9 16 79 1
14 20 17 157 2
15 1 9 96 1
12 15 20 155 10
2 17 7 30 1
8 5 19 35 6
9 8 10 45 5
20 13 20 116 3
20 2 3 31 6
12 13 4 110 7
18 1 18 56 1
8 5 16 93 1
5 20 17 70 5
1 15 14 75 7
4 13 14 79 10
2 2 10 18 7
7 9 7 75 3
3 13 19 58 6
12 2 16 69 10
5 10 13 61 5
8 9 1 66 8
3 5 15 72 4
6 1 20 69 8
6 16 20 111 1
8 8 6 25 3
8 17 13 56 9
11 18 5 42 5
8 9 5 23 10
18 19 8 85 9
12 6 6 83 6
5 20 4 100 10
15 5 2 60 8
7 10 10 97 8
14 16 13 43 10
3 9 10 47 1
18 2 9 73 2
7 15 3 48 9
2 17 5 79 5
13 8 19 137 9
18 18 15 161 10
2 16 10 51 4
3 18 7 29 5
16 16 20 115 7
10 12 14 143 1
20 17 13 168 2
17 18 18 166 1
5 14 15 93 4
20 7 10 93 6
4 9 19 68 10
6 12 6 80 7
12 19 10 58 2
19 14 12 155 10
16 9 5 61 1
19 3 7 76 5
17 19 17 208 9
6 3 7 30 5
7 11 2 27 10
19 15 9 167 4
10 16 17 120 1
18 8 1 38 10
11 6 5 84 5
12 5 5 51 7
13 15 2 102 2
15 4 3 33 10
16 2 9 47 10
13 17 7 37 10
8 6 5 64 5
6 3 4 23 6
17 17 14 175 3
6 17 6 34 1
10 8 7 51 10
2 6 6 22 2
7 18 4 97 9
19 2 13 115 6
20 5 6 79 6
18 15 8 70 5
6 18 19 75 3
18 17 15 71 1
1 11 5 42 10
17 7 2 39 8
18 19 8 165 8
4 4 13 78 4
9 1 1 38 4
2 8 12 22 5
18 14 12 67 7
9 7 10 58 3
6 18 7 65 9
2 4 19 37 7
7 2 19 67 7
6 4 6 16 10
14 9 14 144 3
15 5 6 82 1
3 11 3 23 4
20 12 5 134 4
5 10 13 105 10
16 4 13 44 2
4 20 20 123 3
5 11 5 77 7
17 4 7 96 8
14 14 18 117 9
7 13 18 64 6
4 17 10 44 8
14 17 5 96 5
20 4 11 78 9
16 4 17 97 5
16 2 2 68 4
16 4 13 84 6
17 15 4 142 2
4 10 9 67 1
16 5 3 81 3
14 13 12 80 3
4 8 3 36 1
19 13 1 36 4
13 16 8 99 10
13 2 9 82 4
4 13 15 56 8
14 7 3 93 7
14 14 5 55 5
7 11 7 28 10
6 8 19 131 3
1 5 12 20 9
18 13 6 65 8
19 2 9 113 3
8 17 3 41 2
14 12 12 125 2
8 18 11 143 4
5 16 1 33 3
1 15 2 25 7
3 7 10 75 8
6 18 11 62 2
1 18 8 81 4
2 16 5 51 8
5 19 10 110 4
12 3 12 89 8
7 15 9 89 5
1 10 7 26 1
7 17 5 114 9
15 8 9 88 3
17 2 20 48 4
8 7 2 54 9
5 16 10 117 5
10 13 7 101 7
4 14 15 112 8
4 5 16 31 6
4 20 1 73 3
4 16 8 104 6
2 7 8 35 8
11 17 20 169 3
2 4 14 42 6
7 9 14 46 9
20 3 11 81 2
3 11 5 65 4
5 1 20 42 3
9 10 8 105 6
13 19 3 85 9
12 12 10 53 2
16 9 3 48 9
7 9 16 75 8
20 10 13 123 6
3 11 5 47 9
9 17 16 85 8
13 5 8 87 3
13 15 3 55 9
16 5 13 82 6
19 17 13 60 4
9 4 14 43 6
16 7 19 45 8
7 7 11 49 10
17 11 10 118 5
4 10 16 73 9
8 3 9 30 1
10 9 15 118 6
10 8 4 69 7
5 5 15 44 4
6 16 13 130 8
4 9 15 89 5
13 18 3 59 5
4 2 15 83 6
4 11 8 79 1
17 2 5 68 1
4 17 9 81 9
6 2 15 44 3
15 14 14 153 1
11 10 11 82 7
17 19 5 66 1
14 16 8 89 7
3 13 11 42 9
9 17 19 74 2
6 9 6 35 4
11 2 17 67 9
20 17 4 108 2
16 4 2 56 7
3 11 11 26 2
20 15 17 178 8
4 16 4 57 7
2 20 14 136 10
5 20 3 37 9
19 11 11 147 6
10 5 2 26 8
2 7 14 34 1
10 20 14 52 2
18 8 14 86 5
11 2 11 61 8
7 1 6 46 9
11 5 9 62 1
1 12 9 68 6
15 10 4 102 8
15 5 4 85 3
10 11 3 28 7
9 12 20 88 6
17 14 7 43 4
6 9 4 54 4
13 7 15 79 7
16 16 19 88 7
18 1 4 58 7
19 20 10 133 4
4 19 6 107 10
16 11 19 154 3
16 16 9 92 9
17 14 8 85 3
15 5 3 54 9
18 9 11 89 3
14 4 17 40 1
2 17 3 79 5
19 10 9 64 3
19 4 12 125 3
14 13 13 127 1
2 13 17 37 6
10 19 14 97 8
20 18 13 182 4
20 3 12 60 6
8 3 14 25 4
6 2 15 35 3
3 13 11 96 2
13 16 19 69 4
1 18 10 70 7
16 16 16 153 4
20 12 5 98 9
8 13 13 36 8
12 7 4 61 1
10 9 11 69 2
6 13 9 46 7
10 1 1 34 3
2 7 13 66 9
13 19 12 116 6
4 20 12 137 1
16 12 6 43 4
11 13 5 104 4
16 14 4 61 8
9 10 15 108 9
18 2 16 136 3
11 15 5 63 6
7 20 1 97 3
17 7 18 66 6
19 19 20 152 9
20 8 16 115 6
17 7 14 46 6
19 12 19 99 3
5 2 8 59 1
14 16 6 41 4
19 11 7 140 2
10 12 6 63 1
12 10 2 89 9
10 17 14 98 1
13 18 14 123 2
7 20 13 97 3
16 11 10 47 4
16 3 7 48 8
17 19 1 145 3
15 20 17 83 10
15 8 20 100 5
4 13 20 68 4
3 11 20 51 3
3 15 18 143 7
1 17 10 51 1
20 13 18 112 6
8 2 16 53 10
3 4 5 21 6
1 15 15 88 10
1 16 9 90 1
10 3 4 20 1
14 5 13 59 2
5 5 15 66 10
3 4 8 20 2
15 5 13 113 7
3 16 4 51 8
20 1 16 132 4
18 19 9 70 9
19 14 18 147 8
6 19 11 112 9
3 20 15 131 3
14 12 18 156 5
19 16 17 186 6
17 15 9 49 9
19 17 2 110 1
14 17 13 82 2
9 14 9 95 7
8 9 10 46 3
4 20 7 88 5
15 15 5 60 7
11 14 13 43 8
2 9 1 29 7
4 12 3 32 2
10 10 17 102 10
10 6 8 36 3
8 10 19 72 10