200
15 1 3 72 2
16 11 4 69 3
19 18 17 172 10
9 19 15 166 1
17 12 11 55 3
19 3 6 106 7
14 13 12 133 2
8 16 8 127 3
12 8 5 82 7
17 5 3 86 8
18 7 18 144 9
12 15 12 125 2
1 7 3 31 2
15 15 11 58 9
17 15 18 107 8
19 11 17 53 2
2 3 20 98 7
11 14 12 45 9
1 1 10 30 2
17 13 1 87 10
16 5 13 55 6
12 19 10 130 5
18 15 4 82 10
14 4 8 53 10
19 7 14 81 8
11 14 8 113 6
13 5 16 41 10
6 8 17 36 6
18 19 1 59 5
4 6 18 109 4
8 8 16 79 8
19 12 4 49 9
8 6 12 77 3
11 7 12 89 3
15 15 11 92 8
15 15 8 91 5
14 17 9 135 5
14 3 9 38 1
15 6 6 32 6
9 2 19 36 3
4 20 8 124 1
19 10 2 80 5
8 4 3 23 1
13 6 6 69 7
18 4 18 45 7
12 5 5 43 1
5 10 8 44 2
10 14 11 66 9
14 16 20 148 5
4 20 3 95 6
17 7 12 133 4
18 12 10 67 8
12 2 10 55 10
12 20 1 54 5
12 14 7 59 3
13 12 2 83 3
13 20 8 63 1
9 12 2 79 8
2 6 14 85 4
19 13 6 110 3
7 6 14 55 9
17 9 19 123 9
10 10 18 59 8
15 6 12 95 5
14 19 15 145 1
12 17 14 156 10
16 15 16 67 7
5 7 13 39 9
20 6 1 39 2
13 14 2 84 2
9 10 11 105 4
19 13 13 99 6
20 8 19 132 4
19 2 15 87 1
18 3 8 52 6
4 7 6 47 7
1 4 19 49 5
15 1 10 64 10
8 10 13 54 3
7 18 9 125 7
11 5 5 51 5
3 11 4 69 5
13 11 10 134 3
9 11 3 77 2
18 6 13 48 4
5 8 11 55 8
6 17 19 76 10
16 15 17 104 2
16 2 4 69 6
1 8 13 86 3
17 14 18 122 7
7 14 19 123 2
2 13 9 92 2
16 13 18 162 4
17 9 5 87 5
9 13 3 92 2
8 16 10 77 4
7 1 14 32 5
10 18 15 152 2
8 5 9 76 9
10 8 1 74 1
19 8 13 45 8
8 13 2 62 4
17 19 13 88 9
15 15 2 37 10
17 9 6 38 10
12 16 8 126 1
17 9 3 61 3
3 12 12 102 2
20 11 9 141 5
11 4 13 101 8
18 3 16 66 6
14 3 10 102 7
10 2 18 86 2
3 8 16 38 9
11 11 19 49 9
20 20 4 169 10
9 17 10 76 4
7 20 1 31 9
6 1 2 20 10
13 15 14 145 4
8 16 1 25 1
12 9 9 117 4
7 19 3 83 8
17 20 9 114 2
18 9 14 89 10
11 5 14 82 2
17 8 11 42 10
9 7 10 26 3
18 12 20 82 7
16 12 3 87 8
1 20 13 124 8
9 20 17 177 5
20 7 5 92 5
17 7 17 129 3
14 19 12 147 6
14 12 16 69 3
20 1 16 82 9
15 10 5 96 2
4 4 11 53 6
17 3 2 45 3
12 6 12 48 4
6 15 9 81 8
10 11 9 109 5
14 1 20 92 8
10 15 17 108 4
20 12 11 155 2
11 2 17 63 9
2 13 11 49 10
11 20 13 51 8
12 6 19 59 10
4 1 1 12 10
8 16 15 126 3
8 9 3 66 5
9 11 2 45 2
7 20 11 91 3
8 18 7 74 2
20 18 3 138 8
1 2 12 29 1
5 4 13 80 7
8 16 7 86 7
10 1 20 122 5
15 15 1 74 6
1 2 10 21 2
19 14 6 109 5
4 3 7 34 9
1 12 16 91 2
15 4 5 67 10
12 8 15 67 1
2 9 4 47 4
7 11 16 123 10
15 20 14 87 9
13 14 7 99 5
1 7 10 22 8
16 5 9 36 5
3 2 6 35 4
18 5 13 74 4
15 8 8 38 8
12 7 8 80 2
5 14 7 38 8
2 2 9 21 2
10 12 5 107 3
11 18 7 60 8
4 16 9 97 8
3 3 5 29 10
8 13 12 34 3
20 19 6 50 9
20 16 10 135 6
19 14 3 110 4
12 4 6 78 1
20 19 8 80 6
19 7 12 81 1
5 6 15 27 4
15 11 9 126 3
19 18 9 152 5
10 11 12 104 6
10 11 20 134 9
19 6 7 45 4
2 12 15 65 1
19 10 4 113 7