100
6 8 1 46 5
3 16 14 121 8
14 6 17 139 4
7 4 17 68 7
18 20 5 162 10
11 5 4 42 5
9 11 3 85 6
4 10 20 34 10
7 11 18 110 9
2 4 5 12 6
1 6 3 14 3
19 18 8 114 10
5 4 8 33 1
17 17 6 144 7
12 13 12 40 4
6 14 1 49 2
1 17 19 87 7
10 18 19 99 3
19 4 6 88 7
19 10 15 175 10
7 3 2 12 1
16 18 18 126 1
14 7 16 88 1
19 5 13 136 5
10 13 10 56 3
6 2 4 33 8
7 19 13 51 7
20 20 1 111 5
4 12 16 51 8
17 19 13 74 5
11 3 16 87 5
6 12 11 85 2
19 19 3 52 3
2 12 14 34 5
15 11 14 68 4
1 20 19 150 4
19 6 12 53 7
6 16 5 70 7
5 6 14 87 6
18 17 6 50 2
11 4 5 46 8
14 10 17 109 3
1 7 13 81 4
14 15 17 93 6
3 13 5 25 10
15 1 11 31 6
7 14 4 79 6
19 3 17 123 7
20 5 10 107 3
19 20 16 165 2
8 14 5 27 10
8 3 4 37 9
8 15 17 96 10
14 15 3 80 7
5 15 10 66 2
18 9 15 69 4
15 15 20 64 2
14 18 3 111 1
17 20 10 64 5
8 17 6 65 1
2 18 10 65 1
16 19 14 103 2
20 7 20 150 4
15 1 14 45 6
19 12 11 123 2
4 12 5 43 3
4 7 10 36 4
9 13 19 41 1
13 18 11 46 8
1 9 3 29 10
6 12 11 32 6
6 13 14 97 2
20 12 3 131 1
11 16 12 143 7
19 18 4 101 2
4 17 15 94 4
8 3 17 67 1
6 3 3 15 4
1 1 5 14 9
7 18 11 126 2
17 4 8 44 8
19 18 16 193 6
17 4 2 54 8
9 16 1 50 6
3 8 8 32 8
9 15 20 84 4
5 10 18 99 10
18 4 2 35 4
15 10 15 90 10
16 11 12 40 3
3 19 7 97 9
7 12 2 59 5
12 16 7 83 8
5 13 18 36 5
16 2 4 37 7
19 17 9 149 4
12 8 13 54 8
8 20 15 55 4
17 19 17 89 9
13 17 3 92 8