400
16 1 6 75 1
19 7 1 48 7
17 13 13 86 3
6 1 14 83 10
14 6 17 107 8
9 16 6 36 3
18 14 13 139 2
1 8 11 35 5
14 13 12 128 6
8 6 5 42 6
8 14 10 104 8
11 11 10 78 7
20 16 11 84 6
5 13 20 45 5
6 3 20 36 1
7 16 17 115 7
4 5 4 46 6
18 10 17 77 5
4 11 3 41 4
20 3 9 36 10
10 8 12 96 7
6 3 4 18 6
20 1 5 37 8
7 19 1 84 2
12 10 3 73 3
14 15 1 58 8
19 10 3 101 4
20 8 14 144 6
9 20 18 148 1
10 9 4 44 2
1 10 14 64 8
15 16 4 76 9
16 5 19 87 1
13 10 16 122 10
8 13 11 38 3
14 2 1 65 4
15 19 4 117 5
1 2 16 22 8
17 6 4 71 5
20 6 4 98 2
3 1 19 38 10
16 14 13 100 3
5 1 1 9 6
6 3 18 104 6
2 2 8 39 1
6 13 12 41 7
17 4 5 55 10
14 19 5 109 5
12 20 13 137 1
11 14 5 74 8
9 19 6 91 10
2 10 15 69 3
4 5 6 37 9
20 20 8 76 4
17 10 5 125 2
16 19 12 146 7
8 8 16 59 9
9 14 3 34 6
11 6 1 70 5
10 5 3 70 10
14 10 18 147 3
4 5 2 18 7
7 8 20 102 2
2 10 2 38 1
3 13 6 68 8
16 15 14 97 1
13 15 18 100 7
8 14 12 102 5
9 20 8 85 2
20 7 2 104 8
10 4 13 39 3
11 16 4 68 10
13 13 13 119 1
18 3 6 49 3
1 18 17 116 6
7 7 6 36 4
20 11 4 127 4
7 18 13 116 2
8 20 15 142 4
15 16 10 127 5
16 16 11 140 2
14 17 17 190 8
12 7 4 60 6
4 3 9 41 10
4 9 14 83 8
20 16 9 123 1
6 19 17 99 8
9 10 16 135 3
14 14 2 92 4
16 5 12 35 1
7 3 16 91 6
3 13 16 83 5
15 12 8 139 5
5 20 16 133 6
5 14 1 72 6
18 13 19 165 10
2 15 4 62 3
5 16 16 64 3
13 16 14 168 8
9 18 7 81 3
10 11 18 48 1
3 9 18 74 3
17 13 3 93 10
17 14 7 55 3
18 9 20 110 5
7 20 18 75 5
17 16 1 130 10
3 19 12 126 1
8 1 20 88 5
20 13 20 69 2
4 18 11 100 3
7 9 2 53 7
20 11 11 166 5
1 2 3 16 2
7 12 13 82 1
16 9 17 83 10
5 1 16 82 2
1 15 2 18 7
7 16 16 79 1
1 1 10 41 6
8 20 3 73 6
2 9 15 29 9
15 13 20 107 4
11 19 9 113 10
12 16 17 123 1
15 11 8 126 7
19 8 6 99 1
8 3 5 36 7
15 19 6 126 1
13 11 11 109 6
13 9 2 48 2
13 5 6 41 9
8 18 2 93 6
17 5 17 138 3
16 7 19 116 9
14 13 16 130 4
11 4 13 36 5
7 3 19 80 4
9 9 12 87 9
14 6 5 46 1
17 4 11 65 1
17 2 20 109 7
12 4 15 45 5
16 10 20 127 9
8 19 10 67 7
4 17 18 83 1
2 13 15 80 2
6 6 5 51 3
19 2 7 58 6
5 11 13 61 4
17 11 4 50 6
7 8 15 88 6
15 11 5 58 5
18 18 14 88 3
17 2 17 36 8
3 5 7 51 1
4 1 19 45 2
11 2 2 26 6
20 13 16 77 6
12 14 12 63 2
3 1 18 73 4
11 2 11 40 4
11 12 2 58 4
13 9 1 32 9
20 2 18 151 4
9 9 4 39 10
6 13 14 106 8
6 18 6 102 4
12 3 9 41 2
18 1 4 27 10
7 5 8 53 4
20 6 17 155 2
13 17 11 92 6
4 5 1 37 10
1 2 1 15 4
5 2 6 15 8
8 11 18 55 5
13 15 13 130 9
11 9 14 101 6
13 2 12 95 10
18 17 9 47 7
10 1 8 21 2
6 6 5 25 1
8 2 17 40 3
1 19 5 40 1
9 8 6 76 3
17 2 19 50 8
10 1 8 23 7
14 20 4 53 4
16 1 4 26 6
16 5 19 108 6
20 20 10 117 4
16 15 16 56 4
9 8 3 54 3
15 16 20 65 4
3 19 13 112 3
10 13 19 142 8
1 6 19 40 10
1 3 7 11 3
2 10 20 75 8
6 14 9 64 7
2 10 15 86 8
8 18 10 123 9
13 13 15 68 3
19 19 19 208 1
2 1 18 43 7
15 2 15 40 2
19 19 18 166 8
3 7 7 67 4
5 9 18 114 4
2 9 12 34 10
14 4 4 66 3
4 3 18 46 5
7 14 19 54 4
11 20 16 49 3
19 14 10 150 5
12 16 5 46 8
5 6 15 68 8
1 2 20 62 8
20 3 11 132 10
2 11 16 85 5
13 18 9 80 10
2 14 10 35 9
17 6 6 85 4
8 6 16 111 7
13 12 12 80 8
8 2 13 40 8
4 12 13 91 6
10 1 2 26 3
19 12 14 74 8
19 19 2 153 9
9 3 18 94 9
11 15 14 56 7
20 10 17 121 6
1 8 9 20 9
8 2 1 13 7
12 13 15 135 7
18 7 13 39 4
4 14 18 58 8
3 12 7 77 8
2 13 7 55 5
18 3 4 46 3
11 16 4 118 8
7 10 14 88 4
1 9 4 26 6
18 18 13 138 6
15 17 3 88 4
19 13 19 155 3
6 11 14 57 5
12 7 2 80 4
15 11 2 62 10
8 1 12 31 8
17 1 4 86 3
11 15 14 133 7
15 5 14 99 7
14 8 17 67 2
2 18 19 84 8
10 13 16 86 10
4 8 17 68 6
16 17 2 42 6
16 6 1 85 4
5 20 8 43 5
7 15 1 40 10
11 3 19 85 5
11 9 17 98 8
5 1 12 49 5
3 18 4 90 7
15 2 12 94 7
16 3 4 40 8
20 17 8 177 7
4 11 4 71 5
19 5 11 62 6
13 13 20 90 5
12 5 4 69 6
19 8 15 115 5
6 10 8 32 4
5 16 6 59 6
10 12 20 112 7
15 16 12 83 4
15 18 8 47 6
17 15 11 100 3
11 15 2 41 1
3 7 2 37 3
7 8 15 103 5
7 16 5 41 8
13 8 13 123 4
4 12 15 51 6
12 15 3 92 7
3 5 4 47 4
7 16 15 68 6
12 16 9 53 5
1 7 10 51 9
10 13 20 119 1
15 4 8 65 8
14 4 6 59 5
2 14 14 54 2
3 17 15 38 9
16 18 14 122 9
15 1 8 27 2
10 12 7 60 8
17 20 8 146 7
13 17 4 114 9
17 13 17 110 8
16 11 3 41 10
18 8 8 93 2
7 19 8 41 10
6 5 11 66 2
5 7 20 126 8
2 4 19 49 1
19 4 14 56 6
19 15 4 41 3
6 15 8 76 8
9 5 14 83 7
10 17 16 102 6
19 5 6 52 3
19 9 9 133 5
18 9 15 100 5
11 12 6 108 10
20 3 11 84 3
8 15 8 123 6
14 2 17 51 4
5 8 3 27 5
7 14 10 107 9
10 20 17 71 5
11 2 10 32 2
18 15 16 78 7
15 7 4 98 2
2 5 18 33 8
9 16 5 47 9
14 8 6 106 1
7 18 13 140 1
19 16 19 131 5
1 20 16 70 4
14 16 6 82 5
14 4 17 49 4
17 10 19 70 8
10 13 8 38 6
12 7 10 61 5
10 1 3 48 1
5 12 7 82 3
11 18 5 41 5
5 2 20 80 6
3 18 1 55 6
19 3 12 48 8
9 18 4 56 1
2 16 9 46 5
13 3 20 89 3
20 3 10 108 10
1 12 10 79 1
7 4 6 34 3
2 8 18 77 4
6 4 10 26 6
9 16 1 72 1
8 12 11 73 9
8 9 18 76 9
9 8 11 49 7
17 6 1 35 2
4 19 14 115 4
14 3 20 73 9
8 7 14 72 9
5 12 6 58 1
4 18 10 37 10
1 11 13 83 9
16 5 5 69 5
14 15 6 45 10
3 19 16 54 6
10 9 6 87 2
8 17 4 89 6
6 10 2 20 2
18 2 17 119 4
6 9 14 47 4
4 6 20 117 8
17 3 4 77 5
20 15 20 99 1
4 15 9 38 3
17 12 17 97 2
10 10 7 105 3
7 6 17 33 6
19 12 10 105 2
3 20 14 141 7
16 19 4 105 7
3 4 12 21 4
18 4 16 113 9
12 19 18 108 5
11 4 18 94 5
11 8 10 87 10
18 19 7 78 10
16 2 1 55 8
18 10 6 98 4
4 1 2 21 7
10 4 14 92 8
5 7 1 41 4
3 4 1 16 3
11 1 14 101 8
19 5 11 80 4
19 14 13 91 5
15 16 10 66 4
16 7 5 50 9
11 8 15 129 8
19 1 2 38 9