250
13 18 14 57 7
6 4 18 66 9
3 12 18 90 9
7 12 6 80 9
17 20 8 118 5
13 19 3 40 5
14 19 10 72 1
19 13 14 182 7
10 17 1 52 5
19 15 20 211 2
9 15 17 132 3
19 19 20 131 5
20 18 11 111 7
4 19 2 69 3
18 16 3 87 4
13 12 5 59 1
3 13 8 92 2
5 13 15 98 5
3 20 6 59 9
15 6 6 93 7
15 14 7 127 1
20 15 1 101 6
2 11 1 33 2
18 7 8 120 3
7 14 2 62 1
16 17 11 125 2
11 12 1 80 4
15 8 17 120 2
18 3 14 50 5
7 3 17 45 7
9 16 1 71 9
2 17 13 124 9
15 16 3 67 3
7 7 17 34 6
5 4 16 87 9
19 4 16 61 7
11 11 6 83 3
9 15 7 87 10
14 19 5 56 10
3 15 17 105 3
17 13 1 74 8
1 4 16 66 6
8 4 20 75 3
3 17 12 62 8
13 9 11 95 6
12 10 9 102 6
8 16 13 120 7
17 4 7 87 8
20 12 9 105 3
17 5 4 83 10
2 10 17 104 3
2 3 13 46 1
17 8 11 44 4
17 1 17 54 2
8 2 11 73 2
9 5 7 73 7
13 12 12 92 7
6 2 7 33 10
8 13 8 55 6
8 3 15 70 4
12 17 3 82 7
8 17 10 94 1
6 15 3 54 1
15 6 7 73 10
6 2 17 39 4
3 7 11 57 8
5 16 3 67 6
20 14 4 47 9
17 8 6 75 7
13 16 8 38 5
10 13 12 77 9
2 7 2 39 8
3 14 6 90 3
20 17 17 173 7
3 7 18 88 9
8 8 9 52 9
9 20 14 165 5
9 14 16 88 5
1 3 14 59 10
9 19 3 99 4
19 17 19 91 1
8 11 5 32 10
14 8 9 99 5
11 19 8 111 5
11 6 20 124 8
5 6 9 77 9
20 6 18 45 9
3 1 10 55 2
9 5 18 120 1
5 2 13 76 6
20 3 14 118 7
13 12 18 111 6
3 18 18 134 2
16 6 2 89 2
7 12 11 101 9
13 9 10 69 7
6 14 10 37 2
13 10 19 130 2
14 15 18 92 6
8 4 12 39 2
2 20 2 72 3
12 9 18 138 8
4 17 16 55 1
6 11 20 97 5
1 19 19 144 1
4 18 7 64 3
3 2 9 43 7
11 11 8 104 9
6 6 7 30 7
11 6 18 36 8
9 20 12 150 6
10 12 7 46 8
16 4 19 138 3
19 10 19 133 1
17 2 16 73 2
9 1 7 46 6
12 2 4 44 10
14 4 2 51 6
2 18 14 46 5
11 10 18 78 1
12 7 4 38 8
11 11 12 93 8
1 2 6 24 2
2 19 12 92 2
12 13 3 37 9
2 11 1 29 4
5 1 15 56 4
17 18 6 155 1
18 18 7 136 7
2 7 8 59 4
15 20 20 138 7
11 2 17 93 2
8 9 15 53 1
19 15 18 173 7
9 16 6 57 3
19 12 15 101 2
15 18 15 118 6
7 4 10 22 10
4 11 1 35 3
9 15 5 49 5
15 12 3 107 7
9 4 17 100 6
6 7 5 45 10
17 6 7 71 6
4 11 18 125 6
7 5 18 42 5
16 3 2 39 10
13 11 18 50 3
18 14 12 156 7
12 19 1 83 3
8 16 7 68 10
2 3 13 22 5
11 6 6 60 1
2 9 5 55 1
16 9 10 99 9
3 19 14 41 9
9 15 16 58 9
6 3 5 29 2
18 4 15 79 7
11 1 5 51 4
10 11 6 88 1
17 20 12 64 3
1 13 20 72 7
20 10 7 87 10
10 17 16 152 8
18 7 4 65 1
16 5 12 48 8
8 10 20 73 2
4 13 5 52 10
10 4 2 16 9
8 13 5 85 8
9 10 2 70 5
3 20 11 93 7
10 3 10 71 7
13 2 10 89 1
20 11 9 59 10
12 1 17 98 7
18 4 11 108 8
1 10 6 45 6
16 19 19 199 2
15 5 1 57 9
15 5 13 62 2
15 11 9 134 5
6 4 11 67 5
8 12 1 73 6
14 19 15 94 6
18 9 11 132 5
8 1 10 21 9
17 8 7 73 8
20 19 3 52 5
6 13 18 63 3
6 4 17 79 3
20 13 1 135 7
9 15 16 125 3
6 3 17 36 6
17 8 11 119 1
6 11 1 18 4
2 5 10 42 10
3 12 8 69 2
19 11 12 66 4
12 8 7 60 9
19 6 13 101 1
12 4 19 35 4
19 10 3 65 4
6 13 12 64 4
8 9 11 49 2
12 11 16 43 7
17 5 17 155 5
14 20 2 136 1
16 20 1 56 3
12 2 9 73 9
18 11 17 57 1
8 9 8 58 2
15 16 19 59 5
7 20 6 118 2
9 16 1 50 7
3 13 5 49 5
20 6 6 58 9
10 5 18 43 9
5 1 13 55 4
6 20 9 41 10
19 18 18 76 6
9 3 18 118 8
4 10 8 57 7
7 19 1 53 8
1 12 4 23 7
9 7 2 45 9
19 1 16 143 10
3 2 15 72 7
20 4 7 93 9
2 3 11 53 10
11 8 2 54 9
1 14 15 84 9
2 3 19 45 9
15 2 4 55 6
15 4 19 87 10
8 2 12 77 7
9 3 12 72 10
20 6 7 61 1
11 19 2 56 4
2 3 4 22 7
14 12 17 134 2
12 13 8 130 1
11 1 18 37 3
8 11 7 64 10
3 11 4 35 8
9 16 19 86 9
2 1 14 38 4
15 5 4 43 4
1 17 5 38 10