150
2 2 3 20 10
6 10 1 46 1
7 15 11 97 5
16 11 16 109 3
18 3 12 114 6
1 9 2 40 5
8 6 5 72 2
2 18 4 66 9
5 4 4 34 3
4 19 4 46 8
11 6 20 65 10
1 15 10 56 3
6 12 20 123 9
14 20 11 125 10
7 11 9 92 6
14 15 12 48 8
8 4 17 64 7
17 15 7 44 2
2 6 4 35 5
13 14 20 134 2
5 10 20 67 6
12 10 11 115 3
3 17 10 86 9
4 15 12 71 6
17 20 11 97 2
17 15 9 60 3
5 20 17 45 6
15 16 10 131 3
16 6 15 114 4
10 10 4 90 6
13 20 18 146 3
14 4 2 67 4
19 9 20 123 5
12 5 17 101 7
5 8 8 71 9
8 15 12 49 6
7 16 11 81 10
11 4 5 36 1
11 6 11 88 5
12 2 10 60 4
1 6 8 44 10
5 13 20 127 10
19 13 17 177 4
20 10 11 137 4
3 17 8 49 8
2 2 19 38 7
1 8 1 18 6
2 19 14 86 6
15 20 11 102 9
12 16 12 148 5
18 14 4 89 2
16 4 7 68 6
13 12 19 109 2
13 2 16 105 1
11 16 10 116 8
18 2 11 45 2
4 8 12 61 6
13 14 4 120 2
19 17 11 178 6
8 4 18 66 6
2 19 6 73 8
4 14 1 71 10
19 8 8 130 4
10 9 20 149 3
17 12 2 73 8
14 2 5 69 8
7 1 7 48 10
15 13 6 117 2
6 20 14 47 4
19 13 1 119 5
13 2 3 62 7
18 18 7 102 7
7 9 8 83 2
2 4 3 21 4
10 3 7 20 3
16 7 8 33 4
15 14 17 116 1
18 16 9 97 6
13 4 16 107 8
4 19 1 91 3
7 10 11 36 2
10 16 18 104 5
12 10 19 159 10
3 18 18 61 8
11 20 19 181 1
19 18 11 177 9
13 16 10 75 1
10 15 4 93 9
5 11 15 100 8
14 18 4 113 10
18 16 16 161 10
10 16 19 99 7
3 6 1 18 5
18 4 12 102 6
6 13 5 52 2
10 5 1 62 9
11 13 16 119 4
20 9 13 125 6
3 3 17 24 7
3 12 9 30 5
2 11 3 48 5
11 14 9 75 8
7 18 7 88 5
19 20 1 122 3
17 17 2 41 2
7 1 15 52 5
10 5 7 30 9
7 3 1 36 7
19 20 4 140 3
9 12 16 80 10
2 1 3 20 7
9 7 11 69 9
11 14 18 110 5
12 11 8 50 2
4 1 7 15 2
16 6 17 123 1
11 3 14 31 9
10 16 14 86 2
18 11 13 84 10
18 16 12 177 9
18 11 9 108 7
3 7 14 74 3
5 7 4 21 6
7 17 13 121 1
1 16 18 113 1
20 16 2 81 1
12 11 15 118 3
2 15 10 35 7
11 12 9 59 7
10 5 18 127 5
15 19 13 148 3
10 4 8 46 4
16 2 6 45 7
16 20 12 144 4
20 13 17 129 4
18 2 18 139 5
1 9 3 36 4
8 4 3 26 1
4 7 13 48 6
8 11 15 101 4
8 7 4 45 8
14 13 10 47 4
17 2 6 42 4
7 19 5 114 1
16 4 7 30 6
14 18 17 107 5
20 1 17 79 8
4 8 3 32 10
17 19 17 61 10
16 13 12 92 1