300
9 17 9 74 9
4 15 17 69 5
13 20 6 86 5
11 7 20 142 8
17 16 16 70 10
16 10 5 45 1
10 5 5 50 6
2 18 17 63 4
5 8 3 57 8
3 18 12 54 8
18 7 9 94 2
8 14 12 38 6
2 18 6 77 4
7 19 20 168 8
9 15 10 95 5
17 1 2 76 4
17 7 5 95 2
4 11 13 45 2
7 16 18 154 1
7 3 17 60 2
19 13 17 133 8
3 13 10 98 1
13 9 7 104 3
10 2 11 34 7
9 4 3 48 3
19 4 3 90 1
3 7 11 78 8
15 8 20 101 10
12 9 20 127 6
8 3 8 72 4
17 13 4 95 3
12 6 2 41 3
9 14 12 91 3
14 6 20 156 6
16 14 7 110 7
10 20 17 125 10
13 4 8 82 3
10 18 18 142 6
10 7 4 31 2
19 8 18 122 8
3 15 9 107 1
16 15 19 174 2
18 8 13 127 4
9 14 11 124 5
3 4 20 59 4
20 3 15 98 5
4 7 14 36 1
19 10 16 123 10
11 13 11 63 10
1 4 19 49 8
20 6 15 68 4
17 20 19 130 4
19 10 1 81 9
18 18 4 53 2
10 14 15 151 4
11 19 3 65 8
9 12 18 49 2
19 11 8 95 4
7 8 11 44 7
8 20 15 51 8
8 3 16 68 4
20 15 3 131 4
11 12 9 46 4
3 15 8 79 8
8 1 8 52 6
6 19 1 61 10
2 5 16 32 5
13 11 12 137 7
16 10 11 124 3
8 5 3 45 9
6 16 16 73 1
10 4 16 106 3
4 15 8 85 1
7 4 2 41 3
11 1 6 71 7
5 16 12 96 4
1 14 11 56 2
6 1 20 73 7
1 2 20 78 10
19 17 17 166 5
8 13 14 115 1
12 2 20 93 2
10 16 20 182 1
20 14 8 108 9
8 17 11 53 10
15 1 6 40 10
11 19 16 155 7
6 3 15 47 5
20 8 3 112 9
13 1 18 85 10
10 19 7 50 1
2 4 13 40 8
14 13 5 111 9
16 10 17 88 1
2 17 17 60 7
17 8 13 113 5
8 4 2 25 1
10 8 6 92 1
3 11 8 53 7
2 11 19 44 3
15 3 11 92 2
3 3 7 29 9
19 10 20 69 3
5 9 19 122 9
6 10 6 69 10
8 20 3 34 10
19 12 17 152 5
16 7 19 130 1
10 18 19 124 2
17 19 14 155 5
6 6 10 57 7
1 1 17 50 9
13 6 20 137 6
11 11 2 90 2
5 16 10 96 3
11 2 10 75 7
12 13 12 104 7
18 1 19 99 8
15 4 20 79 6
16 10 17 149 10
5 20 9 80 4
6 16 5 76 9
15 1 2 63 1
3 1 19 69 9
13 11 15 121 8
6 1 9 45 9
9 15 19 100 7
8 20 6 126 5
4 19 5 67 8
12 20 18 153 3
8 20 18 53 3
13 6 17 63 4
11 5 9 35 9
12 14 9 62 7
20 7 12 154 5
14 1 12 67 8
5 17 19 57 6
19 10 12 83 3
17 16 2 44 8
10 2 13 36 7
13 4 4 39 5
16 8 5 56 9
10 20 13 167 10
4 10 14 70 3
19 1 13 81 9
2 8 13 29 1
9 14 15 130 3
19 4 7 38 8
3 7 11 80 10
7 18 10 105 7
1 5 16 35 4
12 12 15 92 5
12 10 18 67 3
17 16 16 86 3
2 13 15 39 9
18 13 11 68 4
8 7 19 134 9
15 14 2 96 6
9 4 13 65 7
2 1 20 78 10
3 17 17 108 6
14 8 10 56 7
6 4 17 36 1
8 9 6 36 5
15 15 5 99 9
4 9 4 36 10
5 8 18 54 4
4 19 19 129 7
14 13 9 95 1
15 5 7 88 1
18 16 14 116 5
18 12 11 88 3
11 16 4 104 6
18 11 1 67 1
12 6 6 69 5
1 16 1 59 2
11 16 15 101 2
19 19 4 77 4
19 15 17 196 9
13 5 4 23 10
10 10 2 65 7
13 16 19 75 3
19 18 17 120 10
6 10 18 135 9
18 17 17 163 1
15 18 16 188 1
5 13 13 74 1
12 20 16 97 2
2 14 15 110 2
17 3 12 64 3
5 12 3 77 9
4 9 12 57 3
4 14 5 38 1
5 5 18 108 1
14 18 8 44 4
19 8 5 92 6
9 16 1 65 6
4 13 10 84 3
4 16 19 115 4
1 17 15 93 7
1 11 12 75 4
10 7 1 64 2
19 20 10 159 5
1 17 14 104 7
5 19 10 44 8
15 1 20 143 6
4 15 8 105 6
5 4 18 53 1
7 14 5 59 10
6 11 3 55 9
20 2 18 129 3
9 13 11 45 7
9 20 7 41 10
20 3 7 43 9
7 4 12 56 8
13 17 14 123 9
19 8 1 58 8
2 18 12 35 6
11 2 14 32 8
11 10 13 121 4
20 5 6 43 7
8 16 9 109 6
5 5 9 31 7
4 14 1 49 9
1 14 20 100 3
8 19 20 168 1
1 3 15 47 3
17 1 13 88 10
17 9 7 35 7
7 15 10 107 2
4 15 20 78 9
11 18 12 101 6
13 5 6 77 8
15 20 16 145 6
18 16 12 123 3
13 5 11 104 1
10 10 11 101 10
19 7 11 80 8
18 9 16 144 1
10 4 9 26 2
19 16 6 88 5
7 4 17 56 10
4 14 5 24 8
7 12 16 36 10
4 20 9 66 10
14 2 1 28 8
10 4 12 63 9
6 6 15 38 9
17 19 4 153 7
3 5 8 20 7
12 19 7 144 8
5 20 13 140 8
8 2 7 48 6
16 8 13 106 8
11 2 18 93 3
5 2 5 14 10
18 3 11 86 4
18 8 9 139 2
12 20 19 64 4
10 3 11 62 1
17 16 17 191 7
6 16 7 41 10
11 9 9 71 4
12 12 12 99 6
2 13 6 81 10
12 16 11 104 8
17 14 4 89 9
5 17 2 87 2
11 20 7 88 10
9 3 3 47 5
19 9 3 114 9
14 7 15 123 8
16 3 16 84 3
15 16 16 121 8
10 2 7 58 8
19 11 12 162 3
18 7 14 68 5
4 10 11 45 10
17 9 15 54 5
5 4 11 70 4
15 19 20 178 5
18 15 5 90 4
16 10 6 118 3
1 7 3 36 7
14 17 4 91 4
10 7 6 86 5
9 6 20 68 10
20 15 16 66 7
13 19 15 112 6
4 17 3 60 7
20 11 1 76 9
8 11 13 49 7
16 12 10 143 5
1 14 8 78 10
9 10 19 112 2
11 14 2 53 10
1 6 5 36 6
5 9 9 29 10
20 2 20 133 9
3 1 20 86 9