350
17 18 9 163 4
4 16 14 123 5
14 6 19 45 9
11 16 4 97 7
8 7 11 56 9
20 8 1 102 7
15 5 5 30 7
2 17 9 82 10
7 19 19 147 3
6 14 17 64 1
2 5 7 33 1
9 14 3 100 7
1 13 10 70 9
11 16 7 89 3
11 15 4 61 5
9 17 4 85 10
19 5 15 54 2
5 2 2 17 2
17 14 4 78 5
11 10 8 111 1
19 7 13 135 9
15 7 17 84 7
13 11 20 142 9
4 14 9 75 3
19 9 19 171 9
14 4 7 80 9
19 9 16 82 7
11 4 16 119 10
6 4 10 54 8
13 12 7 66 9
15 14 3 85 9
12 9 8 45 8
15 9 19 151 3
7 8 9 60 2
4 14 1 34 3
10 20 15 132 8
20 5 4 109 6
13 7 2 32 3
14 18 8 60 10
16 11 1 74 1
1 19 14 111 2
13 18 9 79 1
10 7 18 126 9
8 14 18 100 7
16 10 5 60 2
16 2 14 51 7
14 4 13 43 5
11 13 9 70 9
17 1 1 65 7
7 16 7 78 8
17 2 7 71 5
13 6 1 46 9
1 8 1 34 6
10 7 5 76 9
7 3 16 54 1
5 12 1 62 7
12 13 15 103 3
17 3 2 25 1
13 13 5 84 2
12 4 16 76 6
6 14 16 67 6
5 6 11 69 5
6 19 8 114 3
19 6 15 155 4
6 6 19 50 3
20 7 17 174 4
2 1 18 39 4
18 14 4 94 5
8 16 9 59 8
14 2 5 74 7
12 15 7 113 6
2 20 1 62 5
6 6 19 95 3
15 17 3 98 7
10 14 8 127 6
16 20 5 74 8
13 11 2 94 2
15 12 14 142 7
7 15 15 107 8
19 12 9 142 5
12 20 5 145 7
18 13 10 155 9
13 9 6 102 3
3 10 14 69 10
16 8 20 100 2
9 4 4 31 6
10 15 19 145 1
8 1 19 58 2
15 2 15 98 9
18 3 6 81 1
9 10 5 76 7
17 1 18 62 9
14 20 5 48 7
18 9 18 67 5
11 15 16 147 10
20 1 4 54 7
1 3 14 71 10
10 12 2 78 4
4 8 19 57 10
4 7 7 23 9
17 9 20 179 9
15 19 5 130 10
15 13 1 54 5
11 6 8 32 7
11 1 2 44 10
4 10 8 57 4
11 8 14 62 2
18 9 14 66 2
8 18 19 119 1
14 17 12 73 10
20 6 1 30 9
1 20 18 154 1
12 4 12 41 2
7 10 13 77 1
9 20 7 101 1
2 8 6 35 9
3 4 6 39 4
19 20 17 134 8
9 15 7 78 7
17 8 5 69 8
11 11 12 100 4
2 1 2 12 1
2 17 8 103 5
5 13 4 73 5
4 6 20 65 9
14 3 20 112 7
2 17 4 64 8
15 1 18 35 9
13 17 7 56 5
19 8 18 129 8
16 19 2 116 10
20 10 5 117 10
16 1 3 74 1
6 10 5 80 5
20 5 2 52 9
9 18 6 34 2
8 15 17 110 3
10 13 6 93 8
17 17 2 139 5
14 7 8 73 6
12 20 2 103 7
9 5 17 86 4
2 10 7 38 6
13 19 16 145 4
6 16 1 45 6
16 5 11 125 5
9 19 7 91 2
13 9 2 49 1
2 18 19 54 3
18 3 3 90 6
19 8 3 68 10
14 2 11 85 7
13 1 6 71 7
13 10 2 51 5
19 17 11 153 10
12 18 17 183 4
9 8 18 123 2
16 3 19 97 4
1 6 4 15 5
15 13 12 132 2
9 10 2 61 5
11 16 3 74 5
17 20 7 129 9
11 10 1 63 9
3 15 11 45 7
12 2 5 42 9
16 15 2 112 7
2 18 17 121 3
20 6 7 55 10
1 3 17 38 9
4 6 2 29 10
12 12 16 43 6
13 12 13 85 8
11 2 1 15 3
4 20 1 46 4
8 6 2 18 8
2 12 14 60 2
2 14 6 29 1
1 8 8 29 10
7 8 20 37 10
15 11 20 126 10
11 20 12 68 9
3 17 6 96 3
2 11 10 87 8
7 8 11 77 2
13 16 4 47 3
12 1 12 71 5
16 3 14 104 3
4 8 16 82 7
6 9 15 91 10
11 15 5 36 8
10 3 12 48 4
19 1 15 61 1
18 6 17 130 3
2 1 7 19 8
17 1 20 74 4
10 14 10 52 3
2 14 1 46 2
8 9 16 86 9
12 7 3 71 1
5 9 10 90 9
20 4 18 95 6
16 19 16 192 6
17 17 18 158 1
6 14 12 71 10
2 19 10 34 3
11 19 10 90 9
10 13 14 63 6
2 8 19 41 2
20 12 5 78 10
7 13 8 59 10
2 10 12 53 4
14 4 1 73 4
5 1 4 38 4
17 10 7 111 4
17 18 12 128 5
17 2 4 24 9
9 8 3 78 1
10 3 11 69 3
2 10 17 110 10
2 18 15 85 6
3 9 17 52 2
19 3 6 46 9
18 6 5 86 5
11 4 9 92 4
19 12 13 170 2
3 13 7 74 5
9 18 1 30 1
2 18 3 63 9
12 3 5 72 9
17 14 10 88 4
15 12 3 94 9
10 6 17 61 6
20 18 19 158 2
2 9 13 25 4
18 9 18 174 9
19 14 1 116 10
5 7 4 25 10
17 7 9 81 4
8 3 3 49 5
11 4 5 56 5
4 2 1 26 4
13 16 9 70 6
11 7 1 39 3
2 6 7 18 7
15 10 6 36 10
15 2 17 48 5
2 17 19 138 3
18 18 6 107 4
15 8 12 123 5
19 5 11 100 7
1 20 5 83 9
14 3 7 85 4
13 3 2 39 4
15 7 18 52 5
19 11 12 92 6
18 20 18 82 6
4 5 8 42 7
15 13 8 78 4
5 3 8 62 7
7 10 8 30 7
10 6 5 42 6
7 12 11 81 6
19 5 17 135 8
10 5 15 95 9
15 7 13 106 7
8 5 9 38 2
20 16 6 102 3
18 11 6 105 8
18 5 2 35 5
4 6 1 18 4
8 3 18 75 2
5 14 1 44 10
6 18 10 85 9
4 15 17 129 8
5 17 15 43 10
11 2 17 104 2
16 1 17 112 1
9 14 18 82 1
14 16 2 92 9
20 6 12 149 4
14 11 4 51 3
7 8 7 82 4
16 20 2 50 1
5 20 3 101 8
20 10 7 132 4
17 17 5 145 7
5 4 11 63 7
18 11 5 113 1
1 5 2 19 1
20 1 1 66 8
19 14 4 58 9
7 13 18 70 8
16 4 14 54 6
1 17 10 31 1
17 3 10 71 9
7 18 20 58 5
19 19 10 159 6
16 3 19 151 8
20 12 5 72 1
17 13 15 47 6
13 7 14 91 7
13 3 10 58 9
1 20 2 56 9
20 15 6 113 8
13 3 15 40 7
2 13 13 77 1
4 6 16 71 6
19 2 1 72 5
15 1 6 23 3
2 12 14 65 3
11 8 2 46 3
1 3 15 38 8
12 15 14 98 7
5 8 14 105 10
9 16 2 76 9
8 12 12 63 8
1 7 16 53 5
14 5 6 50 8
4 18 18 106 10
12 11 20 111 1
3 20 12 91 9
13 5 5 58 2
14 7 3 81 2
1 7 16 29 3
8 7 16 81 4
1 5 3 34 7
12 18 15 144 6
3 16 8 72 9
19 14 20 64 3
20 18 5 111 7
10 18 17 169 10
7 2 1 12 6
20 13 8 74 5
16 3 12 68 4
15 4 5 48 3
16 8 11 39 8
15 7 5 51 8
2 9 3 35 9
3 17 12 69 4
12 19 13 94 1
1 3 7 34 8
19 14 1 99 5
11 20 14 104 2
9 20 12 148 4
19 4 5 107 7
10 19 19 102 2
6 9 5 75 1
18 4 14 137 8
2 6 9 38 10