50
16 17 9 60 8
17 5 20 76 4
14 7 18 100 9
2 15 18 45 4
17 15 12 131 2
4 9 5 24 10
12 16 12 99 1
16 1 18 129 9
20 3 9 94 4
13 7 17 115 1
8 19 15 133 2
17 8 10 106 9
13 15 15 81 8
9 13 19 63 5
14 13 12 51 5
9 6 2 26 4
4 13 18 91 2
17 13 17 91 6
20 18 20 126 8
3 2 3 11 6
12 18 17 108 10
4 7 4 24 5
6 18 15 39 8
3 9 15 107 1
2 5 19 49 5
2 16 6 93 5
9 3 11 76 8
20 2 19 59 8
16 18 1 86 10
14 9 17 64 7
2 6 17 83 4
17 20 12 153 8
4 10 20 126 1
9 13 10 33 5
6 5 6 65 6
2 2 15 55 3
15 10 1 80 5
8 5 6 68 3
15 19 7 121 3
5 18 3 85 4
10 12 16 118 9
14 11 18 122 7
8 11 20 117 10
7 14 8 97 6
11 8 5 47 4
8 17 7 89 4
8 4 12 65 9
10 19 3 33 6
18 12 3 46 3
15 4 12 53 5