500
54 82 61 13032 8
81 66 48 18213 7
72 78 75 8138 2
85 75 93 12375 9
35 31 62 25071 5
5 79 80 20160 8
54 1 71 21645 1
25 49 24 19882 1
18 3 53 10337 9
50 68 3 17208 10
93 24 48 10225 3
59 16 70 23859 1
60 94 70 837 3
98 92 97 22791 7
63 57 38 17321 2
66 61 10 17092 10
6 62 90 14268 3
43 22 24 14740 10
92 65 22 8933 10
14 39 23 10277 5
6 40 93 15627 3
48 2 64 16042 1
70 92 67 23002 4
41 78 26 19364 4
67 82 77 4619 8
37 30 34 20141 9
21 40 23 21968 1
99 53 54 23740 8
98 81 40 16497 9
33 51 40 22003 10
7 18 62 17715 8
21 48 39 17621 5
73 59 96 658 8
17 68 23 11438 6
66 32 20 18393 1
76 79 12 11961 7
2 65 15 13741 4
84 69 35 7818 9
56 20 97 18998 8
74 68 71 12683 7
11 21 99 18079 10
83 30 93 13400 5
1 5 89 4025 5
95 93 73 4645 7
90 58 82 10364 8
86 14 59 21375 2
11 42 31 10608 6
58 100 78 24325 6
3 61 5 394 3
97 42 66 3152 10
42 83 38 7007 1
53 46 56 19680 7
45 88 77 19937 6
58 89 48 14782 8
85 39 71 523 3
86 84 54 8761 3
95 28 91 11435 1
81 53 70 6511 3
73 9 25 17469 5
31 61 71 19998 1
74 46 88 17044 10
88 55 45 8549 8
18 9 94 23950 7
100 59 50 21400 9
52 31 2 24172 1
28 49 30 13508 8
45 79 31 17406 7
2 54 31 1611 10
76 13 47 22638 6
89 96 84 24807 9
48 51 34 21011 1
67 45 59 20190 7
17 89 17 19338 2
8 7 85 8056 6
66 77 66 1697 4
5 24 28 20172 1
79 47 97 10403 10
43 77 17 12331 3
67 81 85 11317 6
48 16 76 5754 3
6 41 10 19919 4
52 52 4 25095 3
22 71 48 24347 1
64 96 63 21975 10
37 36 83 15671 5
82 45 31 14512 4
59 8 91 5211 1
9 34 59 17965 5
62 72 28 8102 7
87 29 48 18962 4
18 72 60 13827 10
42 93 40 14520 2
12 4 78 9048 4
48 60 45 4854 8
8 47 62 16911 3
36 39 22 21695 8
100 84 38 22190 9
82 57 60 17658 5
5 66 67 21483 9
7 99 47 8751 4
30 74 74 22429 2
6 46 10 2185 10
56 81 83 11436 8
90 2 74 2118 5
36 100 20 16576 6
78 31 46 23963 2
30 43 66 4568 5
10 58 81 5489 10
55 24 35 17712 8
95 62 52 2977 9
87 1 32 10725 9
42 54 22 4666 6
43 51 6 17676 2
44 55 42 24265 8
48 99 10 16560 10
62 71 97 12176 5
48 31 71 11874 4
39 3 77 11643 9
87 55 8 11433 4
53 21 42 7436 7
6 55 7 18674 10
62 28 32 18422 4
32 78 30 23548 1
2 64 32 3302 7
17 99 50 195 1
69 80 25 18006 2
5 53 28 21829 9
56 15 98 791 4
6 28 82 23555 9
95 64 31 19595 2
11 97 25 10164 10
99 5 58 21984 7
57 48 16 9900 10
95 60 88 745 7
27 18 83 13682 2
37 60 67 2593 6
25 19 100 18397 10
14 40 34 21870 4
5 79 41 11661 5
76 84 32 3749 1
17 78 6 19828 5
21 70 49 11819 3
78 72 36 3855 1
75 12 57 179 8
32 99 45 5810 8
90 29 5 21219 6
30 68 86 15750 10
4 56 40 24326 9
52 35 39 18871 9
52 83 86 19022 4
12 53 19 4341 2
63 60 8 10348 6
49 41 74 13878 4
70 6 83 25021 1
21 92 15 14594 1
18 56 66 7139 9
43 78 9 6038 10
16 87 20 10271 6
8 43 60 15516 7
68 72 82 2579 10
100 70 89 3824 1
23 20 7 3376 10
28 92 55 19264 2
39 27 70 13770 10
47 95 50 7092 8
76 19 44 18883 9
52 59 90 5550 3
5 60 38 3354 4
67 30 52 2241 3
10 89 92 13471 10
38 73 89 20503 7
16 78 70 22927 3
70 3 97 25176 3
29 64 19 23950 1
89 24 91 6711 5
21 6 18 5497 5
36 8 47 19753 1
40 91 1 559 5
3 99 76 15344 7
56 87 65 2585 4
69 81 66 7605 2
23 13 66 2097 3
27 85 66 18070 8
86 10 16 17208 10
7 54 28 13914 9
36 11 22 15408 3
71 52 40 10371 6
66 88 37 24438 1
86 32 85 1937 8
23 75 65 7460 5
42 99 85 16714 2
77 16 2 908 4
20 50 12 4970 7
41 7 29 1416 9
97 31 30 4720 6
89 47 91 14807 8
25 55 76 451 8
47 22 69 16543 9
60 69 77 1352 10
21 52 90 20051 9
63 26 19 18983 4
18 36 11 7154 8
33 14 64 18192 5
80 51 14 3002 1
94 21 28 11634 8
30 71 20 1104 4
64 20 92 6125 7
23 29 39 7437 5
25 36 79 6739 6
7 22 87 11415 4
17 89 34 495 4
85 16 80 1490 5
79 4 33 5685 8
37 26 46 905 6
86 91 4 16666 5
11 22 48 8932 3
96 47 95 4017 5
84 24 76 2039 1
31 36 34 20942 9
76 70 18 12744 6
63 63 83 17446 5
74 13 48 14078 2
98 84 77 15460 10
63 46 56 1554 5
20 59 30 17858 2
89 38 50 7400 3
24 89 79 18586 6
19 27 6 18986 10
57 39 32 10855 2
50 87 56 9968 2
40 59 90 21547 6
46 26 63 17427 9
62 14 78 19147 4
17 70 44 15690 7
31 51 99 10652 1
56 13 54 17962 10
59 11 75 15277 4
17 55 35 17268 9
73 98 31 24794 7
66 98 70 20669 1
19 91 30 9731 10
99 75 97 21087 3
37 62 58 6710 3
26 75 51 7470 4
84 1 63 5051 4
89 92 45 13502 7
56 21 38 10532 4
33 3 72 3332 1
76 21 77 850 7
73 1 91 5726 3
63 23 49 17369 8
60 100 23 16082 4
95 93 43 3436 4
51 85 23 17558 7
43 3 27 2171 7
49 79 56 9939 2
61 10 67 23511 6
42 83 83 9195 6
32 48 44 812 9
98 90 40 2990 3
37 12 5 2173 7
10 64 93 3501 7
40 67 9 7273 6
25 31 57 20544 7
83 58 47 4151 6
29 52 53 15974 2
71 59 27 7105 10
100 95 49 2387 1
20 70 74 14005 3
93 39 21 20033 8
15 62 30 5258 6
22 20 37 23857 10
69 52 97 11739 9
37 2 17 20506 7
65 45 38 1645 10
79 27 61 2131 4
84 3 45 8873 7
50 23 91 3967 2
72 81 76 10392 4
2 81 90 3324 4
4 30 41 22291 6
24 18 96 4280 1
90 39 23 7323 9
65 49 72 20138 1
94 84 8 3028 6
61 71 37 9795 7
15 33 59 23783 4
5 91 66 2597 4
88 72 94 15588 8
17 49 14 24417 3
1 41 18 1099 1
19 76 2 8311 3
97 80 41 15040 6
27 92 80 19487 3
73 5 61 17495 3
88 72 29 2507 5
37 2 51 5903 10
79 94 67 15352 9
55 18 66 6316 9
16 50 7 7821 3
35 33 99 5325 10
43 22 62 1939 5
74 21 7 20555 10
39 26 44 10352 3
10 73 35 1619 2
23 38 98 5610 2
83 27 45 6073 4
99 69 25 13956 5
98 7 4 8317 8
78 79 15 9221 7
28 78 95 8628 9
10 82 38 3944 7
70 97 14 18584 4
56 93 24 3760 8
68 23 56 4431 4
85 50 12 8777 4
36 38 78 3682 9
90 98 39 22913 5
2 64 1 20417 10
18 52 3 7469 1
90 93 58 13764 7
22 54 100 23031 9
31 47 35 22350 5
59 67 39 22463 7
70 71 40 942 10
58 62 11 10670 6
1 67 77 7990 8
1 91 38 5577 10
33 7 37 14485 10
3 31 48 19163 1
86 67 86 10716 10
19 10 87 12642 9
58 6 58 2712 5
34 20 66 18578 1
9 56 29 14066 10
9 72 32 7893 8
4 38 32 3914 9
56 56 84 13781 1
61 15 10 9226 5
2 55 16 10997 8
61 48 83 22807 8
73 65 20 15592 6
12 37 17 17384 1
44 65 13 3755 2
74 70 24 21086 2
14 86 18 19577 2
17 97 29 7511 7
5 54 58 20621 10
95 91 84 14475 1
75 98 57 12868 1
15 97 17 23150 7
42 35 17 13203 4
76 46 35 18474 6
66 32 22 1828 9
10 33 11 20878 8
3 51 27 8874 4
83 65 83 7647 7
85 20 63 14571 4
44 59 72 5537 3
80 28 14 9401 7
46 86 37 18014 7
37 81 40 6009 9
28 22 57 239 1
93 2 3 691 5
61 70 65 24064 10
48 39 75 22700 10
74 72 32 7893 2
69 6 46 10085 9
23 19 100 9982 9
63 82 41 12809 6
8 57 71 21584 8
86 22 45 5562 10
97 78 57 24346 3
9 46 14 23277 2
96 78 69 16826 9
35 29 20 16649 8
94 54 4 22001 8
9 76 3 15894 6
71 24 41 5331 7
62 58 84 9681 7
56 100 36 19836 10
71 22 13 11516 1
7 14 38 8976 6
83 8 47 21591 10
51 85 87 7683 1
5 86 78 14255 5
97 14 64 14544 7
31 62 17 18506 1
72 57 2 16959 4
54 66 4 13238 7
64 44 50 17368 6
50 42 75 6593 1
95 6 20 11042 6
60 57 50 4478 4
85 28 92 19352 9
31 87 78 15455 1
43 42 17 7794 1
80 15 24 23816 4
84 15 54 10695 10
25 59 66 24315 3
75 8 6 20426 10
28 19 79 23399 9
93 32 31 18096 5
65 24 9 21873 4
39 70 23 21184 6
6 82 37 1385 2
44 10 44 8554 7
59 76 17 22554 2
17 38 34 10312 7
48 13 5 12142 8
17 32 60 10582 4
37 22 91 9253 8
95 3 4 11411 10
86 49 48 16194 6
2 83 32 23057 1
95 24 43 12664 8
60 62 95 17231 9
7 25 81 14841 6
58 4 5 19974 9
46 15 44 6302 9
88 7 97 14375 4
83 89 10 21042 9
40 28 45 23586 8
52 6 16 2797 9
59 8 51 3713 6
36 98 36 9242 9
36 51 56 2795 4
83 27 12 10889 4
64 24 9 17248 8
34 4 39 6634 8
54 51 42 18763 9
82 69 55 11037 5
24 91 67 5702 9
20 15 50 21887 8
58 25 70 1617 5
22 83 58 9264 3
49 100 93 6732 4
29 47 38 23271 10
56 88 55 17048 2
29 5 63 1796 8
89 19 19 9288 7
38 38 37 6273 1
84 40 2 8214 4
17 5 60 21094 5
49 51 65 9682 2
79 17 39 22612 5
25 7 36 20098 8
3 8 58 24397 9
89 86 2 4357 6
85 89 86 18566 3
88 96 93 6069 10
7 70 75 19155 8
77 51 58 9277 7
11 40 72 22373 5
34 74 74 24273 1
64 20 25 6823 5
76 20 87 15452 10
40 45 87 8127 2
94 59 51 10160 4
52 84 46 18699 10
24 36 36 13774 3
89 14 95 11759 3
75 97 59 13389 5
64 70 11 13858 1
79 13 52 12574 6
72 86 83 8345 6
38 58 93 857 3
93 50 43 10822 9
15 74 1 9273 8
25 96 62 3692 6
57 4 1 20893 9
28 8 23 18724 1
55 84 13 15113 6
92 81 79 5068 10
88 3 41 15642 7
39 30 50 6048 9
27 92 15 6968 8
78 72 84 16004 9
96 94 76 18282 9
39 5 18 1372 8
61 4 59 12261 2
9 15 85 11863 5
80 73 90 12004 9
77 65 26 20422 7
75 36 33 18804 5
19 35 96 300 10
31 96 25 21733 8
36 66 11 22155 10
93 15 14 9284 7
45 72 67 11345 3
51 74 76 9597 6
86 91 53 20390 10
76 16 13 24296 6
58 99 85 16982 5
99 99 48 1349 7
28 77 42 14728 6
62 66 77 4662 7
44 19 25 2261 2
18 44 28 1942 1
68 22 63 9996 4