300
2 9 1 1320 6
5 4 8 334 3
5 2 9 1321 6
3 2 8 744 9
5 7 5 859 8
5 3 4 553 3
5 9 7 566 3
4 8 4 509 3
2 1 9 352 9
1 6 6 713 7
9 6 2 1235 8
3 4 4 378 8
8 1 2 878 9
6 5 3 471 5
8 9 6 1466 9
4 6 3 832 4
8 3 9 715 7
9 5 8 103 3
7 2 3 330 8
5 4 5 935 9
8 3 2 567 1
5 6 8 799 3
3 3 8 308 9
2 5 4 554 1
2 8 4 696 5
8 6 1 1236 4
5 6 8 431 2
2 7 6 21 5
4 8 6 671 6
9 3 4 703 6
4 2 2 238 1
1 8 1 188 6
3 3 8 252 9
9 1 3 590 9
9 1 2 539 6
7 3 3 663 1
5 3 8 184 3
5 9 5 1078 9
8 8 9 305 5
5 6 3 629 8
2 8 7 719 6
5 7 6 1277 7
1 7 3 125 2
4 4 5 1347 8
9 4 4 658 8
9 1 3 939 8
5 1 2 1084 7
8 4 9 1273 8
9 7 6 1017 7
1 4 2 1052 9
8 6 3 582 9
9 3 1 854 1
4 6 7 711 9
1 7 5 898 9
6 2 4 1043 5
6 4 9 53 8
9 2 7 606 8
5 4 2 1188 6
9 3 3 24 9
1 9 8 1154 7
8 8 1 1017 3
5 2 5 286 8
8 2 4 1091 1
9 6 1 449 6
2 1 1 1260 5
1 6 7 282 2
5 9 8 1276 4
9 6 1 739 5
4 8 8 163 3
9 8 1 945 6
2 6 3 1302 5
9 2 6 1183 1
5 4 2 920 1
9 6 6 1301 9
9 6 5 716 5
3 8 5 1063 6
6 8 1 1010 9
2 5 4 1164 8
3 6 3 339 5
2 8 4 787 5
4 5 8 1182 5
1 6 8 326 9
2 5 4 285 9
1 6 8 1051 1
1 8 5 996 4
9 1 5 144 1
6 1 9 321 9
3 7 2 1201 7
7 5 6 1291 1
6 8 3 309 8
8 9 1 1392 7
9 7 3 150 7
3 7 4 268 6
1 3 7 1233 3
2 3 4 639 2
9 6 6 1352 5
7 3 8 19 5
8 1 1 1034 6
5 7 4 1283 1
2 3 3 39 9
9 8 9 1196 9
6 8 2 1274 1
5 6 9 1283 9
6 5 4 310 7
1 2 1 798 1
2 9 2 988 1
4 8 4 525 3
4 6 1 1179 8
5 1 5 653 7
6 7 4 611 3
2 6 3 1431 8
7 1 3 1043 9
7 8 5 596 9
9 8 7 642 6
2 9 6 1219 3
4 8 1 1408 4
5 4 2 480 6
1 5 8 165 3
9 6 3 1019 1
1 7 5 600 7
3 5 6 712 1
1 1 2 113 9
1 2 9 628 7
6 8 1 117 1
3 2 8 432 1
8 5 9 1177 2
1 8 6 368 2
2 8 4 1093 5
7 4 4 744 9
3 7 2 1145 3
3 4 2 88 8
1 8 9 1499 3
8 3 5 1334 1
2 6 8 935 6
3 2 1 923 8
3 9 3 1067 5
4 7 7 974 5
4 7 3 1001 4
1 9 7 1127 6
9 8 2 774 2
4 8 8 1253 7
4 5 9 455 4
8 5 1 1457 8
7 7 1 1075 6
4 1 7 37 1
9 7 3 1157 4
7 2 3 64 5
4 9 1 1113 7
4 1 2 1009 9
6 9 3 59 2
9 4 9 582 7
5 5 1 1402 9
9 3 8 999 3
6 1 5 1025 4
6 9 6 787 7
2 9 7 754 5
4 8 1 874 4
1 8 6 862 1
2 6 4 1116 8
9 2 2 885 3
7 3 9 405 9
6 6 4 1420 6
2 9 7 938 6
1 9 4 327 5
3 9 7 559 7
9 2 8 1161 9
8 2 1 1105 1
6 8 9 233 6
7 4 9 1388 9
8 7 2 1215 9
3 7 3 206 9
4 9 8 984 6
2 5 6 1409 2
7 7 4 1033 7
8 7 2 1301 1
1 8 7 261 3
5 6 3 49 2
4 4 6 1000 6
4 5 3 129 1
1 3 1 771 1
3 9 6 200 6
2 4 8 640 8
8 3 2 812 8
7 4 5 114 4
1 3 4 759 8
5 2 9 1084 7
8 8 5 586 6
7 1 8 310 4
5 5 4 401 1
3 5 7 1473 1
4 6 7 44 5
8 9 3 907 5
8 4 5 1338 6
8 4 7 1275 2
3 9 9 673 5
4 9 6 105 3
7 9 6 591 2
6 3 4 769 4
3 7 3 1444 8
5 9 7 635 8
2 5 1 1034 9
9 6 1 1226 9
5 2 2 279 3
6 3 2 1144 8
8 5 9 1073 7
4 3 6 1272 7
9 5 7 219 3
6 6 4 910 8
5 9 5 1441 2
2 6 2 300 9
9 6 6 1411 2
7 2 4 121 3
4 9 8 1252 9
1 8 1 1337 1
1 8 4 1355 3
8 6 4 866 2
4 2 2 759 5
6 1 3 592 1
7 4 6 1247 1
5 2 7 868 3
6 6 4 36 2
1 3 3 711 8
6 3 5 807 3
7 4 6 376 4
4 1 1 226 7
7 1 4 1364 8
7 1 9 890 6
4 9 6 463 4
1 5 3 21 7
6 7 5 525 8
7 9 6 1473 8
9 1 9 1489 2
7 6 5 1274 2
1 6 6 1404 6
3 8 5 865 1
1 8 4 1436 1
1 1 3 583 6
4 7 7 34 3
4 7 8 698 4
6 8 6 599 5
3 3 2 1413 5
2 5 2 1100 3
1 3 4 34 4
6 3 9 1460 9
8 8 8 104 8
2 6 1 883 1
2 2 7 1115 9
8 1 8 866 5
4 9 2 895 3
1 6 3 348 7
1 1 5 1094 5
2 8 1 1292 5
2 5 6 638 5
4 1 1 997 7
2 2 9 88 7
1 2 4 1133 5
1 5 5 1302 2
4 1 4 676 9
7 6 8 671 6
3 1 1 1012 3
7 8 1 31 6
6 7 9 282 5
1 9 1 453 8
8 9 1 1450 1
5 1 4 311 3
7 4 7 1271 6
1 2 4 415 9
8 7 4 828 1
5 4 3 1450 8
8 7 7 976 7
3 2 5 632 8
6 9 4 790 8
3 1 8 410 1
2 2 5 32 9
4 9 3 1343 3
9 1 1 513 4
3 2 1 476 4
4 3 9 974 5
6 8 3 1216 1
8 8 6 1331 8
6 7 7 1163 8
4 6 5 563 2
3 9 3 1411 5
1 5 1 497 8
7 5 1 477 9
2 1 3 331 8
5 9 5 717 4
1 3 8 451 7
2 9 2 789 6
1 5 2 594 8
6 5 8 694 3
2 4 6 189 7
4 7 7 1438 7
4 8 1 930 6
2 5 3 203 4
9 7 1 399 3
4 4 3 1011 1
8 9 4 1379 4
3 9 6 329 5
8 6 5 499 2
