100
100 96 59 5177 1
63 14 41 2880 8
84 1 98 4054 7
82 35 97 242 3
57 54 33 4270 6
64 5 20 3560 4
49 74 87 2252 10
22 33 65 2186 3
44 26 73 2865 2
37 71 45 2991 8
47 63 8 135 6
57 61 60 3067 1
75 81 98 290 8
69 42 49 2230 5
64 41 47 1110 3
58 32 33 5016 6
50 29 48 3356 2
84 54 36 655 9
94 71 74 329 10
35 66 69 4426 2
39 96 68 794 4
48 63 26 5065 6
59 93 39 4731 10
64 10 90 4062 4
13 61 63 3324 1
28 74 18 3669 4
90 78 17 3715 5
76 95 68 3493 4
43 98 66 3834 3
4 52 11 2630 7
46 47 38 912 9
57 8 16 5066 10
14 50 57 2328 7
12 72 37 2624 9
51 57 35 3150 6
79 29 75 2581 6
86 96 38 1004 10
74 14 39 2666 10
71 98 48 2496 10
93 71 15 1038 8
38 39 76 495 8
42 24 95 2446 1
67 53 63 381 3
96 16 37 2865 2
41 58 54 3423 10
17 50 50 1582 3
70 36 59 4059 3
78 63 72 1454 5
84 7 18 1882 6
64 3 72 2081 1
50 7 52 2018 1
26 58 4 4950 3
89 84 49 2578 6
87 65 73 3593 3
93 60 1 2650 3
21 80 41 4422 4
30 69 100 4162 1
62 31 90 3357 7
99 38 65 2663 9
22 85 43 1992 10
50 39 10 1911 2
29 17 38 1510 6
66 53 3 971 7
55 84 36 1094 7
51 6 77 1332 5
12 5 3 822 3
42 35 53 1054 1
40 98 14 1191 7
72 61 46 5167 8
40 16 73 4914 6
39 64 85 412 6
15 1 84 505 3
30 61 79 227 6
80 52 29 3483 7
13 77 76 1576 10
4 93 99 1242 8
18 33 39 2187 2
60 8 98 4222 7
2 6 75 1200 5
17 62 39 4931 10
8 28 81 4008 5
33 72 80 2818 6
73 86 16 3730 10
41 72 31 4679 3
47 67 61 3663 10
69 53 63 2762 9
10 9 61 856 5
12 4 59 141 8
99 2 74 3505 1
76 6 46 4442 7
67 46 100 1077 3
53 23 35 3231 3
3 9 37 3959 1
41 90 13 4691 6
69 62 26 4802 9
40 14 95 3338 1
4 57 6 3697 4
7 40 75 1422 2
37 6 85 1338 1
36 25 97 1147 7