250
100 37 45 5131 4
32 43 67 8959 4
26 69 99 10422 2
35 93 39 4738 2
52 88 58 9756 3
10 93 99 1947 6
31 46 43 2838 6
69 3 100 2442 9
73 66 46 5849 6
16 26 1 2611 6
96 12 18 9269 4
34 20 76 9970 9
36 85 46 6450 1
72 52 41 7825 3
13 35 69 7128 7
81 13 85 2098 10
30 1 84 1392 8
33 33 87 9706 7
51 57 89 7403 6
40 33 27 7153 3
13 72 71 5238 7
3 83 35 9156 5
9 30 70 3799 10
3 88 14 3983 4
11 95 63 12316 3
64 38 80 7128 7
3 14 51 8448 5
96 87 20 2500 4
44 66 82 1707 6
56 44 12 1285 7
3 35 100 8181 7
69 56 70 2448 7
67 46 41 2613 3
33 66 45 12196 1
41 28 83 6584 5
34 12 35 8055 3
28 73 5 4307 7
49 88 15 9081 3
96 77 71 11770 9
48 49 13 4831 5
47 31 83 8017 1
94 37 25 8434 1
76 91 78 7061 6
6 24 5 8772 10
43 69 40 7817 2
66 36 5 5613 6
86 81 28 11641 3
36 55 26 1074 6
95 82 88 2020 8
43 70 22 7628 6
37 78 79 706 4
54 54 20 9084 9
1 27 33 10144 7
39 76 100 9365 10
49 99 76 4582 1
54 4 42 9281 5
70 83 26 11784 3
33 72 76 6764 1
31 86 89 356 4
24 5 21 4472 7
95 33 95 10716 10
98 26 81 6420 8
17 84 70 12358 4
48 100 20 3920 7
43 47 97 2898 3
52 76 69 10163 5
54 7 36 1791 9
81 27 35 1295 1
33 88 48 8993 5
67 89 42 4178 8
76 81 83 7261 1
81 1 91 5272 10
35 79 40 1661 9
82 15 22 10748 6
62 9 97 10000 9
79 2 18 8260 3
71 1 41 1162 9
50 12 11 318 4
92 85 4 2374 7
82 37 55 10627 4
50 35 93 8153 6
61 23 72 2522 1
44 13 50 7869 8
12 96 26 6649 8
62 50 89 1856 10
28 50 83 9847 2
16 75 50 724 2
88 42 44 2281 4
87 76 60 3639 5
28 31 79 1051 6
36 52 56 2044 4
17 27 64 9783 7
45 66 70 9703 10
54 76 40 9266 1
26 22 11 11482 3
80 47 81 2320 10
51 84 42 9572 2
5 65 29 5399 6
16 7 86 7844 6
70 73 55 8571 1
95 1 71 2390 8
1 26 92 1164 6
5 42 60 4601 9
6 46 79 8308 3
30 51 92 2295 2
90 10 50 4547 9
35 73 85 8246 7
60 48 15 2492 8
37 87 27 1650 6
20 76 63 12496 9
51 44 2 305 7
35 31 41 877 8
86 10 98 3852 5
30 20 42 7828 2
3 65 77 9200 1
93 34 26 5632 9
32 41 85 5762 1
58 18 80 2299 5
35 19 97 6110 8
27 5 59 7329 8
8 19 50 7604 3
68 54 79 6394 5
78 63 44 2955 8
69 89 1 6630 8
2 8 53 2095 8
79 74 57 5320 10
64 26 50 7176 8
20 80 91 7032 10
74 2 66 1312 8
21 13 80 5446 9
31 49 20 3516 9
96 52 32 2539 8
31 30 27 9970 7
45 13 28 5346 2
24 23 5 2290 3
52 94 53 10507 3
23 51 22 216 7
51 63 96 3053 4
67 94 99 407 5
92 2 90 2530 5
50 52 74 3859 2
71 25 22 11443 9
63 38 23 1559 6
27 24 80 3871 2
42 91 86 5261 4
11 34 26 1600 5
46 59 69 3993 6
72 53 38 11521 7
36 49 35 11937 8
88 58 34 7928 4
75 45 58 4509 2
88 100 32 10996 9
7 4 43 8059 10
74 32 57 10186 7
54 10 26 7902 8
71 31 94 9526 7
41 48 7 2075 8
7 3 53 2358 3
61 1 22 2562 4
33 58 61 5691 4
26 51 21 1011 10
79 92 54 9675 6
16 65 75 533 2
41 38 20 2051 6
54 71 42 10661 6
63 12 1 4525 3
38 82 56 10501 10
8 69 83 7852 8
49 20 40 5660 3
80 10 71 11514 6
99 82 17 2451 5
19 26 29 9621 3
90 96 39 9491 9
18 92 47 2975 5
42 84 85 1620 9
34 91 85 10358 8
38 53 20 8328 7
20 72 47 7341 4
3 29 12 8954 8
6 28 2 6579 9
61 38 40 7947 5
23 56 54 2731 2
80 84 48 9084 1
41 10 96 11705 1
88 48 2 11092 9
5 79 6 1931 9
32 43 13 2953 9
94 21 26 11188 10
15 91 64 3978 7
17 22 14 11023 6
37 82 28 3329 5
17 44 34 3461 2
98 5 2 11149 7
16 96 62 954 2
23 100 5 7792 6
41 99 96 5895 2
69 43 76 2711 4
79 55 61 11803 2
12 61 1 5661 7
89 73 49 2698 6
95 87 16 4763 1
3 79 41 9030 5
99 67 55 3684 10
72 68 19 10147 9
88 1 6 10345 7
25 95 82 9829 7
37 34 42 7527 3
43 92 5 11025 10
79 55 75 1559 2
22 50 19 7688 10
25 4 31 3341 5
29 75 46 10445 9
57 1 6 4526 4
77 41 97 12495 6
91 93 47 5040 5
60 62 1 6679 1
42 55 63 12435 4
50 6 84 4009 7
88 24 17 7867 6
25 82 88 3986 10
51 47 87 11333 1
23 10 8 107 6
19 57 71 10657 4
90 32 21 12173 5
46 22 83 4498 5
51 79 42 1227 6
39 30 83 3457 2
15 70 16 5041 7
59 35 52 660 6
98 29 82 10069 4
94 79 3 7865 1
48 74 62 10083 2
60 9 16 6506 1
30 36 44 10707 5
37 31 82 9790 5
63 35 36 518 2
22 10 66 7809 10
68 40 84 1582 10
67 25 72 10941 2
27 65 25 8593 8
37 67 88 10630 3
7 24 77 4484 8
15 32 84 2983 6
63 10 86 600 10
51 89 68 7372 1
27 18 56 11391 4
89 41 76 3494 4
82 26 79 7854 8
12 20 24 4391 8
71 84 52 3879 3