150
83 30 20 2012 4
67 41 100 7322 8
60 96 76 1802 5
23 26 97 6557 8
99 42 54 7822 4
36 99 59 2873 5
96 22 50 428 5
56 100 81 5299 1
86 36 35 2924 2
78 92 34 1425 8
50 76 10 5592 5
38 71 10 3340 10
49 77 53 7272 6
30 82 51 2452 3
8 22 31 7435 10
39 5 8 6144 2
74 14 74 2769 5
29 14 79 5789 2
89 78 71 870 8
1 61 1 1819 2
30 76 98 5931 4
63 32 80 3684 4
19 67 54 5913 2
31 58 68 889 6
15 56 5 4911 2
31 72 82 2661 3
2 68 19 5237 8
16 73 94 7018 6
96 47 18 3944 7
60 36 30 3515 4
38 56 85 7513 4
42 82 92 7780 3
50 44 21 4537 4
94 9 62 4333 5
37 95 31 1045 5
43 81 27 3366 1
99 44 70 5997 2
4 75 74 7070 1
80 16 82 3400 5
22 27 79 4625 9
79 86 54 1603 5
48 10 6 1143 4
47 61 1 667 2
26 29 100 6865 2
58 47 86 6837 7
32 10 39 7622 4
23 29 14 1515 3
34 33 52 2123 10
23 9 68 965 3
82 58 17 7726 2
96 52 71 3418 8
48 63 65 4159 6
89 82 82 1414 5
35 30 72 1073 7
62 60 78 6914 4
71 30 87 5485 9
36 67 64 1615 1
75 62 2 4228 5
92 11 86 2256 10
93 56 17 3712 6
13 50 1 3759 3
2 13 99 821 2
1 80 97 7617 10
62 96 97 1106 4
37 81 30 4286 2
12 4 80 3676 9
86 73 56 5577 2
30 37 42 5575 3
21 8 89 2614 7
16 82 59 6147 7
69 2 58 7104 6
56 84 29 6030 7
83 38 6 7192 10
33 24 57 7183 3
26 58 42 7331 3
7 11 47 1311 9
94 66 80 4298 10
87 75 30 847 5
76 75 24 1034 9
60 18 21 3783 3
97 84 88 5055 6
100 7 49 7737 8
35 18 50 1266 2
81 100 62 7200 9
33 99 64 5959 3
56 65 17 1015 8
73 24 32 294 9
97 37 93 1496 9
35 65 22 4590 9
38 32 90 5879 6
51 16 23 6526 4
44 88 90 6349 5
65 41 48 2906 2
95 29 95 3856 4
92 55 32 1513 10
73 44 87 314 6
52 9 20 1298 1
92 33 86 5510 8
84 51 15 3173 7
81 3 35 3591 3
85 46 66 4837 9
50 55 54 5820 7
96 18 95 3504 3
63 7 96 1124 5
5 3 96 3399 2
28 2 31 7504 9
39 34 31 4234 3
16 63 73 1679 1
97 17 70 2948 8
3 28 42 2492 3
35 55 55 661 1
29 43 46 1438 5
17 21 8 5086 2
50 19 40 3513 5
100 50 54 335 2
38 19 55 731 10
90 6 24 7657 2
72 28 62 1555 4
27 5 34 4558 3
53 52 77 6449 3
5 50 66 5332 3
74 92 50 6128 2
74 56 100 6054 8
40 96 32 4315 6
34 61 6 964 10
61 34 70 998 4
46 60 14 3289 7
85 96 72 6931 5
54 40 65 7009 4
99 34 48 1542 3
19 39 51 6022 6
46 56 40 648 4
21 3 76 3378 4
78 14 43 3521 10
25 80 27 7752 4
3 8 90 6072 3
97 4 78 4619 9
98 91 2 3859 10
17 28 45 7380 8
43 94 42 7809 7
70 97 59 2268 3
76 56 6 1925 1
85 26 99 739 4
21 88 34 4206 9
20 34 78 6010 3
79 38 82 1311 7
26 25 3 3933 8
93 22 85 2944 6
27 47 46 3467 8
56 33 79 6350 6