350
58 76 53 16429 7
60 2 28 17439 1
74 74 67 9592 9
94 16 84 13872 9
75 9 22 12562 6
26 26 95 8135 3
35 7 76 6258 8
26 4 64 6714 2
25 80 20 12601 1
45 18 16 3312 3
70 71 100 17530 7
10 49 85 6466 9
35 84 61 1687 3
82 90 45 4167 10
11 33 73 8765 7
94 30 51 13181 3
2 21 62 13116 10
41 83 97 10421 10
79 74 87 4775 2
45 62 2 12749 6
36 51 35 1906 5
16 44 17 734 9
23 58 74 3873 5
69 85 19 8922 1
21 48 60 15360 5
7 45 8 13236 2
94 91 37 5898 7
83 64 62 16926 3
76 68 10 17152 9
98 58 63 2140 8
28 87 48 12062 6
20 43 74 4851 1
74 58 98 16183 8
83 89 51 717 7
16 22 82 8591 4
64 23 18 17136 10
56 22 48 9849 8
8 55 41 7836 4
93 50 54 10544 6
48 90 51 12490 1
23 81 96 10515 7
23 56 14 8729 9
71 19 97 7122 8
48 91 36 1685 3
83 98 31 10659 3
30 80 14 334 4
40 33 57 13609 9
71 32 47 13696 3
20 71 94 16142 6
88 44 24 16016 6
36 17 28 16407 8
98 5 3 4038 10
36 21 27 17064 2
86 19 60 5950 3
32 27 99 11845 2
70 8 63 16282 5
23 83 53 13322 8
52 13 39 5606 10
90 35 99 1421 5
56 80 61 3232 8
24 16 22 3590 5
75 57 44 11202 9
77 89 57 9177 6
30 66 61 5389 2
64 68 35 7064 9
47 40 99 15579 8
32 92 8 6528 8
56 47 11 14882 4
7 45 54 2199 5
93 68 97 2919 8
31 90 41 9222 7
99 71 99 10081 3
96 47 23 5131 3
53 83 46 15261 9
17 40 77 539 7
90 56 52 3825 7
80 42 26 6776 8
12 71 95 8953 5
86 75 66 9141 1
81 19 7 14418 8
81 40 35 15085 2
98 76 58 14206 10
51 81 24 5569 6
51 20 20 5297 1
8 44 12 4291 3
39 50 92 16787 5
96 30 7 375 3
81 6 32 2579 6
18 67 79 6002 4
33 84 59 8039 9
34 49 21 15761 9
70 24 29 4798 5
67 93 4 6891 1
85 96 68 2940 4
99 8 73 6006 10
6 36 9 4060 6
89 93 53 7475 7
94 82 78 14374 6
42 23 66 14086 3
48 33 41 7296 2
8 22 19 10891 7
70 91 32 16828 3
46 68 73 14308 6
44 54 18 13361 6
72 86 27 16191 5
80 51 30 10490 9
32 43 67 15070 9
97 10 43 13868 9
56 33 40 140 5
78 27 40 10638 8
100 70 97 8317 1
45 4 38 5603 10
40 70 19 9093 3
31 35 72 17354 7
72 32 10 2561 7
80 62 51 5229 7
41 75 67 12089 9
58 72 76 14612 2
96 52 59 10703 9
77 36 89 9416 6
2 39 73 9766 5
9 14 43 1645 5
45 86 4 12901 10
21 29 87 9689 1
45 86 100 1144 2
87 28 23 16711 3
31 80 66 7067 4
26 17 4 8397 7
98 100 12 8220 7
67 89 81 16903 9
63 23 27 14632 9
97 64 59 2551 2
71 91 30 4899 3
67 7 26 12679 4
3 35 27 1906 2
43 71 37 851 6
68 24 11 7676 7
50 52 72 3377 7
87 32 86 7461 6
4 48 71 1489 2
75 77 49 7024 10
31 66 27 2833 8
3 40 22 1162 3
58 93 84 3627 8
36 97 83 6399 3
66 23 3 15236 5
59 52 18 6265 5
17 61 45 14921 5
43 72 57 7227 9
78 16 77 930 2
46 27 82 1730 4
29 25 70 8040 5
60 90 21 1378 8
95 58 76 13820 8
20 10 49 3100 3
49 92 43 16517 4
69 85 4 12510 1
55 11 75 4750 6
23 44 90 17185 1
52 40 92 14754 6
17 44 13 14829 6
89 88 87 7359 9
74 74 73 5459 9
52 77 41 1507 2
46 70 93 5912 3
71 81 68 4365 9
98 25 79 2709 5
29 35 92 16468 10
5 21 51 2053 6
79 40 72 4904 3
85 21 39 4434 8
89 55 30 8286 3
72 62 84 14964 7
13 3 95 7500 10
33 76 44 9584 4
54 8 88 13478 4
56 91 29 4017 3
92 98 21 8630 4
80 4 69 748 7
65 22 40 12706 6
24 9 5 2926 2
33 60 2 13168 2
17 66 86 551 10
61 45 98 15697 3
67 36 7 6467 1
1 50 97 13374 3
93 15 53 10416 3
50 37 96 3128 3
8 41 7 14483 9
6 11 36 14138 9
86 5 39 16669 9
28 80 91 5645 3
16 26 75 4058 2
87 47 36 16745 6
92 54 60 9560 1
31 32 3 9322 1
22 45 50 10940 9
30 32 98 16264 5
67 33 94 5669 1
97 44 69 5556 5
27 3 75 7058 6
56 13 69 15557 4
9 55 3 7947 4
48 84 68 1366 1
30 79 45 5009 1
32 56 33 781 6
99 72 21 3157 7
57 47 69 1401 2
67 77 19 7202 9
87 39 75 7834 4
54 49 23 11366 8
73 25 52 6679 8
3 44 93 6739 2
63 51 11 9394 7
58 36 46 2640 8
81 3 23 12762 5
83 82 61 4537 8
16 62 2 2753 9
4 74 51 17006 10
35 33 53 8288 6
94 16 29 1646 2
36 33 22 13482 10
20 58 77 6931 9
28 57 92 11989 3
85 77 76 9339 6
34 2 57 15022 5
5 36 32 1399 9
44 63 41 4686 2
72 52 48 4647 7
24 63 58 930 3
51 36 26 685 4
30 5 32 8315 5
94 20 38 16082 8
87 65 13 14001 9
93 28 39 13905 5
16 58 20 10051 7
39 56 11 17301 10
95 34 37 12932 7
8 49 77 8961 9
44 16 61 13540 5
91 95 75 17552 8
73 44 22 6115 7
5 23 4 3423 1
20 72 1 6006 3
13 41 34 14380 6
95 35 33 425 5
33 89 30 7051 3
12 73 44 8557 9
67 77 21 6750 5
55 85 80 11643 5
97 84 85 2651 5
34 33 17 14137 1
89 89 79 1830 2
7 43 56 612 9
49 78 16 8838 6
99 97 34 7465 4
82 7 20 4441 2
51 100 54 15075 4
42 98 64 1965 4
37 60 18 8184 2
59 37 49 6874 1
88 36 78 9337 4
33 15 26 4417 2
12 94 35 1597 5
83 79 33 9106 4
39 96 24 7094 3
4 97 18 16691 5
49 47 1 14416 1
51 65 40 9866 6
98 4 17 11787 6
78 66 40 1437 2
31 17 47 11146 7
75 54 13 11752 2
44 23 64 15824 1
63 45 6 9316 7
20 99 48 3981 6
16 34 31 9094 6
48 77 36 7711 7
91 35 77 10314 9
80 18 94 2120 3
44 71 5 9669 9
31 27 19 2818 5
48 4 71 744 9
86 84 41 16019 8
88 65 16 15895 4
5 40 71 12703 1
15 32 34 6808 6
56 64 33 9870 1
57 10 22 5704 7
99 17 67 6873 4
58 37 56 5810 10
99 44 64 12039 3
44 93 30 12621 2
20 70 74 1968 6
17 73 97 8842 8
27 29 57 4701 10
35 47 29 11415 5
1 6 2 10370 3
10 65 81 15486 7
47 78 34 10774 6
99 1 26 15790 6
76 7 53 14981 8
18 9 26 300 4
8 38 64 3989 5
47 32 92 4043 3
33 6 23 13528 6
9 47 43 5069 6
37 17 95 2223 3
56 50 49 4500 4
4 30 79 4793 9
36 3 35 11741 7
79 16 72 10579 4
93 4 13 2180 6
60 81 41 3565 6
49 26 98 17484 3
67 34 85 661 6
51 17 73 17050 8
10 4 40 15084 4
25 34 97 16003 8
81 99 78 15794 4
39 46 6 16116 10
87 20 67 15939 1
44 86 46 7568 9
30 31 21 8554 7
17 71 6 2424 4
71 66 7 8348 1
5 13 48 9080 3
67 13 60 417 7
2 31 82 16434 8
37 29 10 2654 6
1 81 59 6654 5
68 85 26 2655 8
20 44 65 6895 8
26 34 92 5164 4
55 41 50 11056 3
58 52 55 1814 2
40 36 31 16931 2
43 41 2 8499 6
79 82 94 10773 8
95 50 53 13063 3
63 27 20 11630 1
56 41 88 3607 2
65 8 98 8417 7
23 79 14 15413 9
60 99 67 1550 9
49 88 48 3811 2
27 14 88 5989 6
21 47 75 3521 3
61 99 99 16728 4
3 15 45 11309 10