200
9 2 9 420 1
3 1 2 483 6
9 5 8 652 1
5 5 2 771 2
5 6 6 889 6
7 6 9 794 6
5 9 2 341 5
8 7 9 113 5
2 6 8 437 9
6 2 9 635 6
8 2 5 600 6
8 5 8 599 2
8 2 8 155 4
7 5 7 149 4
9 8 9 47 1
7 4 5 403 8
1 3 1 900 1
4 3 4 872 9
9 3 6 135 8
9 2 6 466 6
3 8 1 160 2
9 6 7 538 9
5 5 7 167 4
9 4 2 124 8
4 3 5 113 4
2 8 9 468 4
4 4 9 36 7
1 5 4 902 1
1 3 9 601 7
2 1 8 838 7
1 7 8 51 8
4 7 2 969 3
2 1 5 628 9
8 6 3 911 2
8 8 6 781 8
2 2 4 314 9
9 8 9 56 9
1 8 3 659 7
2 9 7 599 8
6 3 2 284 5
7 9 6 319 1
8 4 3 698 3
5 8 8 923 7
3 7 1 853 3
4 3 2 227 5
8 2 1 369 9
5 3 8 707 6
9 6 4 21 3
5 9 2 985 2
6 5 1 16 8
3 7 7 230 2
3 8 8 469 6
4 1 8 621 8
4 6 2 877 4
2 8 5 156 5
2 4 7 706 2
8 1 4 389 8
4 4 6 426 2
7 7 6 630 6
2 7 8 150 5
3 2 1 664 6
6 6 6 173 8
8 2 4 826 1
6 4 1 671 8
1 6 3 416 8
4 6 6 629 5
1 3 4 792 6
2 4 5 328 8
4 9 9 675 9
9 5 9 252 5
4 1 9 356 5
5 9 8 553 7
7 4 2 884 4
7 5 3 521 2
6 1 1 793 3
8 1 6 416 1
6 6 2 555 6
7 1 4 757 5
7 1 3 958 7
1 9 3 49 3
3 1 4 230 3
7 5 8 965 8
3 5 2 77 5
5 3 8 380 3
2 6 2 879 3
5 8 1 155 2
2 2 4 905 6
8 6 4 741 9
8 7 4 679 9
5 6 7 25 5
1 1 7 51 2
1 7 4 542 7
2 5 7 152 1
3 4 6 892 9
9 3 1 169 4
6 7 4 508 1
4 1 2 894 5
3 9 4 675 1
8 9 1 970 4
3 2 3 796 8
6 1 5 235 7
9 2 8 957 3
8 8 7 811 8
8 9 5 950 4
1 9 4 798 1
3 2 9 841 4
3 7 3 996 6
2 8 3 253 2
4 1 2 114 7
5 4 7 443 7
6 5 8 794 3
3 2 3 308 4
4 9 6 679 9
6 5 8 580 4
9 9 7 696 6
1 3 7 841 5
4 2 3 628 8
8 4 8 751 4
1 4 2 482 3
5 2 3 610 1
3 1 2 762 4
5 7 5 463 2
7 9 8 874 3
9 2 3 862 1
2 4 1 267 6
5 2 6 935 4
7 3 1 396 1
4 4 5 832 9
9 9 7 756 5
6 1 9 557 9
6 4 9 730 3
4 2 2 773 8
2 4 1 222 4
1 4 5 817 9
1 1 1 438 4
6 3 8 737 1
8 7 1 941 9
6 4 6 358 4
9 2 2 362 7
6 2 2 479 7
6 4 8 106 2
7 8 6 426 6
4 8 5 890 2
8 2 9 851 4
4 6 1 209 5
1 2 5 656 7
4 1 3 96 5
9 9 8 720 9
2 4 1 243 2
5 5 7 219 7
3 4 5 954 1
4 1 7 853 2
2 1 4 169 2
5 4 7 255 7
3 7 9 638 8
9 3 6 139 6
2 2 3 514 2
8 5 4 84 2
9 7 9 165 4
7 8 3 510 9
2 6 4 747 1
5 8 6 885 8
2 3 5 740 9
9 9 3 162 7
1 1 1 871 5
3 8 8 961 1
4 7 2 115 5
1 3 1 607 7
7 3 6 441 9
5 6 2 406 5
5 2 4 169 9
9 5 6 192 1
4 4 5 450 4
5 4 7 893 4
9 7 9 283 8
4 3 2 800 4
6 8 6 912 2
6 5 3 829 7
5 2 3 457 1
8 7 3 345 7
8 1 5 860 6
2 1 7 408 9
8 4 5 597 8
7 7 7 743 7
7 4 3 648 9
8 8 4 597 8
8 2 8 939 6
5 9 7 250 4
9 5 7 524 7
5 7 4 106 4
1 6 3 75 9
9 3 1 481 3
8 6 8 225 8
6 2 5 971 3
8 6 9 185 2
4 3 6 624 7
5 5 3 229 7
8 4 3 92 3
7 1 9 256 6
3 5 6 594 4
