300
68 76 91 3962 6
20 24 73 806 9
32 11 81 11152 10
30 61 89 7262 2
87 38 6 403 8
36 68 24 3481 9
98 51 37 1174 9
72 96 67 11206 7
90 22 1 7221 2
4 21 70 12310 7
92 69 74 6942 4
22 36 78 10447 9
56 69 18 14627 2
65 74 55 5362 1
44 14 9 2033 7
100 51 60 2937 5
22 17 50 12109 3
88 2 21 4146 1
94 33 16 254 10
53 78 17 3285 8
76 60 89 3223 8
17 76 43 13557 7
9 55 10 3278 5
30 74 7 4445 9
48 22 83 2664 6
74 92 87 13410 5
46 20 78 12797 3
12 44 73 6902 3
95 33 18 14327 6
93 69 2 872 10
84 52 5 8061 2
22 27 93 13014 10
44 29 48 14609 4
42 77 51 7388 2
41 38 3 11498 4
4 72 34 4543 1
82 8 83 12331 10
11 27 36 14676 2
68 39 58 8729 7
52 54 73 13151 1
78 34 23 6274 2
46 26 69 3015 3
66 58 50 1160 8
58 51 80 8335 9
54 65 99 9016 10
1 19 55 6027 6
52 98 69 2015 4
39 84 1 4628 5
27 18 53 12333 7
74 72 8 4250 6
68 59 57 5799 3
37 36 38 4171 4
17 52 71 5610 1
74 52 18 2291 10
86 40 83 14745 9
28 66 51 6017 5
60 87 4 6154 7
58 48 38 14662 2
87 2 73 12998 9
14 70 41 13695 4
25 97 97 8194 4
69 15 61 6370 6
58 11 27 12247 8
32 72 39 1949 4
22 50 37 8103 1
91 61 29 9957 5
71 16 100 4016 2
100 59 68 13111 3
82 77 51 3610 2
88 84 92 6181 5
89 49 12 11331 6
95 92 57 10448 2
70 6 89 4636 3
9 15 84 14249 2
59 30 32 1542 9
91 41 8 9816 3
80 7 41 13397 2
26 34 6 9106 10
77 23 77 9822 7
52 89 97 7986 3
97 60 72 8005 10
20 73 99 576 6
70 41 64 5490 8
33 77 75 5875 6
10 34 70 6644 7
52 22 26 9758 1
88 93 42 14811 4
86 89 60 6373 2
100 69 56 7163 4
23 53 12 11610 1
2 90 85 12446 3
57 43 28 1770 10
99 54 20 9582 9
93 51 97 13536 5
37 65 98 8069 10
14 42 5 1801 2
23 1 88 13456 4
46 88 46 12470 6
43 59 11 4487 2
37 60 73 9732 10
36 98 11 9451 3
87 22 5 1801 10
68 8 47 12277 5
64 95 76 4347 4
68 32 64 9049 5
86 13 33 2980 2
20 18 39 8265 8
59 62 67 9328 9
68 20 22 1572 4
90 52 36 5537 7
32 42 97 5814 7
66 49 29 6577 8
41 19 28 12990 3
13 50 92 2996 1
38 15 17 11803 3
60 68 71 12930 8
22 69 74 6102 9
78 56 31 5724 1
12 61 97 4358 10
94 28 2 7202 8
78 47 95 3068 1
38 13 31 7130 7
17 33 63 8023 5
77 82 11 9431 6
15 3 100 1700 6
76 33 81 3243 8
31 63 94 9643 5
56 64 55 7579 9
72 66 85 10187 1
34 26 90 14556 2
59 47 85 9442 8
100 32 71 3590 1
61 41 95 1852 4
4 19 83 8463 2
82 69 95 10746 10
32 1 24 9757 8
66 34 4 13093 6
67 46 100 2075 1
27 38 32 8398 1
63 83 22 5421 5
11 40 20 9227 3
80 11 11 761 1
73 18 25 6094 6
7 59 35 10743 9
77 16 44 8049 4
44 36 70 5513 8
65 36 4 6132 6
82 97 47 5053 7
7 65 81 14835 8
34 45 69 2409 7
27 47 76 8237 8
64 44 62 10613 5
2 31 39 3936 4
17 89 30 12324 2
29 23 82 10933 8
38 81 21 11740 5
31 75 70 5681 7
35 41 21 1891 5
70 84 2 4702 10
3 73 89 2310 7
79 67 5 517 2
20 52 99 11840 3
10 50 74 4225 2
89 95 67 7337 6
66 72 75 6484 6
92 99 13 2764 9
23 48 46 13615 1
83 58 12 337 4
8 36 55 8937 6
89 96 22 11352 7
87 50 69 2954 7
42 18 11 9915 7
91 44 14 5384 4
83 44 78 2929 2
84 88 76 13795 4
10 74 56 8792 8
3 45 27 8319 8
85 4 60 11056 2
68 64 92 407 2
41 72 10 366 6
21 12 21 8732 3
76 27 95 3614 7
5 100 94 8516 6
30 28 75 6955 8
27 85 30 8945 9
17 15 78 11581 6
2 32 9 10886 1
39 51 54 13087 3
80 1 21 3326 8
30 19 58 2412 9
80 97 99 13872 7
16 77 54 12278 2
78 5 77 10206 5
77 26 21 14723 6
64 22 11 5741 1
65 34 11 13262 3
38 49 39 1720 4
18 48 53 10794 9
82 78 54 8191 8
79 4 59 4343 4
53 7 16 3693 1
56 16 49 5699 2
44 68 8 9893 8
11 3 38 3456 9
4 91 20 10544 9
62 97 67 12728 4
86 40 59 2594 5
38 3 49 6747 1
6 51 63 10419 8
2 75 96 8660 8
62 28 36 3666 8
81 41 49 13491 2
43 66 57 5438 9
51 58 60 2143 8
20 48 26 385 8
33 51 93 13363 4
49 83 88 10983 4
99 49 34 6371 2
6 73 100 9816 7
51 71 85 320 2
99 92 60 4682 7
99 39 30 10466 3
98 10 71 5209 10
18 21 100 11548 10
79 5 65 9818 5
81 34 34 13847 9
22 26 83 10661 10
71 70 100 3183 5
48 2 4 5962 10
17 10 16 11050 9
19 90 69 5595 4
54 30 50 7850 1
41 6 69 777 4
48 10 34 8630 1
93 37 27 4096 10
33 3 10 10866 1
99 20 15 1341 2
96 18 96 957 8
24 9 10 56 6
35 18 17 9136 8
67 17 67 12294 7
45 11 98 5440 4
7 3 47 6016 4
49 66 38 1431 9
91 58 84 5305 9
42 80 55 13309 6
96 44 56 11203 5
16 81 2 4985 6
79 1 92 12933 6
52 72 64 15004 2
41 67 3 10731 3
29 66 100 4922 1
16 32 8 4976 8
70 3 72 8489 2
52 95 77 12588 2
22 51 67 12987 2
85 13 89 13839 8
71 89 46 9508 9
60 17 91 8665 9
90 10 48 3251 6
8 46 74 8471 10
5 49 80 6910 6
16 48 30 2040 6
18 74 66 6580 8
77 50 27 12213 10
92 49 3 6339 2
14 3 78 8223 2
41 83 73 11847 7
59 77 65 12648 8
86 90 42 8260 4
45 19 41 2411 2
72 15 84 4479 4
95 72 40 14733 9
94 26 18 9165 9
1 55 4 1652 4
43 85 13 4906 10
94 35 95 660 4
62 15 80 8164 2
89 19 30 11478 7
45 74 84 676 7
40 64 41 15193 2
9 34 14 3745 6
93 54 6 10344 2
74 85 54 13141 10
6 85 86 13681 1
3 57 39 458 3
9 36 60 7835 2
1 64 91 5072 4
21 18 75 12601 10
41 66 23 14766 4
92 72 50 2961 1
22 11 1 13945 1
60 54 86 1744 5
92 37 2 2002 4
51 11 31 10994 8
45 86 58 9075 6
32 71 73 847 3
58 9 28 3503 4
91 4 82 6345 9
77 25 42 6997 6