400
5 8 3 1086 8
3 1 8 1158 3
2 9 7 43 7
4 2 7 1625 5
7 2 2 1972 9
5 4 2 830 6
3 3 8 1775 2
9 9 7 109 7
3 4 1 396 2
5 3 1 1118 2
1 8 4 138 3
5 1 7 1501 3
6 1 6 496 6
2 8 9 1366 1
6 1 1 237 8
4 1 5 1523 9
2 5 5 1031 4
9 7 7 602 2
6 6 3 1585 5
7 4 9 1854 3
5 2 7 27 3
5 1 9 316 9
7 4 4 1466 3
1 1 6 791 8
8 9 3 320 5
6 6 5 433 1
4 7 2 1088 1
1 3 9 1499 8
6 9 7 1085 8
8 6 8 651 6
8 9 7 44 7
6 9 1 1617 8
4 9 8 1629 7
2 2 1 1382 3
5 8 3 1696 4
6 7 1 910 6
2 5 3 1037 2
3 1 9 896 1
6 4 8 359 9
7 1 1 867 2
6 9 7 1820 9
1 2 4 655 6
7 3 6 1128 8
6 8 7 1611 5
1 2 4 546 5
2 3 3 777 3
4 2 4 950 9
5 7 4 754 4
1 3 7 157 6
7 8 6 1285 7
4 5 1 832 5
6 5 4 983 3
2 6 7 112 9
1 9 8 1793 3
5 5 8 449 9
9 1 2 1463 9
3 6 5 1983 6
4 6 8 514 6
3 1 9 320 4
7 9 9 1598 3
9 3 4 690 6
6 8 6 93 3
9 6 7 556 2
7 3 1 895 3
6 3 8 499 4
1 9 8 1777 3
8 3 1 202 8
5 1 6 1386 1
1 5 2 870 5
6 1 6 863 5
4 3 3 1380 8
8 7 5 1676 7
5 2 8 455 7
4 4 7 471 3
8 5 7 250 8
5 9 7 296 2
5 7 4 18 7
2 6 2 325 6
4 7 2 273 3
5 8 3 856 9
6 4 7 1709 4
5 3 8 325 1
6 7 5 91 1
2 8 4 534 6
8 2 3 1475 4
9 4 8 343 9
2 2 6 668 5
5 6 9 605 3
5 1 1 620 8
6 2 6 1594 6
1 5 2 822 6
1 9 7 365 1
3 3 3 1887 8
3 9 8 1608 1
6 4 5 804 9
4 5 9 1870 2
8 3 3 940 6
7 1 1 353 2
6 4 4 982 2
6 4 4 476 8
9 1 1 1716 7
6 9 6 396 1
5 6 1 1135 8
5 2 7 1615 7
8 5 1 795 1
6 5 2 358 8
1 3 1 1181 2
6 4 5 1656 2
4 9 3 305 1
1 3 4 593 7
5 9 5 1629 8
2 9 1 1512 1
3 9 6 541 4
2 5 6 659 4
1 1 7 889 1
3 3 7 522 1
9 8 3 1573 4
1 3 9 1626 1
9 1 3 825 6
2 8 3 1046 1
9 3 9 591 8
2 5 7 1797 1
3 8 3 1861 4
4 3 1 1754 7
9 3 4 1655 3
2 1 6 1738 7
4 6 7 1913 2
1 1 1 388 5
6 6 9 118 9
3 2 8 449 2
9 6 3 1300 7
3 8 4 1295 6
7 6 8 1534 2
8 6 7 1821 8
2 2 4 12 7
7 4 9 1304 3
5 4 5 666 4
6 5 4 1177 5
3 8 2 1925 2
3 1 9 799 4
8 6 4 1164 1
8 9 6 274 3
1 9 4 599 3
9 5 2 1962 9
1 4 9 1059 6
6 1 7 1008 3
7 9 6 403 5
2 1 2 1725 2
7 7 4 76 5
8 9 1 918 9
1 6 7 968 2
8 4 8 1157 9
8 5 7 243 6
9 8 3 1520 5
2 3 3 1640 8
3 4 1 1290 6
1 4 4 1144 5
7 3 4 1595 8
4 6 5 1300 4
3 9 1 1616 4
3 9 8 591 6
8 4 7 387 4
4 1 7 1208 1
1 8 5 1277 3
8 4 3 1817 7
6 9 3 1248 2
4 1 9 431 4
2 1 7 1007 5
2 3 3 110 2
5 3 4 1892 4
9 8 4 266 3
5 9 6 429 6
2 1 2 1517 9
9 2 1 1208 8
7 5 3 1608 1
5 5 2 1047 8
2 9 1 304 9
4 7 5 1755 6
1 9 7 445 5
8 2 3 1724 6
7 2 3 604 3
8 6 2 1391 5
2 5 8 100 4
6 2 2 1831 5
5 1 2 843 6
4 4 2 1164 7
7 8 4 1815 2
3 5 1 1654 8
2 3 5 65 7
2 3 1 639 3
6 9 4 836 3
5 9 9 1992 9
5 3 7 1982 7
6 4 1 585 7
8 2 9 1206 7
3 9 8 1885 2
4 7 4 883 5
3 1 2 1543 1
7 6 4 1658 7
2 3 9 220 6
1 1 5 1133 1
6 1 7 707 4
5 4 9 1581 2
2 5 1 14 1
5 3 1 1291 5
6 5 3 595 5
3 7 9 1857 4
8 8 2 1803 3
4 3 5 1304 1
8 2 4 1474 8
7 9 3 611 2
8 2 1 924 3
9 2 5 1253 7
5 3 2 1147 5
6 1 5 801 1
6 1 6 381 2
5 9 9 715 9
9 5 7 93 7
5 7 8 1845 1
7 9 8 1108 6
1 4 3 724 2
4 3 4 383 9
5 6 8 141 9
9 6 8 323 9
8 3 3 1784 5
5 6 7 438 6
9 9 4 886 2
7 3 9 1973 6
8 5 4 1243 5
8 5 1 1323 7
7 1 8 229 5
8 3 4 1710 7
2 6 8 1932 3
6 9 3 1439 9
3 7 8 229 1
4 8 8 456 2
4 5 2 729 9
6 1 7 113 4
7 9 8 254 5
1 9 5 1157 7
6 3 1 1437 3
9 1 7 1874 2
6 8 1 1198 9
9 1 5 907 9
7 8 3 1915 1
6 8 4 1763 9
6 2 6 401 4
8 5 4 1308 5
7 7 9 645 6
4 7 1 1355 8
6 5 3 613 9
4 7 5 1133 8
9 9 2 570 6
8 1 4 1483 8
5 5 1 908 8
6 7 4 1054 8
4 9 1 337 3
7 9 9 865 8
1 3 6 494 8
3 4 9 68 9
8 2 5 110 2
7 4 6 19 3
4 3 1 103 9
1 7 7 1480 4
3 5 5 1768 3
6 4 2 917 9
9 1 3 1006 9
7 5 2 594 2
5 7 7 458 4
8 2 4 1134 2
3 4 3 258 7
6 2 5 700 8
6 8 8 1155 2
8 3 3 540 9
7 5 5 721 8
7 7 8 1475 4
3 9 5 200 4
7 4 3 183 6
8 2 3 1279 2
8 3 7 346 8
9 4 1 1162 7
8 7 6 306 2
5 3 9 183 4
3 1 8 1355 4
7 2 6 818 7
5 6 1 1447 4
5 2 6 663 4
6 9 2 1940 2
4 7 2 1044 2
8 2 6 394 8
3 3 7 1099 6
5 7 9 319 9
1 9 5 1823 9
9 3 3 1804 6
1 8 9 1304 9
7 9 3 1940 1
2 7 2 291 7
1 8 9 418 8
2 1 3 1129 7
4 7 3 571 7
6 1 6 1414 7
3 3 8 942 1
5 9 5 437 6
7 9 7 542 1
2 3 1 1302 9
5 4 6 886 1
6 1 4 1298 2
6 7 4 1214 7
4 2 5 1389 5
4 8 3 1802 4
4 1 8 715 5
9 2 1 1178 2
3 6 3 1451 3
1 3 1 151 9
7 3 2 1659 3
2 8 4 933 5
7 7 4 223 3
8 9 1 1357 5
2 6 8 132 9
7 7 6 32 4
2 1 6 288 6
3 5 9 1235 1
3 8 2 903 5
7 5 7 841 9
2 9 1 1613 2
6 3 5 413 6
5 7 1 297 8
8 4 6 1222 7
4 3 2 1923 3
4 4 9 409 9
8 6 9 120 2
9 1 3 851 8
3 1 9 1757 4
5 3 9 844 4
1 2 5 303 3
1 1 4 132 6
7 1 9 1336 4
4 5 9 1843 5
1 5 1 623 6
8 4 6 481 4
8 4 1 85 6
8 5 2 527 3
6 9 4 1457 9
8 8 1 316 4
5 2 8 1653 8
5 8 6 229 5
8 6 1 1490 7
7 2 4 1625 7
7 8 4 1394 7
1 2 9 1988 4
4 5 2 1598 9
9 7 1 1427 7
9 6 4 270 5
7 6 7 1855 5
8 4 9 635 1
8 1 2 917 1
4 2 1 668 6
4 8 2 1934 7
1 2 9 243 1
9 1 3 942 8
6 5 4 733 1
5 5 9 1742 7
3 7 7 1607 9
5 6 6 852 9
1 7 1 722 6
3 1 4 392 6
5 2 5 1020 5
3 8 5 654 1
1 5 8 1663 6
9 2 5 1351 8
6 5 5 944 5
7 9 4 1053 8
4 3 3 725 4
5 7 6 168 2
3 2 9 1221 4
8 8 3 350 4
8 9 5 1840 6
6 7 6 1385 1
2 9 8 211 3
8 1 9 1148 9
2 9 6 1150 2
7 5 8 1295 1
4 2 6 689 7
5 7 2 344 4
9 1 3 171 9
3 2 2 1994 9
4 3 8 1843 7
1 6 9 831 2
1 3 1 1445 7
6 2 6 663 7
3 4 7 681 9
3 9 4 1712 2
9 6 5 891 9
7 1 7 1790 5
5 2 2 1287 9
2 6 4 1728 9
2 2 3 992 6
1 6 1 350 5
6 1 2 1575 5
5 1 1 1570 6
