350
2 3 5 1020 9
7 2 7 1640 8
3 9 8 934 6
9 1 6 332 7
2 9 7 104 9
6 1 8 293 4
3 1 4 549 6
5 2 8 218 2
7 7 6 35 7
1 4 1 578 4
1 1 2 556 5
1 7 6 421 7
5 9 1 1083 5
5 3 4 1057 7
3 9 6 1368 3
4 2 5 112 5
8 8 4 969 9
3 6 6 880 6
8 8 6 1448 9
7 9 2 76 8
9 8 5 74 5
9 3 9 1108 9
9 4 4 517 9
6 8 4 114 3
2 8 6 197 1
9 5 5 816 2
3 5 3 177 6
3 6 1 1296 4
4 5 8 1652 4
1 1 3 1611 1
4 7 3 340 5
9 3 7 326 3
3 6 7 734 6
1 5 7 1042 6
3 8 9 1159 5
4 9 1 1402 7
3 5 3 792 5
5 4 1 433 7
7 1 8 806 9
7 1 9 424 1
5 5 1 1013 7
7 9 8 1259 9
3 1 4 1307 4
9 5 5 1615 7
8 6 2 1649 1
3 6 6 35 3
5 4 4 1164 1
4 3 6 1551 6
9 8 9 66 4
5 1 2 151 3
6 8 5 655 3
9 5 3 1404 8
6 9 2 1192 3
9 3 3 1156 7
8 9 8 1365 8
7 3 6 299 9
5 4 9 177 7
1 4 6 1250 6
3 6 6 1266 7
8 8 6 348 1
7 8 2 608 4
6 5 9 223 2
8 4 1 1118 4
6 8 5 148 4
9 4 7 344 7
2 2 8 709 4
7 1 9 926 8
4 4 8 735 6
4 3 5 1528 7
2 2 6 1233 2
6 3 5 1246 5
3 7 1 509 5
8 3 4 390 3
5 6 3 1274 3
7 2 9 1241 5
1 2 2 1575 3
7 4 7 1240 8
5 5 5 471 9
4 3 6 221 3
5 5 5 1303 1
2 9 4 1075 5
4 9 5 352 4
6 5 7 1182 5
2 4 1 387 5
1 6 9 1223 7
2 1 4 452 7
5 9 5 1663 1
6 3 5 724 1
8 7 4 736 5
8 4 1 945 6
3 6 8 731 4
3 7 8 1053 3
1 5 2 393 9
7 2 7 1673 6
7 8 6 781 9
8 4 1 118 1
7 1 6 1049 7
2 7 4 480 9
5 1 2 127 1
8 2 2 1250 5
1 3 2 112 6
9 5 6 32 8
7 7 6 109 9
3 8 1 1387 7
5 5 5 1623 6
3 9 8 322 5
7 4 3 1695 6
9 5 7 226 7
4 1 5 1575 4
3 5 4 1169 8
2 1 5 1173 9
7 5 9 142 4
1 3 3 88 8
7 4 8 40 6
1 2 6 1701 5
4 2 5 494 4
8 8 3 1031 4
3 5 3 934 6
1 1 2 1515 2
2 5 2 347 2
2 8 8 225 1
5 6 9 817 6
8 7 9 706 3
6 9 6 1128 9
7 3 9 1648 2
7 2 7 566 9
1 1 4 44 1
1 2 8 1668 6
7 9 3 409 3
9 3 6 658 7
8 1 5 807 4
6 7 6 630 1
6 8 4 1050 2
5 2 2 1105 4
5 8 7 1731 8
1 3 8 1061 3
5 7 7 1503 3
4 6 1 1423 4
2 4 9 655 8
7 9 5 581 8
3 4 6 1713 8
2 9 5 238 5
9 2 2 654 1
4 1 8 1438 8
4 2 5 1313 8
5 7 9 210 2
3 7 9 1087 2
5 3 7 710 2
1 5 2 1610 2
4 1 5 578 9
3 9 5 1672 5
7 8 7 1565 5
6 8 3 1465 2
4 3 1 532 2
9 2 2 450 5
5 3 9 1485 9
7 2 7 1684 8
2 3 8 864 4
4 2 4 1395 6
5 8 7 546 8
5 5 6 670 1
1 9 4 1720 1
6 2 7 230 4
5 9 3 346 6
7 4 1 13 9
3 4 5 559 1
1 7 3 862 5
9 3 3 534 4
6 2 3 1014 3
1 1 9 947 8
4 2 1 296 8
1 4 4 1562 1
8 5 1 1624 5
5 3 2 1354 9
5 2 3 303 2
4 2 9 1643 4
3 3 6 1739 8
2 1 9 191 1
4 5 3 514 6
9 5 8 155 8
7 4 6 1352 8
4 7 6 582 7
3 1 9 1522 3
2 7 2 292 3
3 4 2 192 7
2 5 5 857 9
7 2 9 1216 1
9 2 5 1660 7
1 5 8 983 7
3 6 8 405 2
8 5 6 296 1
7 1 9 252 9
6 8 2 612 5
3 5 7 677 2
3 9 4 32 5
1 3 5 137 1
3 3 9 581 3
9 3 5 469 5
9 9 9 68 3
3 6 4 1701 2
4 4 5 533 1
4 9 6 1614 3
8 4 3 1180 7
4 5 7 1231 8
6 1 9 524 4
5 9 5 1277 2
9 6 6 893 3
1 6 5 733 9
3 4 5 1049 8
6 8 1 864 7
7 7 4 658 3
7 3 9 1045 9
7 5 3 253 2
4 2 6 1610 7
4 7 2 1077 4
4 2 8 364 2
3 8 6 34 8
5 3 4 678 9
4 8 1 239 6
5 8 7 1712 2
1 2 7 1060 4
1 9 3 965 9
9 1 8 110 3
2 1 7 1138 1
2 1 1 663 3
6 7 4 851 3
9 8 7 62 7
3 9 5 658 1
8 7 9 824 6
3 9 3 865 2
4 4 4 1308 2
2 7 5 1064 6
5 1 7 1184 8
8 5 4 373 9
2 2 6 605 2
9 3 4 178 8
5 8 9 652 5
3 7 8 791 1
6 1 1 561 8
4 1 8 997 9
9 9 6 458 6
8 5 5 566 5
1 9 5 1404 1
5 9 8 760 2
1 7 5 722 8
3 4 1 605 4
8 3 6 381 1
7 7 4 874 6
1 8 7 892 4
1 3 3 999 5
5 7 6 88 4
1 6 3 1710 4
2 1 5 1540 5
1 4 3 686 7
3 7 3 118 4
5 1 9 765 4
5 8 9 1019 9
5 1 4 329 2
6 4 6 601 1
8 7 3 1576 3
8 5 4 244 3
8 2 5 297 4
6 2 8 905 3
2 4 5 1481 3
8 8 2 1570 8
8 8 2 1506 1
8 3 9 1579 7
9 9 6 214 8
2 6 5 1202 7
1 8 8 179 6
4 4 3 1529 7
6 3 9 1675 7
3 4 7 601 7
2 2 7 654 3
5 8 7 1524 5
1 2 5 931 1
6 9 3 728 4
2 9 4 510 7
1 4 1 867 7
7 3 1 721 9
7 7 1 1686 7
9 7 9 1292 2
5 6 6 1526 2
9 7 3 1480 6
4 5 8 1159 5
7 5 8 295 6
8 5 3 142 9
1 9 8 1552 5
8 6 8 849 4
4 1 1 1195 8
4 6 8 1162 9
9 2 2 364 5
4 6 5 1621 8
7 1 2 894 8
8 5 7 1098 8
3 5 5 501 8
3 8 6 711 4
8 4 2 1312 9
2 1 2 1181 7
3 3 4 1370 2
6 3 7 1447 5
2 5 4 1544 4
7 1 2 1107 2
1 8 3 1659 2
5 1 3 624 2
6 3 7 382 6
2 7 6 143 6
1 1 8 382 9
3 3 7 290 9
1 7 9 642 4
2 8 9 293 1
1 5 5 693 9
7 6 7 1230 1
6 9 6 1053 6
1 5 6 1107 1
6 8 4 1300 3
1 7 7 390 9
4 2 8 389 7
4 9 1 946 4
4 5 5 1240 8
5 6 7 617 9
8 8 1 402 5
3 6 8 1297 1
9 3 3 1702 1
8 6 2 1198 5
1 7 1 268 5
2 7 6 664 7
6 6 2 504 7
7 5 8 357 8
5 1 9 391 4
7 1 6 507 4
7 8 4 234 3
1 7 3 1276 1
2 7 3 683 6
4 9 6 1511 3
5 8 8 1421 5
4 8 8 996 9
9 2 3 565 4
1 1 8 1726 6
6 3 1 1049 9
2 4 7 1488 3
7 5 9 36 2
9 5 4 1161 3
2 8 1 1656 2
1 8 7 676 6
7 3 3 129 6
7 7 6 1570 6
6 7 9 991 3
2 3 2 269 8
6 5 9 1583 1
