450
49 100 26 22764 1
21 27 41 2871 6
9 88 54 3670 10
54 67 6 6133 7
38 99 79 2051 10
61 12 45 11190 3
26 60 2 10425 10
4 74 53 2567 10
16 86 71 8828 7
68 28 26 19401 10
72 4 7 12133 9
11 69 80 20515 10
63 84 44 15396 8
71 24 59 15613 9
6 90 20 9012 7
41 39 86 2461 8
35 76 43 20338 1
22 94 76 11542 1
8 90 38 23097 1
74 91 89 16867 1
80 22 83 15829 5
74 57 43 12199 5
54 26 98 12131 6
17 38 68 11605 8
77 55 5 15683 9
65 96 17 9300 10
40 92 98 20377 3
19 76 47 2270 9
87 29 54 8408 6
16 16 77 19554 10
61 14 65 1582 5
28 23 94 593 10
53 35 5 1158 9
89 1 49 15719 4
99 76 9 4610 4
65 9 64 3204 10
91 46 97 7782 8
2 2 38 8473 5
37 70 5 19377 2
74 66 65 1669 2
34 61 46 15960 3
19 53 70 17539 7
75 90 37 16397 4
8 6 51 5050 7
13 80 6 14006 8
19 67 67 18174 8
99 77 19 8585 9
51 66 89 14634 1
60 24 53 1552 5
65 38 28 339 1
61 70 60 4976 4
35 59 59 16401 10
81 57 99 15517 9
87 66 90 15239 7
50 74 80 14669 9
90 20 88 5748 4
26 29 3 9547 8
99 84 30 18898 2
65 8 9 12530 8
81 74 41 17402 6
29 44 72 5066 2
69 93 44 20413 6
49 50 26 158 10
8 51 29 18882 3
8 97 72 19121 7
81 42 17 3501 3
55 21 82 13453 9
56 1 17 12111 9
94 90 3 20050 3
19 42 11 18003 6
37 31 53 13296 5
94 63 51 514 6
58 85 88 16617 4
81 64 94 6558 10
86 91 98 21705 8
5 23 94 8669 10
80 68 80 3903 9
61 30 59 16647 8
9 51 45 10253 4
38 1 72 14771 8
77 86 13 6711 2
89 21 42 9378 7
93 85 84 10829 3
66 7 95 8546 2
48 7 64 7275 6
14 85 71 14919 6
19 73 23 3909 4
40 59 67 14220 4
28 68 52 22104 10
42 11 30 15361 5
47 72 32 10766 2
28 95 38 18712 1
47 81 84 3904 7
4 9 21 4544 8
99 69 13 17404 5
14 73 42 2946 5
51 74 64 13614 5
58 27 59 6560 4
60 87 92 19114 6
94 4 75 7793 1
3 67 15 21576 10
50 57 63 17570 10
88 68 98 21519 3
50 57 82 1989 5
96 57 73 9955 9
72 48 2 4425 1
36 38 9 18035 10
94 4 95 16768 1
3 36 27 15418 7
63 42 58 9034 2
1 64 64 14001 6
82 61 19 12508 3
30 41 68 17080 1
47 14 18 19886 4
15 27 67 22884 5
79 80 78 9192 6
54 68 83 13384 4
47 97 40 9302 5
49 89 65 12583 1
73 79 10 8241 9
54 55 14 7798 2
50 6 61 22667 9
63 26 45 1091 8
94 56 19 3188 2
26 60 25 4283 5
57 14 16 925 10
93 8 53 13637 6
93 19 56 202 9
20 55 33 13302 5
89 30 41 5763 1
87 70 32 16213 5
73 65 11 7563 8
57 86 55 17126 7
88 79 52 20351 4
11 18 12 14632 3
52 45 45 10193 9
63 16 79 8219 3
4 89 57 16775 9
72 47 79 5242 9
1 78 45 11616 7
7 55 72 17963 1
12 17 68 6562 9
90 90 86 5396 4
96 46 50 11291 9
51 70 67 16094 9
90 59 42 17797 2
17 49 52 9477 8
67 69 15 10869 6
39 49 70 1448 4
19 76 60 1264 9
75 80 94 8941 8
18 65 36 3541 8
36 80 29 7282 6
86 70 79 11241 2
12 70 40 14334 1
99 48 2 8976 6
63 62 55 13218 9
90 35 38 9581 8
21 17 34 12892 7
99 93 57 18006 7
63 18 8 1083 8
86 79 1 4317 1
62 81 47 4124 6
73 97 93 21361 4
37 2 26 8824 9
99 61 37 386 6
63 57 80 20906 3
94 96 92 2441 6
4 2 8 2882 10
6 74 100 10542 1
46 29 97 10828 8
49 10 47 13955 2
53 26 88 4012 7
68 99 100 8359 5
92 29 95 4574 8
88 13 95 3414 2
47 18 37 10852 8
36 30 77 1558 10
87 18 20 19950 10
49 4 73 12537 5
87 43 58 19366 1
1 85 36 9683 8
14 94 100 16597 5
65 67 29 12310 9
67 30 37 1581 4
30 61 91 18441 9
30 77 89 6247 4
10 20 44 19788 9
79 93 94 2144 8
62 21 58 14418 6
43 34 78 22280 3
80 61 11 22265 8
86 87 16 5881 3
87 4 40 1993 10
26 26 80 21920 7
13 44 8 21032 1
7 2 42 5508 5
15 22 74 12313 4
29 62 45 19174 9
34 97 36 11490 6
74 6 41 6526 4
90 76 19 425 8
41 55 65 8297 10
57 31 80 17955 8
51 52 3 5303 9
22 78 62 6572 2
69 42 29 4200 6
23 79 39 21461 10
56 53 90 358 10
95 6 41 21730 6
48 73 45 22914 8
39 82 83 16897 5
83 51 48 3970 8
68 96 57 17249 2
11 1 16 2453 9
58 70 90 6274 6
12 12 16 11594 5
59 93 49 6009 4
34 44 27 8920 1
2 42 85 2923 10
9 14 66 10568 2
89 89 21 15802 7
18 93 17 2839 8
44 92 30 20769 1
62 84 40 9348 7
59 23 59 9638 2
26 93 1 17009 2
47 64 48 2148 5
55 52 81 13853 2
94 20 34 10697 1
90 53 88 4957 5
97 1 17 22516 4
12 24 2 110 5
76 24 40 20818 7
62 23 49 6846 2
46 48 16 18258 4
74 24 11 16217 1
82 93 22 1304 7
7 69 89 9515 5
43 17 59 3969 3
3 42 59 21145 10
30 44 53 1914 7
11 11 59 2234 9
96 2 32 3364 6
85 78 61 3680 10
52 74 14 21277 10
71 6 61 15706 4
88 65 62 4287 9
63 47 98 2335 6
69 14 17 8817 6
70 86 35 7391 9
91 93 93 7830 10
45 36 87 5934 2
26 50 18 10552 6
75 69 82 10696 7
67 17 28 19312 8
56 59 85 9051 9
71 44 46 2670 4
34 49 57 7799 5
5 19 91 21141 2
32 69 28 13621 4
24 37 99 17373 3
84 97 44 18271 1
46 86 67 14240 6
44 58 13 16949 5
61 49 91 10403 6
89 82 11 14213 1
11 51 80 14279 1
18 61 65 20090 7
81 70 20 6403 5
41 54 3 23024 7
74 84 85 611 1
90 43 79 8720 2
34 5 42 13782 5
47 68 3 8680 2
82 24 46 7062 3
61 6 59 11148 4
5 48 67 14580 5
42 99 29 7032 1
76 85 74 14901 10
98 74 16 6296 7
38 38 89 15111 1
30 37 24 3897 10
42 13 100 16121 1
6 83 19 15611 8
9 81 71 8147 9
61 9 33 3215 7
65 84 100 15189 7
35 30 62 4895 6
100 80 62 21894 6
64 87 45 7625 8
75 82 25 12177 6
10 42 86 19342 7
21 25 98 13658 9
28 61 94 18346 9
98 92 84 2752 4
60 85 10 5339 2
33 59 12 15201 10
45 89 2 6125 8
2 32 56 14193 8
48 16 49 14322 10
51 61 21 2538 9
86 41 96 11482 10
41 51 66 19162 5
63 79 12 8012 10
40 70 47 11387 3
17 27 87 21253 7
92 93 73 9147 4
84 2 83 6497 6
63 41 95 22298 4
72 92 62 21855 6
54 3 4 6230 1
78 54 45 12906 3
46 40 23 3704 2
75 50 1 2524 5
13 14 54 3563 10
94 37 2 1009 4
62 43 68 6910 10
66 84 20 8772 10
1 69 57 9662 4
78 83 18 11619 1
76 38 80 7852 4
36 85 74 19482 9
40 96 10 6732 4
67 95 90 9862 3
31 8 86 17209 10
57 92 55 9534 9
59 86 45 16120 7
67 82 49 14250 1
18 62 98 576 1
19 42 17 14720 8
53 24 84 21649 9
38 61 100 4726 9
81 94 70 21104 2
1 48 7 3721 5
100 76 23 11571 6
30 19 22 13345 3
99 27 44 18299 4
58 43 99 13851 3
10 46 41 6831 6
35 45 80 19802 2
93 59 57 9676 8
17 85 20 17497 2
41 8 59 18166 3
69 1 36 21794 6
95 78 29 18697 9
72 4 31 15784 8
68 45 54 14702 3
54 34 12 1746 7
17 26 84 21953 4
76 77 95 4384 6
62 95 31 2189 9
20 22 7 5665 4
53 1 98 20229 1
43 41 41 18638 2
11 89 98 10888 2
29 57 19 4877 1
80 37 44 4440 10
91 8 1 4148 6
15 34 87 2650 8
24 20 70 18070 1
60 11 48 11738 3
68 27 57 12113 8
76 93 12 9083 6
72 81 22 1476 8
73 41 38 7438 6
6 53 12 5378 5
94 39 52 14552 9
93 76 28 13271 5
66 47 74 13626 7
18 4 42 6827 5
43 60 43 17621 5
91 62 50 3132 5
19 4 52 2429 2
48 17 24 5575 2
44 1 43 3751 8
76 5 28 20651 2
37 72 16 190 10
48 56 56 13579 3
100 33 96 16921 2
8 3 2 22057 9
69 85 58 18819 5
57 61 28 13732 1
57 65 29 7252 2
90 55 21 6076 4
99 32 73 18370 1
8 84 96 19397 5
61 68 36 10575 9
56 83 12 10423 2
45 36 35 10612 9
48 63 85 8712 6
98 65 51 11841 5
30 58 25 21997 6
74 47 67 7926 10
4 15 31 21371 8
8 100 36 1894 4
76 32 70 7367 10
19 13 7 15042 5
11 8 28 14574 1
11 7 92 8105 3
19 16 99 6429 8
13 18 86 14516 10
64 36 98 22814 9
12 55 24 14980 6
34 60 39 20023 5
22 66 54 5206 2
79 18 22 17030 7
13 22 69 1433 6
36 87 76 11947 2
60 64 33 9005 6
11 27 45 7372 2
36 29 34 4551 6
60 65 23 14580 3
36 78 36 10490 1
67 98 73 19647 9
90 30 83 13084 6
68 21 60 11666 10
9 50 20 15888 3
32 67 76 11689 4
93 93 6 11729 6
26 10 7 14270 6
75 14 2 13038 3
36 14 57 12988 8
3 70 72 16857 10
29 85 27 21856 6
66 54 59 12978 2
3 27 69 16283 10
90 78 14 4995 3
64 85 88 9085 9
80 32 93 9112 8
54 81 41 10506 1
14 48 74 1894 10
97 7 47 7769 2
65 40 78 4183 9
90 60 97 7561 1
15 16 48 18630 2
46 63 27 1135 2
13 46 66 10672 10
47 53 26 2875 2
51 38 67 3390 1
48 26 81 22821 4
10 80 60 8059 1
93 64 23 20382 6
34 45 67 6947 8
12 8 27 10839 3
86 28 89 13653 3
82 54 82 5770 6
3 43 16 17319 2
40 96 32 16062 1
27 51 92 20942 2