250
2 1 7 859 5
5 2 3 680 9
3 4 2 1053 3
6 4 6 1061 2
1 9 3 861 4
5 5 7 908 6
5 9 1 890 9
2 5 4 659 6
8 9 7 357 9
6 5 3 247 8
5 6 4 201 2
8 3 2 571 8
5 8 7 241 7
8 3 8 581 9
4 5 3 1245 1
5 8 9 875 3
4 4 1 432 8
2 5 2 588 7
8 8 5 95 8
8 6 7 1143 2
6 9 1 290 2
3 5 1 816 8
2 1 6 633 3
4 6 5 282 4
9 8 4 1216 4
6 3 8 931 2
8 7 3 1003 5
6 4 4 347 7
3 3 1 851 7
5 4 1 773 4
2 8 6 1153 6
6 2 4 788 4
7 2 7 1157 4
3 1 1 136 9
5 7 6 362 2
7 3 8 551 5
1 7 3 276 7
9 1 3 1193 6
4 3 7 889 9
7 8 8 491 6
3 8 7 110 7
4 3 8 823 7
2 9 5 638 1
8 2 6 212 4
4 8 4 1054 8
4 6 2 192 5
5 1 9 745 7
4 8 6 97 7
4 6 8 344 5
1 7 8 1220 7
9 5 5 94 1
6 4 2 1238 2
9 6 8 1105 1
9 6 8 78 6
2 1 9 421 8
8 2 1 962 2
4 8 4 1239 1
3 9 3 1164 9
3 3 4 399 6
4 2 2 66 2
2 9 4 920 5
8 1 3 895 7
2 4 8 499 4
6 4 6 642 7
4 9 3 596 1
5 4 1 888 5
9 3 9 504 2
7 6 3 85 7
2 5 2 371 5
2 2 4 731 1
8 9 3 32 1
4 7 1 1185 2
4 4 9 830 6
3 9 6 1087 9
6 5 2 1070 1
9 2 5 1115 8
6 3 2 1042 8
7 5 4 560 5
2 5 5 981 4
4 2 8 540 8
2 8 8 1131 6
4 4 3 920 5
5 9 6 561 4
5 4 6 468 1
1 2 8 494 2
3 9 1 481 5
3 2 5 921 2
1 4 7 424 8
8 7 7 831 3
4 6 8 1026 8
8 4 7 106 2
1 1 8 365 3
4 1 5 205 6
4 2 6 280 4
5 2 1 596 9
6 9 6 517 8
2 8 5 76 9
7 1 5 352 4
1 3 1 581 2
4 1 7 488 7
4 6 7 620 1
3 1 6 200 6
6 6 5 1143 6
2 2 8 596 6
6 3 1 846 8
5 3 3 130 8
3 9 2 614 9
7 7 1 580 6
4 8 5 1185 9
5 1 2 1147 8
4 9 2 114 8
7 8 8 623 1
9 7 7 107 7
1 6 9 801 4
1 5 1 614 6
3 9 1 98 9
6 4 3 515 8
5 4 1 405 5
1 2 7 699 1
7 4 4 824 8
6 8 9 59 5
4 5 4 962 6
1 9 2 817 7
5 6 2 222 3
9 7 6 1113 9
7 1 2 1214 4
1 3 6 64 5
7 4 2 412 4
5 4 4 1141 3
9 8 8 294 3
3 8 5 78 8
2 2 6 845 5
4 9 1 437 7
5 2 6 875 3
2 4 9 133 8
9 8 6 445 8
6 5 4 516 8
5 3 8 1186 2
5 6 9 211 9
1 3 3 818 6
2 6 2 595 6
6 2 6 126 3
6 3 1 986 8
7 4 8 845 6
3 7 8 517 1
1 4 7 1005 4
2 6 5 792 9
9 5 6 876 9
4 4 5 230 9
5 4 5 475 3
9 1 2 883 4
9 2 7 753 1
4 8 3 878 3
3 7 7 695 2
9 2 9 330 4
7 5 2 1187 9
9 6 6 1017 9
4 3 4 1022 6
8 6 2 588 1
8 5 2 709 7
5 4 1 191 1
1 2 1 509 8
1 1 6 262 8
6 4 5 247 9
2 2 1 383 7
7 8 6 846 2
1 3 4 192 4
5 9 4 1190 8
7 2 7 456 1
7 5 9 623 7
1 4 8 1004 9
4 8 4 202 7
8 5 8 1059 4
1 5 7 1114 7
3 6 5 372 5
4 5 5 1042 5
8 7 4 621 4
3 1 6 1029 4
8 7 5 934 2
7 3 3 225 9
9 6 9 760 8
3 6 7 98 4
4 7 9 363 9
9 5 1 481 7
3 2 6 750 2
4 5 3 97 3
8 4 9 145 3
8 9 5 1049 4
9 1 5 475 8
9 5 4 827 8
6 1 8 1233 9
6 3 8 677 4
5 9 5 246 9
9 7 3 918 3
6 7 8 442 5
8 4 3 851 5
5 8 9 588 2
6 7 3 769 5
4 6 9 1181 2
6 6 7 894 6
9 1 5 519 3
7 2 1 444 2
5 8 4 367 8
1 8 4 867 2
3 2 7 111 2
3 9 8 482 6
5 8 3 474 8
5 8 1 998 1
6 9 2 1234 2
1 9 4 632 9
8 5 1 438 8
8 9 5 911 9
7 7 6 991 2
4 3 3 848 1
7 7 3 712 3
8 9 1 1073 5
6 6 3 23 2
9 8 2 1219 1
3 8 8 440 7
2 8 6 834 3
1 9 6 448 3
6 8 7 367 2
5 6 2 1214 4
3 9 4 1233 6
3 5 7 193 2
2 6 2 229 1
2 1 1 41 3
7 3 7 1245 9
3 7 8 227 9
4 7 5 1013 1
1 7 7 118 6
6 1 7 61 9
6 7 7 793 2
7 7 3 587 7
8 3 9 377 2
9 1 2 432 8
7 8 9 1038 8
4 9 1 526 7
3 7 1 909 6
7 7 4 1175 3
2 3 5 1241 5
2 2 6 624 9
1 3 3 147 6
2 3 3 322 5
3 7 5 842 4
9 1 8 136 1
5 4 8 379 8
1 7 6 616 7
7 6 3 1066 9
8 5 9 491 2
