50
6 1 1 245 6
6 2 9 194 6
2 5 3 227 4
8 8 3 141 1
8 6 9 220 3
5 5 2 112 5
5 7 3 150 1
4 8 1 152 4
5 1 4 175 5
9 7 6 156 8
8 6 8 102 2
5 3 7 204 2
7 6 6 243 5
8 9 6 237 1
1 9 6 224 8
5 3 1 148 1
9 7 9 49 4
5 5 1 102 9
2 3 5 161 3
6 8 3 225 3
4 6 7 215 6
6 2 6 56 1
9 8 8 115 7
6 3 1 68 4
7 3 4 82 7
6 6 8 145 7
9 1 3 143 3
4 9 4 239 1
9 5 9 165 4
6 4 8 161 7
6 2 6 117 3
1 2 8 28 5
8 7 9 114 9
2 1 7 245 5
5 3 1 131 6
4 5 8 128 2
6 3 5 57 4
8 1 9 205 5
8 3 2 32 2
9 1 7 174 6
1 4 2 234 8
7 4 2 39 6
9 3 3 74 6
7 6 1 24 1
9 9 9 146 3
8 5 5 205 6
6 9 8 57 5
4 2 2 170 9
4 8 2 90 1
3 9 5 248 3
