400
77 99 89 3298 9
52 35 78 12836 1
5 94 24 10292 5
76 65 40 7108 9
31 18 39 14053 2
92 28 19 1848 5
36 4 92 16117 9
74 74 9 15122 2
20 17 74 10686 5
25 80 50 12087 4
19 28 92 17934 1
66 12 16 5520 9
71 10 57 1593 9
94 43 15 15048 4
23 7 77 12416 3
13 36 24 2333 10
24 82 100 12637 8
92 91 94 1380 7
38 13 10 19052 8
59 93 60 3162 1
87 8 95 16565 6
99 40 80 1094 3
93 11 88 4084 7
20 57 5 12231 2
1 89 61 197 10
82 7 76 17723 6
79 32 77 10917 10
48 25 32 14820 10
76 29 69 5455 9
87 63 8 16076 2
14 3 19 3659 5
47 71 34 8732 6
100 34 98 12496 2
61 72 77 4143 2
73 11 65 15719 1
11 16 69 19946 3
81 35 76 18163 10
4 72 51 12240 7
35 35 45 202 6
91 100 84 19789 10
57 86 32 19718 6
59 92 61 5854 3
50 12 26 16872 5
83 96 11 5514 7
88 42 64 10425 2
94 80 92 20003 4
37 65 14 12323 6
44 16 94 18147 6
73 14 6 17045 8
96 87 27 1352 6
1 73 94 7541 8
68 45 83 14778 1
96 62 48 13175 9
6 44 86 4733 6
81 30 75 12318 7
56 61 42 17563 7
7 71 40 17133 4
35 88 96 7537 9
19 62 82 11435 3
60 66 87 10081 1
29 90 58 17134 3
93 79 45 4060 3
43 10 21 16356 2
15 84 90 2371 1
2 84 67 4355 1
72 78 55 11843 5
43 3 87 15546 7
1 25 81 5009 1
87 90 36 20231 3
99 90 5 12749 9
51 4 80 14537 7
39 16 73 6578 1
28 56 44 17982 3
97 20 7 6699 8
17 14 26 18629 3
1 76 49 7703 5
11 34 65 14466 8
39 44 83 2149 9
82 48 46 4282 4
16 65 91 993 4
21 53 60 4268 7
65 19 54 19080 8
28 2 57 10294 4
17 23 81 17108 9
8 35 54 16074 7
75 45 85 2078 3
52 91 66 1681 7
48 65 41 5003 10
16 36 57 11842 8
86 25 46 8199 2
13 82 80 12275 2
56 88 39 3757 3
70 22 28 8388 2
2 34 12 11863 9
16 83 15 18880 2
80 83 67 3986 4
10 11 15 18794 7
36 67 41 2608 8
32 63 19 14756 1
30 4 29 8736 3
52 40 38 4048 3
68 96 94 1638 4
9 45 1 20026 10
34 5 14 912 3
24 15 38 13325 3
29 35 51 3260 8
73 66 46 3367 7
21 63 50 8309 1
80 47 19 4585 2
80 84 88 6957 6
19 84 11 15125 1
55 84 34 2923 10
71 54 95 14960 2
54 100 26 7821 2
42 45 11 1130 7
16 96 5 12597 8
14 65 27 15414 7
26 67 19 18365 1
33 13 45 2738 10
30 98 20 13393 7
58 19 78 4928 2
63 33 57 2391 7
11 24 28 1691 5
80 85 81 7238 7
56 84 52 10235 6
7 33 87 3088 5
95 1 27 18613 7
60 64 65 18996 6
87 23 90 4110 8
27 55 85 20059 5
39 8 93 18185 9
75 32 29 7325 8
49 90 52 15125 5
14 4 23 15499 1
64 54 34 19874 3
4 65 54 19246 8
20 17 90 13167 2
36 83 29 1178 7
76 68 76 18954 3
77 26 52 6935 1
34 59 20 5526 4
41 41 61 19404 6
66 35 98 18029 10
74 12 58 8831 5
50 47 88 2081 4
62 21 1 11057 8
1 9 60 16918 10
40 36 98 9869 7
96 19 63 9201 10
13 63 20 6600 5
33 70 98 5313 4
96 32 10 3006 2
77 11 5 17601 8
85 16 26 9100 1
44 93 83 18053 10
91 93 66 18104 1
56 79 92 3624 8
40 40 55 7577 7
18 1 75 5455 5
64 48 100 15586 9
64 70 59 12319 4
83 38 57 10423 3
52 31 45 4615 5
99 24 84 13021 6
89 66 80 519 1
89 63 91 18517 3
3 60 41 14946 9
43 3 16 2826 2
33 40 11 17744 4
96 49 95 1620 5
76 91 81 9148 10
21 1 91 10955 8
13 25 56 16511 8
79 20 40 13246 2
68 55 16 19351 5
37 16 7 7229 5
79 27 41 7391 8
65 33 57 5313 9
44 88 43 12588 8
12 34 66 11969 6
92 67 76 19071 6
47 2 57 8830 6
44 67 72 7923 6
41 9 27 6254 1
50 73 47 2377 6
77 93 95 5160 8
1 99 89 8067 1
41 88 65 9403 1
88 4 92 5322 7
30 86 36 13100 8
52 68 28 3843 6
71 7 45 17351 9
47 2 75 4377 4
83 3 64 8371 7
81 70 13 9803 4
61 82 2 17587 6
33 31 82 16190 6
20 81 9 18778 7
60 95 71 17575 5
24 34 69 7189 2
85 61 84 756 6
22 97 33 18472 10
22 81 20 16289 4
57 51 46 7568 5
28 13 13 5765 9
79 34 26 18295 6
1 79 84 3714 6
88 99 58 15704 10
50 74 25 1494 10
66 6 8 5680 2
39 68 93 1915 6
29 49 57 11682 2
31 42 18 4282 10
78 82 61 16224 7
59 63 62 2459 9
64 60 50 10663 7
42 92 50 9307 9
76 66 79 18947 1
56 37 96 4914 3
24 70 3 15517 1
3 12 17 17941 8
81 62 100 3923 2
96 28 17 2873 1
82 75 59 13711 9
41 81 93 16067 9
97 29 19 15130 10
53 87 46 17131 4
64 95 66 1091 1
47 13 98 16993 9
43 4 7 187 2
80 35 35 19684 6
98 50 33 15669 5
96 100 16 4502 4
91 66 64 5491 8
28 6 45 5641 3
20 36 32 17263 8
63 68 96 8920 4
92 94 6 2111 10
60 53 15 14036 5
17 17 87 6703 6
61 9 57 8602 2
3 16 81 2246 10
10 54 4 8380 3
40 54 73 11278 1
77 64 32 8080 7
1 2 88 14550 4
79 28 47 17408 2
66 46 25 20054 4
22 33 69 9476 9
55 60 10 19760 4
69 75 96 2499 3
35 89 92 11128 4
22 36 16 13151 9
70 38 23 3969 4
19 97 95 2777 1
51 50 58 16263 2
16 4 72 3569 1
57 16 70 17621 7
57 26 3 17497 10
15 21 56 13488 8
46 3 77 18289 6
73 32 46 8642 2
9 51 83 10429 6
85 75 78 16712 9
8 40 26 11824 3
15 56 94 5221 4
20 84 69 17814 7
55 93 79 5717 3
87 71 95 19854 1
23 100 68 1997 5
30 96 86 4922 8
24 49 7 18587 8
13 24 17 1871 3
47 85 76 3969 5
69 96 85 9981 7
66 77 83 19011 2
14 91 21 6744 8
53 21 9 17541 4
69 3 51 13217 4
29 100 46 14638 2
69 63 14 7775 9
3 33 33 274 8
62 43 1 6237 6
59 46 87 16455 9
89 43 25 11672 6
35 86 52 17749 7
41 37 81 18449 9
34 31 52 215 7
10 92 37 3248 8
85 2 14 9277 6
20 93 91 16128 5
30 4 17 19115 10
29 41 42 1770 6
56 51 58 8254 6
12 73 16 16178 10
78 73 42 19401 10
51 15 85 5674 10
71 66 83 8363 9
67 64 41 4909 10
4 99 69 263 4
58 68 43 11730 4
10 52 10 3023 4
57 31 94 20280 6
32 22 9 1784 6
34 23 67 4849 2
75 46 68 2048 6
29 82 92 16448 2
62 42 19 16686 10
3 17 82 11329 10
73 47 42 10774 4
76 80 98 14323 5
11 3 40 15834 9
71 29 24 10851 10
8 78 27 14651 10
41 69 66 14327 2
56 57 46 14799 3
65 11 66 16321 1
59 29 37 9031 7
53 30 80 14602 2
26 32 6 11867 4
60 90 19 2955 4
32 85 75 5839 5
60 59 1 10311 2
3 45 61 19389 1
24 70 93 4706 3
29 92 40 18728 10
89 4 3 4232 5
67 59 16 9303 5
73 65 87 14953 7
88 84 99 20084 3
14 34 39 5457 2
38 60 38 2790 6
4 55 55 18123 1
33 72 35 16895 1
92 63 59 888 3
92 94 66 10416 6
38 37 62 20073 9
26 42 68 2906 1
97 53 30 19008 2
30 79 68 3146 10
65 64 55 868 8
26 58 79 6374 1
44 54 59 6674 2
51 70 17 10085 6
9 20 82 6671 9
37 98 45 1667 7
97 46 8 16995 9
54 79 83 14141 7
98 24 35 5632 10
52 47 84 14220 1
17 13 14 4129 5
18 68 98 1157 2
56 58 43 13682 10
44 13 4 1655 5
47 57 25 9469 8
85 76 23 20216 4
60 81 57 9864 4
88 16 21 3198 10
41 60 56 13227 10
27 50 64 2274 6
16 56 42 7597 6
37 97 49 13166 7
90 67 40 18756 3
33 53 30 19966 5
90 58 75 7622 2
98 65 44 15894 9
85 97 8 9594 8
4 86 41 9745 1
39 23 25 11122 1
29 22 14 15729 5
88 13 36 6325 9
55 7 87 7391 2
49 45 60 10883 7
31 69 37 19890 3
97 80 22 4556 6
58 91 6 10841 1
3 67 15 19908 6
12 31 19 1714 5
70 21 1 11762 6
37 84 70 8420 6
35 38 22 7783 3
44 65 19 16416 4
44 2 93 16167 3
98 71 15 16850 5
35 25 47 1859 1
71 72 89 8602 5
76 85 6 12347 5
85 11 24 4982 7
2 40 49 12808 10
18 76 89 19471 4
69 76 18 17992 3
3 76 1 10931 7
14 46 67 4574 1
36 19 55 14780 8
98 97 69 12306 1
91 13 37 8441 5
14 20 40 13301 2
1 36 61 10978 8
72 93 30 612 10
79 41 39 6215 3