100
3 8 8 214 9
4 2 6 317 1
1 9 9 254 2
8 7 5 214 6
3 1 6 125 7
3 8 4 335 9
6 5 2 334 4
8 7 4 295 9
9 2 8 464 7
6 1 7 395 6
5 4 7 315 9
7 7 4 263 4
8 4 2 122 3
7 2 6 338 2
5 5 3 101 9
4 5 2 141 1
4 6 9 31 5
3 6 2 271 1
1 6 8 359 7
1 2 2 396 8
2 8 2 239 2
5 3 4 486 3
9 9 1 367 8
9 1 9 163 8
3 4 6 73 6
9 4 4 210 4
4 1 2 351 9
9 1 4 478 7
2 2 2 367 3
9 8 7 95 8
7 3 3 498 1
2 5 7 161 2
4 4 7 178 8
9 4 8 238 5
3 2 1 191 7
1 9 8 352 5
1 2 2 212 6
1 1 7 102 5
1 1 1 424 7
6 7 8 161 6
3 7 3 293 7
3 7 1 408 4
3 9 4 396 6
2 9 7 308 6
9 7 5 129 3
2 5 5 158 7
5 7 7 99 4
3 7 5 231 9
8 7 2 70 8
7 1 1 28 2
4 4 9 386 6
2 5 9 63 1
9 1 3 195 6
8 9 4 392 6
5 6 5 94 4
4 2 3 88 7
2 1 8 95 8
1 8 7 457 2
4 1 8 445 1
1 8 6 461 1
3 4 3 161 9
9 7 5 90 1
7 5 2 148 3
7 1 9 31 8
2 4 7 434 9
7 4 7 249 8
8 8 9 27 4
7 8 9 466 6
5 1 8 242 8
6 8 2 279 2
3 4 4 64 3
1 3 6 124 6
5 9 7 49 2
2 6 1 311 8
5 9 8 214 3
2 6 3 441 5
2 4 2 432 4
8 4 9 402 8
5 5 3 122 2
8 9 4 168 4
6 6 2 39 5
6 3 5 125 5
8 3 6 177 2
1 8 6 204 7
1 5 2 224 2
7 9 2 175 6
1 7 6 244 5
6 6 9 368 6
8 5 4 420 4
1 4 2 424 4
4 4 7 172 9
1 9 1 276 4
1 3 7 477 8
1 3 6 104 6
8 2 3 395 5
5 7 9 246 2
8 8 6 482 2
5 7 3 130 7
2 3 4 152 7
4 9 5 97 5
