150
8 7 8 26 2
4 2 2 749 3
8 7 5 350 3
7 1 5 40 5
6 2 8 327 2
5 3 1 557 5
3 1 5 282 4
4 6 4 421 3
2 5 4 399 1
4 7 7 398 2
6 6 7 346 9
2 6 6 376 8
1 4 8 374 8
4 3 7 76 2
8 6 4 388 8
1 3 2 598 2
1 1 9 352 6
2 1 8 734 2
5 2 9 717 1
7 2 2 163 5
6 3 8 95 7
1 7 3 681 8
1 2 2 485 3
7 2 5 240 6
6 6 7 703 9
9 8 8 745 2
1 8 1 717 3
7 6 3 149 8
4 5 6 307 4
1 6 4 305 4
9 1 3 615 3
2 2 2 726 7
7 9 3 311 4
3 2 1 235 8
3 9 2 19 7
5 3 5 308 6
1 3 6 360 2
6 9 6 689 7
1 2 3 728 7
7 7 4 554 8
7 7 1 205 6
1 2 7 332 7
9 3 9 592 6
7 4 1 465 7
5 4 5 151 2
5 4 6 234 8
6 6 4 644 1
6 4 5 713 7
6 5 3 374 4
6 9 4 671 3
5 4 8 602 5
8 5 8 153 4
3 8 9 444 8
5 1 6 476 4
6 1 3 95 9
8 8 8 55 8
6 7 1 56 3
6 9 9 500 6
7 2 9 302 7
1 2 4 223 3
2 3 5 44 6
4 2 9 308 9
6 1 1 530 2
7 6 2 186 2
7 8 3 21 9
9 6 5 458 4
5 5 8 233 1
7 6 2 549 3
5 2 4 238 7
7 7 2 469 7
1 8 1 616 2
3 2 9 227 4
6 3 1 122 9
2 5 7 351 7
9 8 6 165 8
8 9 1 116 7
9 9 7 74 7
4 3 3 300 5
3 6 3 176 7
1 8 1 695 2
8 9 3 162 4
3 8 6 95 2
5 2 9 487 6
6 4 1 706 3
4 7 8 597 6
3 1 3 186 7
8 2 3 492 8
2 9 9 96 4
5 9 5 687 7
7 1 3 31 2
2 2 2 663 8
1 9 6 552 3
2 6 4 20 8
1 2 4 397 3
4 6 4 515 4
4 9 5 465 2
2 4 9 551 4
3 9 4 132 5
2 1 2 676 8
1 6 2 527 1
8 3 4 580 8
5 7 4 317 2
8 1 8 360 5
9 5 2 353 8
5 7 9 272 9
4 2 8 153 5
2 5 6 48 9
7 2 7 167 5
8 6 4 270 4
1 4 1 621 2
3 8 2 599 6
8 2 1 461 2
9 6 3 572 3
1 8 5 65 5
1 1 2 315 7
2 9 1 454 8
3 4 6 608 3
1 6 3 58 2
2 2 8 145 3
1 6 6 415 4
4 5 6 338 3
8 5 7 408 1
8 2 1 283 8
3 6 2 426 9
1 9 6 673 2
4 9 9 620 6
6 3 3 363 7
7 3 4 243 6
8 9 6 349 3
1 6 7 165 8
3 8 8 109 4
4 5 3 130 1
9 5 2 427 6
3 4 8 662 1
1 2 8 183 5
3 9 6 640 6
9 1 2 509 1
8 6 8 717 5
9 8 3 372 4
5 9 8 50 3
7 7 2 428 7
5 3 8 669 3
2 6 7 537 3
5 4 8 577 5
4 7 5 399 6
5 4 3 415 9
4 3 7 100 4
2 8 6 259 6
8 4 5 462 7
8 1 1 408 8
