500
3 3 7 2463 6
1 7 3 908 4
6 8 7 1855 2
3 7 3 1282 3
6 3 6 491 4
2 9 3 2183 1
5 9 6 1390 9
7 2 7 82 1
1 2 2 2223 7
8 2 1 1129 4
1 8 4 1078 9
6 1 8 1126 3
4 6 7 1356 9
6 7 9 1801 6
8 2 4 1768 4
1 3 1 2355 9
4 1 4 430 4
7 5 5 355 9
5 4 6 1104 7
4 7 8 2234 6
9 7 7 1907 7
7 8 6 2499 5
8 4 5 1517 5
5 5 6 2326 7
7 2 8 528 3
2 2 9 2105 8
5 8 3 177 1
1 5 4 2254 8
8 8 6 2260 2
1 9 1 118 1
5 6 4 132 9
8 5 3 1359 9
5 5 9 2440 1
1 6 8 1383 9
8 9 2 2037 6
7 8 1 2316 7
6 2 4 1607 6
1 4 5 51 8
3 8 3 2391 7
4 6 3 1089 4
4 3 2 2309 3
5 4 4 1562 3
8 2 2 128 8
9 9 1 556 3
5 6 1 335 9
9 9 6 605 4
3 4 7 1889 5
9 6 9 651 4
6 5 9 1013 4
7 2 8 2262 1
6 8 9 757 4
9 2 7 401 6
9 4 5 2427 5
1 6 9 250 1
4 5 1 1145 1
8 4 3 1884 6
7 9 3 1033 9
3 7 2 2164 7
3 5 1 2211 5
9 4 4 368 8
3 8 4 389 2
5 9 3 2047 3
9 8 5 549 4
1 6 8 2172 9
9 8 7 2448 5
2 2 7 2198 1
2 2 2 390 5
7 4 9 421 2
7 2 2 107 5
3 4 4 1247 3
3 8 9 1719 1
3 8 3 1085 2
7 6 7 1051 1
9 8 7 333 4
3 4 5 469 4
6 4 2 776 9
1 7 9 2273 7
7 6 6 2264 1
7 2 6 539 8
2 1 2 819 5
6 7 6 2072 2
6 9 8 484 8
8 9 1 1968 5
1 9 8 2062 5
1 7 1 1504 1
6 2 8 1085 1
3 9 7 271 1
9 7 1 154 6
6 1 7 151 1
9 1 9 107 8
2 2 8 585 7
9 1 8 2463 3
4 6 9 369 9
7 8 4 134 3
5 7 4 1724 2
5 5 9 1397 4
8 2 6 348 7
2 1 5 1545 8
1 5 1 2008 8
3 1 2 1613 2
9 2 1 255 5
2 3 9 2369 7
9 9 3 1892 2
6 7 2 1454 8
5 1 7 2444 7
3 4 2 1782 8
1 7 2 1027 4
1 2 8 2393 7
1 9 7 1889 1
2 1 8 1517 1
7 8 3 1260 4
6 9 7 1423 8
3 9 9 1111 7
3 7 7 1947 8
8 1 7 1916 7
2 8 9 541 8
3 2 8 33 1
7 4 9 1414 5
2 4 1 874 4
3 8 6 100 8
8 4 2 2146 9
3 9 6 66 7
6 7 5 1524 5
4 7 8 628 2
3 2 2 1615 6
6 4 3 638 6
6 3 4 1979 6
3 5 8 1740 7
2 2 8 1513 4
4 4 6 295 9
7 8 3 2180 2
8 2 9 2090 4
5 6 7 1926 4
2 5 8 945 1
7 3 2 2442 9
1 3 8 619 2
2 4 7 1737 9
8 2 5 1312 3
5 1 4 332 1
9 3 2 1396 6
8 6 5 1567 7
7 7 5 812 8
9 9 2 1686 9
1 7 1 1251 7
7 3 4 914 8
2 5 5 1531 3
4 7 4 2134 3
3 8 9 1060 9
1 9 4 993 6
5 7 1 432 7
8 2 2 225 4
5 5 9 1322 9
4 6 3 244 5
5 7 5 2485 5
8 8 2 1835 1
1 5 7 1282 9
6 8 9 1014 2
3 4 4 1952 1
8 8 1 1656 1
3 4 1 1577 1
3 2 1 1642 9
9 1 5 200 1
1 8 8 180 6
8 2 6 1371 9
2 1 2 2160 6
5 5 4 1882 9
1 9 3 1053 6
4 5 1 1608 2
2 7 9 1968 4
5 4 3 1847 1
4 8 9 2399 8
1 6 5 1731 7
1 9 7 729 7
9 3 2 1048 3
9 1 4 2417 6
1 5 1 1901 6
7 1 1 2406 8
9 8 3 1873 1
1 5 8 346 6
3 5 2 480 3
8 6 2 1502 7
4 7 9 314 3
8 9 2 1240 8
2 8 5 2462 8
7 9 5 1447 5
8 1 3 712 4
1 3 5 193 5
5 8 3 1176 1
4 8 2 1133 3
6 5 5 635 4
6 5 7 2407 9
2 1 5 1634 3
2 5 1 2090 5
8 3 4 1610 4
8 8 2 1764 8
9 1 4 1757 4
5 5 5 102 2
8 9 8 258 7
5 6 8 1274 9
3 9 9 1615 9
3 8 7 2097 8
6 4 1 639 1
2 1 8 854 7
3 6 1 1111 3
5 6 6 826 5
1 4 6 1813 6
5 1 6 1683 2
6 1 7 1572 3
8 3 3 2193 7
3 7 1 1253 5
1 4 3 1559 9
8 1 1 1147 8
9 3 5 1956 3
3 4 4 592 2
9 9 1 155 4
5 3 2 2068 5
7 7 6 487 4
3 8 2 2274 4
4 2 9 1390 3
4 6 8 2096 9
6 4 6 1391 2
2 2 6 1945 7
3 1 5 1800 4
8 6 5 1718 2
9 6 1 1916 3
1 7 3 864 4
2 6 6 2435 4
2 2 3 1580 6
5 8 1 84 9
4 6 5 2203 2
5 9 3 272 4
6 1 3 1291 6
3 7 9 750 5
3 7 6 1798 9
1 6 9 839 5
7 9 4 2009 3
1 1 6 1363 8
7 8 4 720 4
7 1 9 1714 4
5 5 6 959 8
2 1 9 148 1
6 4 9 1298 2
2 7 5 139 6
3 9 6 66 9
2 8 6 808 1
8 8 8 618 8
3 2 5 774 2
3 7 1 1371 6
5 5 9 2130 8
8 7 6 1654 1
3 6 6 1968 6
5 9 5 1387 6
4 1 3 1859 8
7 2 7 1244 8
1 4 5 81 4
3 5 5 1641 9
8 7 3 207 6
1 4 4 905 5
6 4 6 448 3
5 7 3 1279 5
2 2 9 1819 9
5 3 8 1525 6
8 9 3 1876 8
9 7 3 858 5
8 6 5 1862 3
5 4 8 411 9
1 2 6 1182 3
6 8 9 1426 1
5 7 4 804 6
6 8 5 446 5
7 2 9 885 8
8 4 7 49 2
2 4 2 2041 2
2 5 4 184 5
6 7 2 1401 8
8 6 2 1289 9
4 8 5 1092 6
6 2 4 1343 9
9 7 6 828 1
5 3 6 1227 5
6 2 1 1561 1
8 6 1 34 4
6 2 2 691 3
4 8 4 883 4
1 3 7 692 6
2 3 6 525 8
4 6 6 1669 9
5 9 6 295 8
3 1 7 616 2
8 9 7 1482 3
2 2 9 376 8
5 7 4 27 9
3 5 1 134 3
8 7 8 2190 2
5 6 6 1365 5
5 9 7 802 6
5 8 4 2261 9
4 5 4 1179 5
6 1 4 641 9
4 2 4 828 3
6 9 8 49 7
5 6 1 1282 9
4 6 5 2481 4
7 7 2 865 3
7 3 8 2077 4
2 6 8 114 8
3 5 1 1931 2
9 3 6 835 5
1 8 8 22 5
8 9 3 1447 7
1 5 6 947 2
1 4 4 1080 9
4 8 1 150 1
1 9 5 1097 1
7 8 8 379 2
5 1 6 1396 4
9 5 9 1819 3
2 9 1 1530 7
7 9 9 389 8
7 9 3 1160 8
9 2 5 457 2
9 2 1 361 5
5 6 6 209 6
5 4 6 1672 7
5 8 3 2497 8
1 9 7 1982 8
6 6 7 1222 3
6 9 4 2372 3
7 2 7 2496 7
9 3 6 154 7
3 2 2 2250 8
6 7 2 333 2
1 1 3 911 6
2 4 5 44 2
5 6 7 2145 1
4 9 9 1794 1
6 7 2 1709 9
3 2 1 1684 3
7 8 8 2203 8
8 1 8 625 7
6 3 4 455 9
2 6 2 2323 2
8 6 9 1746 7
7 3 9 758 5
5 3 3 2492 2
8 1 2 2209 7
3 7 1 2397 9
8 7 9 1910 2
5 9 8 2090 5
8 8 3 1999 6
6 3 7 224 1
2 7 3 1095 9
9 9 9 1069 7
7 4 2 169 1
9 6 1 1605 2
9 6 2 597 5
4 7 4 144 8
1 3 3 2364 2
2 2 3 2318 9
6 8 2 554 5
5 3 6 2319 8
5 2 1 235 5
5 9 2 2254 8
2 2 4 507 2
4 5 9 1924 6
2 3 6 1001 4
7 1 3 986 3
5 2 1 1989 9
5 2 7 1170 8
5 6 9 1503 7
2 8 2 2303 6
1 1 4 2008 2
5 7 5 1024 5
8 4 6 2474 4
2 8 8 776 1
3 8 3 1370 5
2 1 9 1382 2
3 6 3 483 9
3 3 8 930 8
2 1 6 2372 7
6 1 9 1684 7
4 9 7 1517 1
4 3 3 1972 2
1 3 4 295 9
1 6 8 1818 9
4 2 4 1131 6
4 5 8 2433 4
7 2 8 1850 8
7 3 8 928 2
6 4 6 81 7
8 2 7 1384 1
3 1 7 730 3
2 8 3 1564 4
2 3 8 446 7
5 5 1 1572 1
4 9 8 882 9
2 9 1 1991 2
1 2 8 1996 1
8 6 7 1367 4
2 2 8 1083 3
7 7 1 913 4
4 8 8 139 6
8 1 5 363 4
6 9 8 1945 3
5 4 7 898 5
8 7 8 1184 8
1 9 6 917 3
3 6 5 1601 8
6 7 9 1535 8
5 7 6 1684 2
7 3 8 2064 6
1 5 4 172 5
4 2 5 616 8
5 4 8 2349 1
9 8 2 2030 7
6 5 6 637 2
5 1 5 459 2
7 2 4 858 8
2 1 7 1961 4
2 1 7 2009 3
2 2 4 434 7
5 2 8 900 5
9 3 3 1501 6
9 4 4 1259 7
9 3 3 139 2
8 1 6 187 7
1 6 8 115 6
6 9 1 391 6
6 1 7 2282 7
1 8 1 1769 1
2 7 1 1684 9
6 3 7 211 3
9 3 4 1727 9
2 5 3 19 4
2 7 3 1518 5
9 1 9 2389 8
7 9 1 1942 7
7 6 7 232 5
6 4 7 2181 4
9 1 2 1383 7
6 2 3 1126 1
5 7 8 901 6
9 9 1 1328 4
8 8 1 635 9
6 2 1 1033 2
4 3 7 1408 4
4 4 6 901 2
8 1 4 1855 4
5 1 3 1249 5
4 2 6 1725 2
1 5 4 352 6
5 6 5 1426 1
4 7 1 1461 8
1 1 5 1520 4
9 7 8 689 3
2 8 5 439 5
8 9 1 1031 1
4 8 8 2099 2
9 1 5 1601 7
2 3 1 2324 9
7 7 1 2260 7
8 4 1 71 1
1 8 8 1416 8
6 9 4 22 9
5 6 8 815 7
6 6 1 614 5
3 5 2 462 9
8 2 8 1541 3
8 1 8 880 3
9 3 1 499 3
8 6 6 1145 7
2 1 1 2423 5
3 3 7 1518 3
1 5 5 29 7
5 6 5 872 5
5 2 5 2415 5
5 4 3 1968 8
2 8 2 1588 8
3 1 7 1898 4
8 5 2 28 6
8 5 7 1016 1
8 2 8 1172 7
5 5 4 1856 6
7 1 7 1885 9
8 9 3 406 7
4 8 6 1033 6
5 5 3 284 1
8 3 2 1291 4
2 1 1 310 9
6 7 3 2153 6
4 4 5 941 1
6 1 4 2175 5
8 7 1 22 9
6 2 5 1730 5
7 6 3 523 3
5 4 4 1770 5
6 5 4 656 3
5 3 7 394 2
4 1 7 1728 8
7 6 6 1224 3
