200
49 96 90 8157 8
64 85 19 5638 1
47 28 29 5662 4
98 67 42 6113 7
12 81 45 7628 4
52 81 50 2909 10
8 79 88 1619 10
57 76 39 5948 9
72 37 74 4612 8
24 65 30 9290 3
2 93 2 8817 3
87 8 19 8269 3
35 66 16 594 3
79 78 98 394 1
68 99 11 9610 7
2 67 58 620 1
84 7 87 518 10
26 92 39 2850 1
56 90 89 5442 3
85 42 41 8119 9
57 60 10 548 2
70 7 70 4018 6
29 56 19 6465 10
85 12 68 6292 1
93 82 53 8206 6
28 32 100 8238 7
83 5 42 3656 8
30 57 75 7395 6
23 53 34 5010 2
50 60 55 5759 4
15 73 37 5386 10
59 49 5 5218 5
81 84 15 3826 9
26 71 21 1927 1
5 75 7 6682 10
86 35 89 2200 3
66 92 26 4947 7
90 87 49 1687 2
12 86 84 9983 6
18 18 55 2071 7
32 20 16 2574 7
64 12 34 6486 9
72 20 15 4820 6
81 13 32 5490 9
49 40 85 4766 8
91 43 64 1022 10
97 46 3 1888 9
4 45 5 7806 7
26 26 80 2300 1
92 60 41 7138 5
85 63 74 773 6
21 27 1 9648 6
66 10 36 1770 7
17 78 80 3178 1
76 6 91 2563 5
22 75 64 566 9
37 21 11 6626 9
80 33 98 6197 4
3 46 1 5392 5
34 53 61 1219 8
65 95 89 9216 3
40 2 3 8570 7
46 29 78 3937 5
58 3 60 4960 5
56 28 78 10046 7
78 22 41 8809 6
7 9 42 5523 2
55 75 80 2202 9
97 50 56 632 8
11 4 70 8546 1
3 67 93 4093 3
9 15 61 6538 3
59 27 91 911 8
88 15 31 8496 9
81 86 79 6632 4
78 71 92 778 1
41 77 52 5639 1
73 67 63 2175 5
41 56 17 6938 8
36 100 16 5095 6
60 28 32 5023 9
64 35 54 6371 3
36 86 34 8447 10
1 71 6 6184 8
57 71 93 3948 6
39 69 26 10125 6
29 49 73 6871 10
24 98 75 8968 1
73 75 13 4507 7
95 86 97 8678 3
79 50 39 9906 8
68 31 48 4313 7
34 31 57 7726 1
25 17 75 9406 1
36 15 69 669 4
32 7 96 4183 1
5 83 26 9232 1
21 49 49 5334 7
31 93 87 8283 3
41 40 11 2429 4
6 86 4 4770 4
65 36 41 5627 6
97 86 86 1460 1
44 32 19 2792 4
58 4 6 7821 8
79 8 52 8919 10
49 65 6 7570 8
2 47 77 2603 7
82 95 30 2777 4
79 35 97 5970 7
13 65 5 8898 2
72 91 49 4867 1
1 31 20 7607 10
9 90 55 10035 5
87 4 35 5598 6
43 59 29 6600 7
100 24 4 8815 2
25 33 57 2684 5
93 51 98 9666 4
44 98 40 5676 2
82 41 99 3909 1
75 48 77 9136 10
71 56 35 5866 10
78 93 36 9910 8
66 20 88 5799 7
34 88 58 2273 5
50 44 78 5023 4
52 67 73 9974 5
95 47 29 10233 5
20 84 81 9248 2
9 82 51 2596 4
48 92 46 9997 8
55 24 47 2473 6
82 72 80 4382 1
52 8 65 5465 1
83 82 33 4879 6
44 38 55 8441 3
79 59 30 5729 9
46 98 9 5349 7
36 64 83 2817 4
17 96 73 9290 10
41 23 52 1958 7
19 52 84 7232 6
71 62 32 686 9
26 13 74 6689 9
94 23 71 6910 4
82 65 47 1830 5
91 55 94 8819 2
57 60 45 10083 10
35 30 61 6940 1
69 55 36 5847 2
33 8 27 7289 3
85 17 85 4752 7
67 35 55 5397 7
66 12 28 5531 4
75 56 89 1534 3
77 99 88 8943 3
30 6 9 5104 5
59 50 74 6107 7
10 81 85 6886 5
71 42 48 8704 4
17 96 90 6810 3
17 49 92 8383 4
16 63 53 8177 9
11 74 69 7154 4
68 20 19 7189 9
88 81 58 3371 5
55 29 51 2907 7
7 54 64 3111 1
79 25 85 6466 2
42 35 2 2536 7
97 87 87 3141 6
94 31 89 8320 1
51 41 49 9742 9
90 38 34 4016 1
70 21 90 5850 3
20 46 82 8419 2
26 61 13 5579 6
52 16 95 8451 9
44 14 58 507 8
34 43 85 466 9
75 46 61 8815 6
18 7 66 8482 7
7 24 39 5390 10
83 39 54 9869 4
86 91 92 10340 9
97 98 27 9140 2
71 30 37 3545 5
35 4 9 765 6
87 6 99 9690 1
20 46 11 2486 10
69 15 71 6665 9
11 85 55 3466 6
8 15 62 4334 9
15 67 8 8521 1
61 43 61 6533 7
37 19 9 9450 9
3 79 20 3776 9
58 90 47 6018 8
4 22 10 4382 5