450
7 9 3 1833 6
8 7 4 67 8
8 3 7 1303 5
9 2 7 90 1
3 2 5 418 4
1 4 4 401 3
2 1 7 2064 6
6 5 9 880 2
9 9 4 2042 1
2 2 9 1839 8
7 1 8 902 3
5 4 8 718 7
8 2 5 999 3
5 4 3 1239 8
3 8 6 1599 2
3 9 6 1535 9
3 8 5 1108 8
1 7 3 585 4
2 5 3 118 2
9 5 3 255 1
5 8 9 427 5
8 7 1 794 3
2 1 8 1901 7
6 9 8 886 3
4 5 7 1948 4
9 1 1 1018 9
2 6 5 1602 8
6 5 8 1628 7
9 4 5 1751 2
3 9 1 745 2
5 3 1 1833 5
8 1 2 1443 1
9 6 9 2074 9
9 3 7 1535 9
2 5 2 623 4
5 1 1 460 8
9 3 5 2176 9
9 9 5 175 8
8 1 1 1043 2
3 7 8 2087 6
2 1 2 660 5
6 5 2 1400 1
4 2 3 890 2
6 8 9 2004 7
6 1 2 2024 2
7 1 8 987 6
8 6 8 114 8
1 9 8 2249 8
3 6 5 1262 8
8 4 7 1457 1
3 7 8 88 9
2 8 4 993 1
3 2 8 371 5
3 9 5 1261 6
9 8 8 2019 3
1 4 7 1744 7
3 7 7 326 6
5 2 3 812 6
4 4 4 1399 9
5 9 7 1505 4
7 2 8 2034 4
3 2 3 1086 1
9 9 5 1035 4
6 8 3 285 7
2 9 1 365 3
2 3 8 177 6
9 1 5 1990 7
8 6 9 1708 8
1 9 9 2020 4
7 9 1 1821 9
4 6 8 922 9
6 2 7 1457 9
1 8 1 1480 6
4 1 8 1335 7
3 7 2 608 1
2 1 3 392 3
7 7 6 1348 3
5 9 1 354 4
1 4 1 1303 5
4 1 7 446 3
9 5 2 1216 7
4 9 5 2171 9
7 2 5 86 2
1 3 7 850 2
9 9 5 1266 4
9 3 8 155 9
4 2 6 439 7
7 2 5 1422 7
4 7 2 336 6
5 6 9 253 8
8 7 9 1745 8
2 4 7 963 4
2 2 7 424 6
4 7 4 641 9
4 2 1 827 4
2 1 7 1600 7
9 3 7 756 6
2 6 3 1456 3
9 5 5 2199 3
6 6 3 1794 7
5 3 9 1759 1
4 6 6 404 9
9 7 1 1595 5
6 5 3 1964 1
4 7 5 1799 4
7 5 7 2126 1
9 3 6 1262 8
9 7 1 2018 4
1 6 7 1404 5
2 5 6 1763 6
5 5 8 1616 2
3 7 9 982 9
6 2 5 385 4
8 1 1 43 1
9 1 9 411 5
5 1 9 96 5
7 9 5 138 8
7 1 1 496 7
3 8 9 984 5
8 7 1 1273 4
8 8 7 862 4
7 4 5 1341 9
2 6 1 855 9
5 1 6 1249 1
9 3 6 583 1
6 7 4 776 2
9 6 2 2152 9
4 8 9 1897 3
1 1 7 1025 4
7 8 7 1006 6
8 8 3 538 9
7 2 5 930 6
7 8 9 1010 1
3 5 7 2233 6
9 2 4 1506 5
4 6 8 272 7
9 8 4 418 1
8 5 6 1715 9
1 4 5 1557 3
8 3 5 1297 1
9 1 9 903 7
4 5 8 592 1
8 1 3 1305 9
7 1 1 268 9
4 5 4 1915 5
1 7 4 1136 8
6 1 6 577 8
9 1 3 1523 8
2 7 8 1031 7
6 4 2 443 5
5 2 9 1243 1
5 7 5 1833 9
9 5 2 1947 5
8 6 5 1217 3
6 1 7 178 9
5 3 3 1675 4
5 9 1 35 1
1 7 7 2026 7
3 3 2 914 5
3 8 7 1809 2
4 7 6 2157 9
8 5 1 1591 8
7 6 6 225 6
4 6 1 942 3
7 6 6 203 1
7 2 9 1481 6
7 2 6 306 5
9 7 8 1139 4
1 6 8 162 6
2 8 9 156 5
5 1 3 1738 4
2 5 5 279 5
3 8 7 1733 6
5 8 6 1478 4
1 8 5 2096 6
9 5 4 190 8
4 4 3 1956 6
7 4 6 303 4
7 4 6 1862 9
8 5 8 941 5
8 6 7 1635 2
4 9 1 424 6
2 8 3 1726 1
7 1 1 845 5
6 9 1 57 9
7 8 5 1448 1
9 4 5 1663 6
6 2 2 161 2
4 5 4 1650 6
8 7 8 813 8
8 6 4 1298 6
8 1 9 823 7
1 7 5 567 9
5 2 2 350 5
6 2 6 1289 2
9 8 3 1518 1
5 3 1 144 4
5 3 4 165 1
5 8 8 2246 4
9 4 5 1060 1
5 5 7 1486 1
9 8 7 233 1
9 7 3 692 8
1 5 5 743 6
5 9 6 265 3
4 4 6 602 2
9 7 5 2162 8
9 1 5 1820 9
2 4 8 1419 4
3 1 9 808 9
6 2 6 1486 8
8 9 7 1948 9
6 3 5 363 1
5 7 4 1889 4
4 7 6 1198 5
4 3 1 1829 9
8 6 5 1115 1
8 8 4 1275 6
7 1 1 1253 1
4 6 8 299 3
8 8 9 1436 8
2 8 2 1899 1
3 8 8 1231 9
2 2 4 836 2
9 3 2 1868 5
4 6 3 1545 2
1 7 9 1443 3
4 2 2 1778 8
2 2 1 1113 3
2 3 5 63 5
4 2 8 1140 7
1 1 1 1497 6
3 7 1 1064 1
8 3 5 1688 3
1 3 9 989 7
5 6 3 863 1
2 7 6 1747 8
6 8 3 718 6
3 4 9 187 1
1 5 6 2114 8
5 6 4 1817 8
6 4 3 457 6
9 8 7 782 8
9 1 5 961 5
6 1 4 485 5
9 4 9 1461 1
5 4 6 820 1
5 6 6 589 6
3 3 3 1128 5
1 1 1 914 5
7 6 3 626 1
4 6 2 246 4
8 4 6 147 3
2 4 7 520 8
9 9 7 1512 2
5 7 1 474 4
2 9 8 2199 4
7 3 4 2007 8
6 7 4 609 2
2 3 4 1229 8
6 3 2 1389 3
5 7 5 1985 4
4 3 5 358 8
5 2 7 1084 4
2 2 7 1388 6
6 9 3 633 2
8 9 8 2071 8
4 9 4 2080 6
9 8 2 1995 2
6 2 2 677 7
7 3 7 2041 8
8 8 6 2112 5
8 6 7 1040 5
8 5 1 2108 5
2 3 2 383 6
1 7 1 2185 1
5 1 2 650 4
5 9 9 1997 2
2 2 2 1593 5
6 6 6 1359 7
8 7 7 2014 1
9 7 6 631 9
4 2 7 877 7
3 2 4 1006 5
8 5 8 1069 1
6 1 3 2240 9
5 9 9 1946 5
9 1 4 1506 7
1 6 2 240 5
6 1 2 651 5
7 7 2 905 7
2 5 9 1823 3
8 2 9 286 4
9 5 4 888 4
9 8 1 2201 2
1 2 2 735 4
3 9 9 1159 9
3 7 9 2050 1
8 7 6 1247 6
5 5 8 463 6
3 4 6 987 7
4 3 8 919 5
7 2 4 72 4
4 9 7 1130 1
4 3 4 2065 7
4 8 9 2240 2
8 4 2 1837 5
9 9 1 300 9
7 8 8 696 7
2 8 7 1179 2
9 9 4 652 7
5 8 9 2119 5
6 1 3 1616 4
1 1 4 1646 6
4 9 5 1975 4
8 8 4 474 6
6 9 4 992 3
6 8 2 1298 9
9 2 7 1187 9
9 4 7 168 7
3 8 8 226 7
4 8 5 1620 4
2 1 4 1962 3
2 4 5 1351 7
7 9 2 1553 5
9 5 4 144 7
3 4 8 228 1
5 6 3 938 2
5 1 4 693 1
5 7 6 1547 2
2 4 9 56 1
4 7 6 1251 5
7 6 6 674 1
2 9 9 58 3
1 6 3 662 5
7 4 6 1860 4
7 2 4 1418 4
4 5 9 2098 3
1 3 5 549 3
2 3 5 1653 1
2 3 7 387 7
2 1 3 1303 1
7 4 4 1655 4
4 7 6 421 1
1 3 3 1957 8
9 7 6 997 1
6 2 6 353 3
4 5 8 1172 3
8 1 1 2107 8
1 1 1 382 1
3 1 1 861 7
4 9 4 255 8
2 9 7 338 3
1 2 1 1773 9
5 5 8 2061 6
4 2 8 977 6
1 9 1 1359 8
5 1 6 950 4
2 5 1 685 7
7 2 5 1417 5
5 7 2 2177 2
9 3 7 2225 1
8 4 6 836 5
7 7 6 841 6
8 6 8 1052 7
5 1 6 1897 7
1 5 8 734 2
3 6 1 1562 3
1 4 1 391 2
9 8 4 251 2
1 5 4 1082 9
1 2 5 1048 4
5 8 1 538 5
4 8 5 461 6
6 1 8 225 2
3 7 6 1564 9
4 5 3 447 7
3 9 2 1952 3
8 9 5 956 1
7 7 5 1458 8
8 9 5 897 7
5 9 2 1010 8
2 6 9 1554 4
5 4 2 2097 6
6 4 1 838 7
8 8 3 900 2
6 6 5 1949 5
6 4 8 1407 9
3 1 8 1165 9
7 8 5 284 5
4 5 6 476 5
2 9 5 1765 2
8 1 6 2101 6
7 5 8 1211 9
4 3 9 555 3
1 1 1 265 5
3 2 7 1862 5
5 6 4 989 7
5 2 3 1004 4
7 5 8 1693 7
6 4 4 721 1
2 9 3 2130 4
8 6 8 1725 1
8 8 8 2178 8
6 3 1 2065 2
9 2 7 325 9
8 5 5 208 7
5 7 1 1006 9
5 5 3 108 1
6 5 4 723 7
6 3 6 219 8
7 2 1 135 6
8 3 3 267 4
3 1 6 986 9
4 5 6 99 6
7 8 7 1269 3
2 8 3 1942 2
2 2 6 704 8
7 5 3 208 5
3 9 8 1881 1
6 1 7 2119 7
3 9 5 1977 3
1 7 4 1888 2
2 6 5 280 7
4 6 3 1231 4
6 6 3 1231 7
6 1 7 824 9
7 2 6 868 1
5 9 7 1756 1
6 1 5 18 4
4 6 4 1187 8
7 5 7 1087 3
1 6 6 857 5
3 5 8 1649 1
1 1 7 1712 7
2 1 7 1117 8
7 4 1 1993 5
1 9 8 818 5
1 5 7 1407 6
4 7 4 1001 1
1 4 2 638 1
8 7 6 742 4
8 8 8 2196 2
5 2 4 1339 9
8 6 5 1501 7
6 9 6 771 1
7 8 8 637 4
4 3 6 1999 4
6 5 8 776 2
6 2 3 1854 3
