50
31 3 99 1229 9
42 100 82 2008 5
33 76 93 2341 8
25 66 89 1704 9
56 4 80 888 8
17 93 22 519 5
14 11 39 215 2
49 58 33 2478 1
2 74 76 984 7
57 55 12 503 10
38 28 21 874 2
27 13 50 1792 10
91 35 74 2077 6
75 27 37 1099 6
14 39 8 1074 7
96 16 19 2389 4
11 15 75 1805 9
32 34 61 1607 4
25 91 72 2676 1
15 84 39 1268 6
75 74 84 2441 10
45 78 68 2570 10
54 29 82 2052 8
15 94 59 1091 9
42 45 46 2510 2
28 2 41 2164 8
74 66 1 1159 5
43 56 73 972 7
39 53 52 758 4
89 40 58 2028 9
18 86 56 813 7
85 21 91 813 1
59 30 55 861 6
21 24 76 989 3
63 38 45 786 3
75 100 84 1606 2
23 19 31 604 2
75 88 33 1131 6
65 49 59 1627 6
17 56 27 2053 9
42 12 11 1617 8
11 85 84 815 9
1 100 45 1711 4
94 78 65 540 8
28 85 5 2350 4
87 100 91 2467 1
70 10 57 2343 2
89 55 26 418 10
5 77 64 355 1
81 6 7 2232 5