500
6 7 15 672 4
14 1 6 2336 5
2 4 11 1283 3
10 12 7 1286 9
5 6 14 536 2
10 12 5 1777 6
2 10 6 752 6
13 11 2 1913 3
7 8 15 2231 2
9 11 2 2246 9
7 10 12 2175 10
2 15 14 52 6
7 13 14 1366 2
8 4 1 1438 9
9 8 8 1581 10
2 6 4 994 3
9 14 6 143 1
6 4 7 686 10
4 14 11 1317 4
2 8 12 1210 5
15 9 13 1511 3
6 12 12 489 2
5 10 6 1852 10
8 9 7 2363 1
15 1 6 516 3
2 7 8 1295 10
12 10 3 2170 8
10 3 6 72 4
14 5 12 257 7
8 15 15 735 1
1 7 8 2274 1
6 5 5 1100 7
8 7 10 179 10
6 13 14 2384 3
15 11 9 737 5
7 7 7 436 4
15 4 8 2330 5
9 15 7 240 8
4 5 2 1789 4
11 10 6 1143 4
2 7 12 1641 6
11 13 3 907 5
15 15 3 1608 5
2 7 14 1126 4
11 9 10 922 4
14 14 12 2063 10
9 5 5 2178 7
4 7 11 202 8
13 13 12 761 8
8 2 13 979 10
6 9 11 2170 10
7 7 1 1054 8
12 7 7 2037 4
4 11 4 791 7
6 5 7 762 2
3 12 6 55 6
1 4 15 1119 10
3 8 7 1233 7
3 12 8 550 9
2 14 15 1074 3
1 7 7 136 8
2 15 2 2198 6
2 4 9 1417 2
5 11 11 2375 9
3 1 13 114 8
4 11 8 2411 3
8 14 10 234 3
10 12 8 1430 5
12 11 15 689 9
9 6 1 380 1
6 10 6 1360 5
7 14 14 805 3
4 6 2 662 10
3 5 14 468 7
6 8 6 1194 10
9 5 3 302 1
11 12 5 2042 4
10 5 6 352 8
15 11 7 1228 9
3 15 15 1703 2
8 10 3 698 6
6 15 4 2308 7
8 1 12 1358 10
6 6 3 1234 10
12 4 1 376 9
3 11 12 2159 10
7 12 11 934 1
14 1 1 1022 9
11 2 13 87 8
9 1 3 777 3
4 15 10 2233 6
11 3 6 1635 1
6 7 6 673 1
7 3 1 1564 1
3 1 2 647 6
10 5 3 1320 2
5 5 3 395 1
11 12 9 1897 10
2 13 15 2366 7
1 9 13 654 7
2 7 10 1898 8
4 15 5 1668 4
15 15 7 1004 4
2 7 7 183 10
13 11 12 661 9
11 9 13 1759 2
2 2 14 1405 3
12 2 3 2237 5
2 8 5 248 1
14 4 8 740 4
4 2 15 1273 2
13 3 4 1220 6
2 11 7 968 1
6 5 5 920 7
8 5 15 1579 4
10 9 5 2289 5
3 15 6 175 7
13 9 9 506 6
5 12 5 2219 10
10 12 4 1460 8
3 9 3 2101 3
13 13 10 166 2
11 5 8 373 6
15 11 1 941 10
12 5 9 1848 7
8 14 5 461 9
2 8 14 811 4
5 1 10 1300 5
6 6 3 1766 10
15 7 9 1434 5
5 2 15 407 10
14 3 8 1403 8
11 7 10 1081 8
9 13 8 397 4
13 1 6 1028 7
9 1 12 1179 10
8 3 12 793 9
1 6 1 1133 4
10 6 13 1921 6
5 11 5 1053 2
1 8 10 982 10
3 14 8 1202 9
13 7 10 469 6
4 4 3 1669 8
11 14 12 1963 6
7 9 2 1195 8
12 10 14 62 6
6 13 6 343 8
12 15 3 97 6
13 7 9 1870 9
13 13 10 1117 3
12 14 11 577 4
11 14 9 2206 9
14 2 4 580 1
4 12 3 1081 4
15 12 11 2011 8
8 10 10 2285 3
7 1 2 732 6
13 1 3 1081 7
9 11 8 1244 5
14 8 12 1554 10
9 10 11 1054 4
7 10 5 1965 8
7 11 4 158 3
3 1 3 643 2
14 14 14 972 8
6 14 8 1216 8
7 11 15 1567 1
7 11 11 138 2
1 7 9 1862 5
5 10 4 1288 8
6 15 15 2028 3
10 6 8 2019 3
6 14 8 114 3
9 9 9 2369 9
3 3 7 1450 10
11 1 3 2303 4
13 5 10 2034 5
15 5 9 1211 8
9 7 2 759 9
11 3 15 1888 2
9 9 13 2020 5
2 7 15 106 8
15 2 4 538 9
15 2 11 1640 9
3 10 9 704 6
8 11 13 2275 8
1 13 10 1938 8
8 14 5 2316 1
3 2 1 1705 8
2 4 12 940 8
3 1 8 824 3
5 15 11 501 7
5 11 5 975 8
15 10 12 2100 1
9 11 14 1111 7
7 8 6 1950 4
8 10 6 979 2
3 12 7 1338 5
9 11 5 1393 5
12 2 11 427 9
10 12 12 1019 7
1 11 1 1932 7
2 7 15 692 2
4 10 8 767 2
5 5 14 1347 1
9 7 7 208 6
2 1 12 1206 2
7 4 1 1384 8
5 13 10 492 5
1 11 4 261 9
1 5 9 1614 7
8 2 2 422 7
9 5 1 265 3
2 3 6 819 1
11 14 7 1698 3
3 13 6 111 9
6 9 9 2333 5
15 4 1 1374 3
7 3 2 519 5
5 1 10 1660 2
7 5 9 1099 10
12 9 13 1767 7
3 10 5 2234 9
5 7 13 270 4
4 13 8 1941 5
11 6 9 557 3
11 8 14 685 6
13 6 1 230 2
6 4 7 179 9
15 13 7 78 1
11 13 13 500 1
13 5 9 216 10
5 13 1 456 9
1 10 1 1178 1
10 12 11 1031 10
13 2 13 581 6
2 12 15 662 6
8 14 3 795 1
9 11 1 193 7
6 6 2 977 7
3 12 14 289 3
12 6 1 494 8
5 11 12 393 2
4 1 7 1757 10
9 13 13 728 5
2 1 3 1417 5
4 3 1 1052 10
15 4 6 2168 10
2 12 10 1638 4
7 4 2 605 7
8 15 9 630 1
14 10 6 1389 9
9 2 7 1425 9
15 5 11 525 4
4 13 10 2331 2
6 8 3 1063 10
6 9 5 1919 7
12 1 12 473 2
15 11 14 206 4
11 3 4 2220 1
12 9 12 1831 2
2 3 1 587 5
1 2 3 1950 2
2 14 8 1266 4
3 3 5 428 2
1 8 3 1911 10
6 11 12 842 8
9 15 4 2325 8
1 11 11 1735 2
11 2 5 2092 6
1 11 14 447 9
7 13 1 2079 2
6 2 15 211 5
13 12 11 501 2
15 12 10 2177 4
4 4 6 1001 10
11 9 15 391 4
15 6 5 130 9
15 11 6 1127 7
14 9 12 455 4
9 6 3 1779 5
9 9 3 981 10
9 13 10 1592 6
12 13 12 1060 7
10 10 13 1785 3
9 11 8 659 3
5 8 14 1394 8
14 9 4 563 6
6 2 7 965 6
12 12 3 1947 5
3 4 9 2018 3
5 7 8 963 8
14 14 4 1857 5
2 13 6 1329 6
4 2 12 1538 7
3 4 1 452 1
1 6 15 1426 6
7 4 15 462 6
7 8 2 58 1
1 11 5 2149 4
12 8 2 108 1
11 14 15 2021 10
11 11 12 1974 6
12 10 3 1573 10
4 3 10 1966 4
9 7 1 852 5
14 12 13 1625 6
8 10 4 443 1
9 2 13 518 10
4 4 15 1398 3
14 13 9 948 2
15 14 11 1864 8
10 9 6 1377 6
13 2 10 475 3
9 6 1 424 2
1 8 13 1488 10
6 2 1 1436 7
8 14 14 1356 8
6 9 8 2021 1
4 11 12 1422 9
11 14 7 941 5
8 4 11 194 9
8 1 13 1848 3
12 10 5 946 5
13 11 6 1339 6
4 2 8 2063 6
11 9 3 2356 2
10 14 13 347 10
8 7 1 1134 3
7 1 13 1139 7
6 8 8 1988 8
2 9 8 650 6
4 5 7 1228 1
11 6 6 172 6
11 7 11 332 8
13 12 5 2169 10
5 14 8 1608 2
9 11 4 677 10
15 15 7 2408 5
5 14 10 839 4
9 11 2 360 6
9 8 13 1018 9
15 15 12 425 1
13 1 13 1750 2
15 2 12 570 8
5 9 5 1894 6
12 6 1 571 2
1 8 3 298 8
4 1 14 634 1
1 9 11 229 4
1 2 13 573 4
2 7 7 312 1
14 10 12 871 7
9 11 4 918 1
15 7 4 1627 4
1 1 9 1250 9
1 13 10 1272 4
13 6 6 1445 6
6 10 8 2069 1
11 14 5 2305 4
12 13 8 789 2
11 8 15 945 9
7 11 14 2069 1
12 1 12 1753 10
1 8 13 1893 3
6 8 7 1525 2
13 8 13 2064 5
6 6 4 2370 6
13 10 8 1406 2
11 15 5 1978 1
14 5 13 500 5
9 4 6 1615 6
1 12 9 1654 1
8 8 2 1561 6
2 2 2 2066 8
6 1 10 92 3
12 9 14 2103 10
6 8 6 2172 1
2 9 8 2072 8
8 7 8 2046 10
8 2 14 959 2
6 14 10 1593 5
1 9 9 1584 2
14 10 13 530 8
2 10 11 642 5
1 15 2 1613 1
12 12 8 1197 3
3 4 2 743 3
12 3 6 1866 2
10 7 11 1090 8
14 7 9 481 9
3 12 3 155 10
14 13 3 499 9
6 3 5 1615 9
12 11 9 732 1
14 7 13 1904 6
7 15 15 1324 9
12 2 7 1640 8
7 12 12 1237 7
4 1 3 2044 8
9 8 14 678 3
7 6 4 727 4
1 13 10 72 6
14 2 5 24 7
13 6 13 325 8
5 11 8 1768 6
10 13 13 739 3
14 9 13 1364 4
2 10 7 1208 5
10 10 10 302 5
7 1 5 1921 6
11 5 7 71 7
15 6 11 2364 4
5 11 11 1466 8
5 14 3 2078 7
14 8 7 1254 4
15 13 7 1606 2
12 12 4 462 2
11 3 15 387 4
14 9 11 835 8
14 1 14 1685 6
8 4 6 1958 3
8 15 15 496 4
11 5 7 1725 6
13 1 14 600 8
9 12 13 284 2
1 11 11 570 1
12 1 7 523 1
10 2 3 406 5
9 10 12 611 7
3 7 7 637 10
4 15 6 561 7
15 11 15 2438 5
13 9 4 319 2
15 3 10 2290 2
15 11 14 203 2
13 11 15 680 6
3 14 9 386 5
6 11 14 2120 9
3 12 1 2226 2
8 14 3 2421 4
15 6 3 760 6
12 15 10 1968 1
10 12 14 1736 1
15 5 2 2285 6
4 13 3 154 10
3 5 3 575 9
5 6 13 1725 1
7 7 11 1510 1
9 2 2 1759 7
8 12 5 1377 10
3 3 14 163 2
7 7 6 491 7
9 4 7 496 3
10 14 11 2293 4
1 13 3 20 5
5 8 10 813 5
1 5 8 192 1
1 1 3 2370 5
14 6 15 1317 6
8 15 4 102 4
6 7 6 2282 7
9 1 1 523 3
13 2 11 535 2
3 7 3 1564 5
8 13 10 1688 6
13 3 2 784 6
6 3 15 1951 6
11 10 9 709 7
10 1 6 190 5
12 7 9 1848 9
7 1 13 67 8
5 10 12 598 4
12 1 7 702 5
5 2 5 1444 8
13 7 5 212 4
4 13 13 1514 2
1 5 7 1710 4
13 9 15 2213 9
2 15 9 1315 7
15 13 3 215 1
4 11 7 1823 7
1 13 7 1767 4
1 12 9 1964 2
5 9 3 1045 6
8 3 11 961 7
1 4 1 598 9
12 5 7 1040 10
2 14 10 936 10
8 13 14 2161 7
11 10 4 1712 2
1 15 13 505 9
3 2 3 915 2
4 13 11 2193 3
8 11 2 2031 6
12 1 6 965 9
6 10 14 784 6
15 3 11 1377 10
12 2 9 1652 2