500
9 3 6 2528 2
6 4 6 696 3
6 2 6 1443 1
7 5 7 2425 4
6 4 3 569 5
3 10 3 1987 5
10 3 8 2164 1
4 5 2 2554 4
4 8 10 2683 4
8 9 8 2813 3
1 2 5 1170 3
4 6 9 2259 1
10 6 4 916 5
1 4 1 798 1
9 1 10 1520 4
5 6 2 1843 3
5 5 6 2682 2
7 8 6 1704 2
5 3 1 1285 4
3 1 8 1810 2
2 1 7 1535 4
10 4 10 907 5
7 2 4 1241 4
9 5 9 2599 2
4 5 4 2125 1
2 8 4 776 1
1 3 6 322 1
3 8 2 1022 1
4 9 6 872 5
5 7 8 2076 1
6 5 7 2781 2
6 7 7 2017 5
2 9 2 2457 3
6 7 7 2392 1
10 6 3 1672 2
2 6 3 2708 1
3 6 3 1355 2
9 10 10 116 5
6 4 3 2197 2
7 3 2 18 5
9 7 5 931 1
3 2 7 174 3
7 4 1 2081 5
8 4 4 570 3
8 7 7 1736 1
5 9 2 2610 3
5 7 7 2076 5
8 4 10 1853 1
2 9 3 1759 2
10 10 9 440 4
2 2 2 767 1
3 7 2 1226 1
9 4 7 2714 5
8 6 5 1363 2
9 10 7 2302 5
2 9 8 992 4
3 2 4 711 4
5 5 4 2130 3
6 8 8 1164 4
5 4 4 483 1
7 8 3 1664 1
3 5 5 1644 5
9 10 2 977 5
5 9 8 561 3
1 7 5 2241 3
10 8 6 980 4
10 1 2 388 1
4 5 9 1640 2
1 4 2 2652 3
6 9 1 559 3
5 10 10 2425 2
2 3 3 264 5
4 3 6 501 1
7 1 8 762 2
6 1 4 1221 3
8 10 5 1045 4
5 6 1 1364 4
3 8 9 45 2
5 6 1 942 4
5 4 7 1960 4
8 1 5 2301 3
9 3 8 1847 3
4 7 10 553 4
8 2 7 1246 2
9 8 2 1055 2
5 10 3 669 3
6 6 5 1001 3
4 1 9 1279 3
10 7 3 31 5
4 6 10 792 5
1 5 4 2267 4
4 3 10 1807 5
2 1 5 550 1
4 5 9 1109 2
8 6 4 2423 3
8 2 7 2509 4
9 8 7 2085 4
1 7 4 1862 1
2 5 9 1170 1
7 3 10 2482 4
8 2 4 2533 2
2 1 9 884 4
9 8 2 1804 1
7 5 9 1164 2
7 3 3 674 3
4 6 5 1834 3
2 3 2 415 1
10 5 7 1146 3
5 2 3 181 2
9 5 8 2789 2
9 1 4 534 4
8 6 6 590 1
3 2 4 2724 1
7 1 3 307 3
10 8 9 2436 3
3 1 6 1505 1
9 4 6 2791 2
7 4 10 2140 3
10 8 10 1980 2
9 3 4 2524 4
6 4 8 736 4
4 6 4 1909 5
1 3 4 372 5
9 2 3 1128 4
5 6 4 2081 2
10 3 8 58 5
3 8 6 463 3
9 8 9 2677 1
4 10 8 1324 5
5 9 4 1605 4
10 5 3 1533 3
7 1 8 1574 3
5 8 6 308 4
7 7 3 1780 4
9 3 8 1451 1
9 8 10 944 5
10 3 1 1109 3
1 7 8 1193 1
5 3 1 1057 5
4 8 2 1657 3
9 6 6 1817 4
2 1 4 2172 5
4 6 7 2183 5
3 1 2 41 4
7 6 3 2363 5
10 7 6 1817 5
1 9 5 374 3
7 1 6 2378 3
9 6 8 1351 2
1 10 7 1609 1
7 2 4 2213 4
8 7 3 205 4
6 7 6 2320 5
2 8 6 2215 5
1 7 4 2271 2
5 10 1 752 5
4 5 5 1020 4
10 8 6 1087 3
8 10 8 641 5
7 10 7 1789 2
10 5 5 829 5
6 10 9 1917 4
10 1 9 1501 5
6 6 10 602 1
5 2 2 602 1
7 6 10 1081 2
7 3 9 1910 4
5 4 8 523 3
9 3 10 457 4
1 9 10 1689 1
6 4 6 1747 3
4 8 7 2516 2
10 4 8 1976 5
4 3 8 548 4
6 6 9 889 3
8 7 1 1269 3
1 3 4 2294 4
10 1 4 2563 4
6 1 7 1853 1
2 7 9 1577 4
3 3 4 2270 4
4 5 2 448 5
8 4 6 1394 4
7 6 1 2502 2
4 10 10 2036 1
1 2 4 1134 5
6 4 10 1770 3
9 2 2 2795 3
8 7 5 125 1
5 9 3 1059 3
7 10 1 258 3
10 9 3 1202 3
3 4 6 2039 4
6 7 8 1225 4
1 10 9 1556 1
1 6 10 2510 5
9 4 2 1106 3
10 7 4 636 2
5 5 2 1862 5
1 9 3 2382 1
5 10 5 1861 2
6 1 2 1426 5
3 10 3 826 2
7 8 2 1327 3
9 8 8 1078 3
2 7 3 1511 1
9 1 10 1709 2
3 9 10 2541 1
8 6 4 2733 5
1 4 4 978 4
6 4 3 62 2
1 7 6 1722 5
2 1 7 2420 5
7 3 2 939 3
8 4 8 674 1
10 7 9 1172 3
2 4 10 2713 5
5 3 7 748 1
6 7 3 1728 3
2 3 7 565 1
10 2 6 1026 5
1 10 1 245 4
4 8 7 1841 2
9 4 4 814 5
6 7 8 522 5
2 8 5 998 3
5 6 5 171 3
8 8 7 249 4
9 1 3 42 1
2 8 1 1503 2
10 4 8 1364 2
9 4 6 2752 4
1 1 10 1004 4
2 2 6 1205 3
6 3 2 1480 3
6 5 8 1421 4
3 10 6 2654 1
6 1 4 1143 4
1 3 9 2038 3
3 1 9 2108 4
10 5 9 1631 2
5 7 7 1359 3
1 6 1 483 1
10 10 9 530 5
8 2 8 1037 3
9 1 4 1408 5
10 5 8 2109 5
8 9 3 1863 2
6 7 3 2082 5
3 1 10 562 1
4 5 4 1582 4
5 3 1 2683 5
3 4 3 1086 3
9 10 4 1245 4
9 10 8 2247 3
10 8 2 31 1
6 2 4 480 3
7 10 9 663 3
9 8 1 1478 4
10 7 3 1207 3
4 1 5 1633 3
7 6 6 906 4
5 6 4 1269 2
3 6 10 1336 2
6 2 3 443 4
1 10 3 794 5
2 2 2 1332 5
7 8 1 1213 5
3 8 2 327 1
9 9 7 357 3
2 8 2 1092 4
6 4 9 1481 4
7 7 2 2307 3
5 5 6 1426 5
7 4 2 2475 2
10 7 9 943 2
5 7 2 1677 2
5 10 1 2516 3
9 1 6 1438 1
9 5 2 2797 1
9 9 5 712 1
2 10 9 1252 2
7 1 1 843 3
3 2 9 2255 3
9 2 10 1984 3
7 4 2 1790 4
9 9 2 1805 1
2 10 4 1300 5
2 1 8 1461 5
3 9 3 2128 3
10 8 3 2355 5
9 4 1 1473 5
7 9 1 949 1
5 3 4 1520 1
8 1 3 2603 3
3 5 5 298 5
8 6 4 1266 5
2 1 2 239 1
1 3 2 162 1
5 8 5 2524 1
6 2 5 901 5
2 5 3 232 5
6 5 9 1423 1
7 2 7 1422 3
2 9 1 1958 2
5 4 3 1370 5
9 10 8 1697 1
10 7 8 1329 2
10 9 3 1725 5
7 5 2 1562 4
3 5 4 1267 4
1 8 9 2425 2
8 6 1 1455 2
4 7 1 793 1
7 5 5 2381 1
10 2 10 1213 5
8 2 5 977 4
9 4 6 934 5
6 2 7 1793 3
9 7 9 1696 4
7 10 2 2538 4
10 10 7 2010 1
5 9 5 459 4
5 7 1 221 2
2 6 7 1425 2
9 1 10 714 1
10 4 10 1916 3
4 4 6 1098 2
10 4 2 388 2
4 3 8 1924 5
4 8 4 2761 1
3 6 4 2251 2
4 8 4 430 1
9 2 5 2249 5
6 5 1 1794 3
8 7 5 1987 3
5 1 8 2191 3
3 7 10 1592 1
3 6 4 1945 3
9 8 7 214 3
3 7 3 1511 4
8 3 3 1836 5
1 3 7 1521 5
3 8 7 2317 5
10 4 1 749 4
10 9 8 1437 4
4 8 4 714 4
3 5 1 647 1
6 5 4 1818 1
9 7 7 1993 1
5 10 9 2698 4
9 10 2 87 3
4 4 10 352 2
5 6 6 2483 5
1 6 3 1162 4
6 6 7 254 2
3 5 9 1780 1
8 2 1 787 3
6 6 4 2028 1
1 1 9 1286 1
7 3 10 1120 2
1 2 10 1212 2
6 9 7 717 5
3 10 2 2130 5
5 8 2 81 5
1 8 2 265 5
1 10 10 1291 2
10 6 6 272 4
9 5 4 656 5
4 4 5 1020 3
4 10 10 2399 2
1 4 2 2417 5
7 6 6 1984 5
9 4 7 1613 4
6 8 2 77 2
3 9 2 1616 4
3 4 6 2283 5
1 3 4 2599 2
9 10 4 390 3
2 8 9 1443 2
4 8 4 1245 5
8 2 2 2725 2
8 9 2 851 1
1 10 2 163 3
1 2 9 2572 1
1 1 10 2132 1
7 3 5 855 1
4 8 5 1909 4
8 3 10 1317 5
1 3 5 2640 1
8 5 1 1121 1
4 5 5 471 4
7 7 3 460 3
9 9 6 2678 1
8 9 1 1897 5
2 6 2 369 1
8 6 1 923 3
4 2 2 1651 3
10 5 4 648 2
3 6 1 2121 1
8 6 4 1880 3
9 6 3 63 2
10 9 8 763 5
3 9 7 1622 4
1 5 7 2215 4
5 4 10 2312 3
10 3 3 2595 1
2 1 6 2038 5
6 1 8 1846 1
10 7 6 1902 1
5 8 6 2641 5
4 3 10 2145 2
7 9 9 2410 1
4 3 3 1795 3
10 9 7 2388 4
2 8 6 644 3
9 9 1 2159 5
1 9 8 425 5
1 7 9 518 4
1 10 5 2552 5
5 3 8 36 5
10 10 1 2804 2
3 10 7 1580 3
2 4 9 189 4
7 4 5 564 2
7 10 8 2807 4
5 3 8 817 4
4 1 3 2328 4
6 6 8 889 2
5 10 5 1466 3
9 5 10 1147 5
4 2 7 1443 1
6 7 4 300 2
5 9 8 1541 5
10 10 7 1269 1
7 5 1 1961 5
1 10 5 339 2
9 4 4 940 4
8 10 4 927 5
1 5 8 1063 3
2 5 8 832 5
7 5 7 1467 5
9 7 9 2818 2
5 6 4 1299 5
5 1 4 10 5
5 6 4 2067 1
9 4 4 1608 2
7 4 5 2739 2
7 9 9 1541 5
3 9 10 1617 3
3 5 2 80 5
4 6 4 662 1
4 1 4 172 3
6 2 5 2224 5
2 10 1 703 5
5 6 9 1883 1
6 7 5 518 5
9 1 7 1813 3
2 3 8 1792 5
9 10 3 2581 5
2 7 6 2545 1
3 8 8 389 5
1 4 6 1465 1
6 6 1 1452 5
3 10 7 282 5
10 3 4 1712 1
3 6 2 2561 3
4 2 5 502 1
9 2 9 2662 2
4 7 8 2231 2
7 5 6 691 4
10 1 7 1911 4
1 3 1 569 5
6 5 8 1053 5
9 4 6 2712 4
2 3 3 2477 5
3 5 8 1568 5
5 2 10 1460 3
9 9 4 1918 1
6 9 4 917 3
10 9 6 2262 3
1 1 10 1604 1
7 9 9 899 4
2 10 7 1003 2
4 3 3 2644 5
4 5 8 495 2
5 10 5 71 5
9 3 2 1528 3
3 9 2 1851 3
10 1 7 254 4
10 3 8 2442 4
7 10 10 1902 3
6 2 6 2592 5
2 9 10 612 2
3 7 2 2254 4
8 1 9 598 5
7 4 10 806 1
4 8 3 2111 3
1 4 6 2406 5
9 5 6 70 1