150
8 1 14 168 4
15 9 15 615 6
7 11 14 473 1
9 6 7 228 2
7 13 1 187 6
5 10 1 233 5
9 13 9 465 5
1 9 7 523 6
13 1 4 498 7
1 6 8 51 5
10 5 7 421 6
5 4 6 601 6
8 9 13 645 3
14 3 4 473 9
1 7 4 183 10
3 8 5 304 4
15 1 9 382 7
15 10 2 108 2
1 14 5 579 9
13 8 7 549 6
15 6 10 116 7
14 7 5 104 6
1 12 5 566 5
11 12 10 498 5
8 12 15 150 8
8 15 2 169 5
14 15 6 96 10
12 14 15 699 3
14 3 15 248 8
4 2 2 89 1
3 9 10 679 8
9 2 10 586 7
9 15 10 619 6
7 8 3 425 2
3 5 2 66 5
3 2 10 555 3
6 3 11 545 10
3 6 1 542 7
15 10 7 191 1
14 14 5 627 6
12 14 12 435 3
12 15 11 48 3
5 4 10 58 3
15 6 10 237 1
5 5 13 109 5
15 8 10 168 1
2 11 9 700 1
11 6 5 497 5
9 9 13 474 2
4 15 6 392 9
11 9 3 536 3
15 14 10 282 1
12 15 3 63 8
11 9 3 374 1
14 9 2 564 3
7 3 4 176 3
7 3 12 411 7
4 4 7 230 2
1 11 13 482 8
8 12 10 269 4
3 8 10 319 10
8 4 10 700 7
14 8 6 492 2
15 15 9 464 9
4 9 1 305 3
2 2 8 118 2
8 1 14 126 2
4 4 15 481 1
14 4 3 131 9
1 2 15 512 8
3 6 6 533 8
6 5 8 694 7
9 11 7 272 3
3 6 1 147 4
4 7 1 676 7
1 8 12 252 6
5 5 7 509 2
12 6 2 386 3
15 8 6 669 5
3 11 9 615 9
11 5 15 59 7
11 3 5 251 3
6 10 13 449 4
9 13 7 690 4
2 3 3 289 9
3 7 12 43 4
15 5 9 587 8
13 8 8 650 10
1 5 7 536 6
2 10 8 69 7
15 9 3 259 7
9 3 2 482 4
13 9 12 299 3
13 1 3 699 5
14 6 2 177 1
6 7 4 555 5
10 9 2 46 4
13 13 15 628 9
7 14 9 391 9
9 6 3 87 5
8 6 14 115 10
6 10 7 604 9
15 4 13 553 5
11 9 13 160 1
6 10 8 551 7
5 3 10 18 2
8 1 15 160 10
14 3 8 73 8
1 2 5 86 3
13 8 13 615 3
2 13 4 494 7
7 5 12 33 6
3 5 3 270 1
13 15 8 325 2
8 1 10 686 5
4 1 12 188 4
13 8 6 585 7
9 11 8 249 7
11 7 14 431 4
10 5 4 81 4
1 10 15 385 4
6 2 11 151 10
2 5 1 257 5
12 14 2 431 1
11 1 1 65 5
8 9 7 646 2
5 8 13 394 2
8 3 10 129 4
8 13 10 159 8
10 2 7 465 2
12 8 7 130 1
5 11 14 561 8
6 4 6 20 7
14 11 8 173 2
1 5 5 155 5
6 5 4 106 4
12 8 4 131 4
11 6 2 253 5
15 11 2 247 6
1 6 10 558 3
14 1 12 578 10
5 7 13 478 9
4 8 14 637 7
5 7 12 541 6
6 4 3 617 8
2 6 11 690 1
8 11 15 327 3
5 15 2 595 6
6 3 15 43 10
12 2 15 479 1