100
25 13 16 288 1
20 23 8 578 20
23 18 19 980 18
14 10 14 1055 5
4 14 24 713 11
14 13 15 1266 10
23 21 8 232 10
14 3 21 560 25
1 8 15 843 15
14 17 7 1072 16
17 5 23 796 10
13 23 24 1001 14
7 1 24 606 11
25 24 13 1207 7
10 16 20 560 24
24 23 19 708 10
10 3 20 212 14
25 24 1 1201 1
4 15 19 661 6
11 9 12 866 12
16 1 22 725 25
22 7 14 1233 14
16 14 24 94 24
10 18 6 760 21
3 8 21 173 24
11 23 18 1257 6
1 23 10 229 18
23 18 12 231 4
12 17 7 189 15
17 6 15 729 1
25 2 25 511 1
23 9 6 177 20
21 11 7 533 17
4 16 10 1222 20
13 6 21 721 25
8 24 14 547 1
23 21 4 944 11
21 13 1 1024 13
20 18 1 699 22
7 21 1 135 20
11 5 10 1138 16
22 20 8 678 22
17 8 7 968 2
7 8 6 277 21
5 14 21 87 22
19 12 10 202 19
7 14 4 223 4
16 7 8 379 14
9 5 4 49 24
25 13 21 1000 7
5 13 24 493 10
18 11 23 603 4
6 3 15 1197 6
18 5 25 572 15
23 19 15 1125 6
11 2 1 36 18
25 14 10 629 13
22 11 25 839 20
4 12 17 418 16
21 19 19 1171 15
14 15 11 801 1
2 25 23 1080 2
10 16 22 319 1
7 2 10 908 4
14 5 18 105 20
9 8 21 345 7
1 18 6 104 18
6 8 9 1266 13
3 18 25 65 17
7 16 24 159 3
13 10 17 1129 4
21 4 24 145 22
5 3 25 1171 21
22 6 14 59 5
19 18 6 247 17
15 21 3 588 25
25 2 24 567 5
11 17 11 261 24
5 25 2 676 2
7 25 24 1012 13
13 18 16 79 13
11 7 16 745 22
14 8 2 975 22
17 1 13 637 5
25 19 12 474 19
12 6 22 443 1
18 9 17 843 20
13 24 4 820 7
20 21 3 201 3
14 22 21 797 22
5 21 23 58 17
16 14 3 740 18
12 1 11 75 23
2 8 3 1276 23
23 19 5 311 6
11 24 14 1059 8
4 24 16 505 10
19 6 17 978 25
11 16 10 946 23
15 14 15 262 9
