50
14 8 5 448 20
3 10 14 579 21
19 7 17 345 9
16 5 19 461 11
15 6 3 296 12
16 19 4 147 22
10 24 3 484 17
25 20 25 86 11
25 21 15 572 6
22 12 9 43 7
22 2 10 144 13
1 2 13 453 21
13 1 23 118 20
24 5 3 520 25
1 12 10 165 6
19 6 15 255 15
13 12 15 529 25
5 22 25 458 20
19 19 8 105 21
2 25 16 423 4
23 12 19 555 3
6 21 19 347 14
10 22 21 158 15
9 25 21 273 23
5 24 10 91 9
10 22 14 396 6
23 10 4 638 18
1 10 16 125 23
14 4 9 520 9
4 6 19 287 16
11 5 3 649 8
17 24 8 583 2
25 9 9 418 20
12 25 13 372 3
14 10 7 150 18
5 16 15 466 12
4 4 16 372 8
3 9 10 316 6
2 10 14 289 10
11 9 10 324 9
19 1 3 173 10
23 6 17 530 8
19 23 10 441 13
10 18 23 68 25
22 6 8 206 15
17 15 10 377 1
11 2 11 291 10
5 14 23 77 7
6 24 15 471 22
5 10 8 596 16
