150
5 4 3 249 1
15 3 18 52 2
7 19 18 300 1
2 15 4 97 1
15 11 7 188 4
7 14 2 54 5
17 1 1 249 1
6 13 17 102 2
8 1 1 351 5
6 16 14 53 4
7 17 17 330 2
10 1 2 113 5
20 8 5 284 3
6 6 11 127 4
15 11 11 191 2
6 19 17 97 2
18 3 4 219 1
19 9 18 196 3
13 18 19 249 1
9 14 2 206 1
3 1 20 353 4
12 8 12 145 3
12 15 19 146 3
16 19 3 372 3
16 20 13 163 5
7 19 17 310 5
9 5 16 160 3
17 1 5 297 2
15 11 16 68 1
17 13 10 381 2
7 2 17 327 2
2 20 12 246 1
8 20 10 110 3
19 4 20 199 1
9 17 19 72 5
4 8 8 208 1
10 1 16 74 5
18 5 5 189 1
1 2 17 282 3
8 12 4 325 1
20 5 15 159 5
20 4 1 311 4
15 19 13 383 4
2 19 7 198 2
11 2 10 96 1
1 20 16 111 1
20 2 7 104 2
11 9 14 174 5
9 5 10 384 5
11 7 19 248 5
16 5 7 352 1
5 14 10 195 5
13 5 6 382 5
18 18 13 151 3
13 20 19 338 3
10 12 6 251 1
19 6 10 396 5
14 18 11 105 2
9 18 7 156 1
15 5 15 256 2
18 19 19 112 3
2 18 8 378 1
20 2 11 39 1
15 4 17 256 3
3 17 19 46 1
20 9 10 266 1
14 8 16 95 4
6 11 8 94 1
18 4 15 235 1
17 7 10 333 3
14 4 19 81 3
12 17 13 347 4
20 9 2 284 4
5 4 13 100 3
7 19 11 190 4
15 11 13 410 1
6 7 3 242 2
11 11 16 397 3
16 6 18 183 4
6 6 16 154 2
13 4 16 236 4
7 16 11 321 2
18 11 5 406 2
4 6 15 196 5
9 8 15 90 2
9 20 13 45 1
11 12 9 43 3
19 4 6 302 2
8 11 8 366 2
1 1 14 383 2
12 7 17 164 5
18 15 19 284 5
11 10 3 345 2
10 17 19 311 1
19 5 20 277 5
7 4 15 35 2
13 17 13 372 5
10 5 13 280 4
14 1 17 380 4
16 4 5 253 1
17 9 2 68 4
18 15 7 301 4
17 17 4 160 3
18 1 8 382 2
16 5 17 402 2
3 20 9 199 1
3 9 7 165 2
16 10 11 152 1
1 7 4 229 1
7 1 15 301 4
14 10 10 196 1
1 5 8 240 4
10 12 5 52 4
13 5 17 203 1
1 5 9 125 4
14 16 1 318 5
11 1 6 377 1
8 8 19 45 5
13 5 11 97 2
6 18 11 100 5
17 12 12 116 1
19 6 15 248 3
17 9 9 251 1
18 18 15 141 5
19 13 17 372 4
8 14 2 247 4
18 14 7 378 5
17 5 12 282 2
6 8 11 32 1
11 11 3 385 3
9 17 3 206 5
4 3 6 99 5
10 19 1 228 1
12 4 7 325 3
8 19 20 119 5
6 20 7 279 3
9 10 6 384 1
13 11 19 215 5
6 14 16 44 2
18 5 20 339 5
9 9 9 149 1
9 3 16 283 5
11 2 11 204 3
17 13 13 73 2
9 16 18 235 4
19 8 18 299 4
9 10 14 170 3
16 20 7 99 4
15 15 1 120 2
3 6 7 85 2
