400
15 1 23 3432 14
25 9 24 4075 15
14 5 21 2921 12
12 25 4 4733 2
9 12 3 59 7
10 8 7 763 5
15 11 24 1464 10
15 25 9 2836 19
2 25 9 3855 13
10 23 6 854 23
15 10 24 2065 2
20 6 19 4727 13
18 19 17 4962 19
13 16 20 283 6
14 25 14 3768 4
25 21 18 3645 19
18 2 22 589 22
13 14 13 4792 11
1 19 5 3719 15
2 23 12 1918 25
6 10 22 2309 6
18 22 11 3954 2
6 10 6 410 9
5 21 19 761 18
22 11 8 3213 23
6 16 3 444 12
20 11 14 420 5
1 8 14 5095 15
18 13 5 2952 13
6 6 20 1566 5
2 19 12 763 15
12 7 21 2205 17
12 4 21 3564 13
25 7 24 2714 14
18 19 10 4811 16
21 25 15 444 12
23 22 23 1349 11
20 3 6 2157 1
2 21 3 2632 22
9 10 22 4244 19
20 8 2 623 15
25 13 7 2125 4
21 12 20 5111 19
6 3 11 4114 2
13 13 18 1055 7
3 10 25 1226 17
10 4 13 1946 7
3 12 20 2157 9
4 24 24 2203 25
22 25 21 3207 17
18 7 13 3048 9
4 16 19 4278 21
24 10 4 2136 17
7 5 16 139 13
25 1 11 3406 24
13 13 24 509 7
5 14 1 4644 15
18 6 17 4179 12
2 19 10 4438 22
1 12 7 197 7
21 22 22 1762 16
22 19 11 5006 25
23 2 14 2864 25
17 7 1 701 24
21 2 8 1820 22
17 17 3 176 16
10 18 18 2493 16
17 22 4 3628 21
7 2 1 4658 7
14 10 12 1689 17
4 24 6 3189 16
9 7 4 1359 12
3 3 21 1465 25
18 11 1 2245 1
8 16 22 4816 5
10 5 21 755 22
6 7 10 4265 12
6 20 11 2631 21
8 5 21 2944 1
24 24 13 449 12
10 8 11 885 15
23 3 8 353 24
3 24 14 1253 21
17 1 2 2641 18
17 23 13 2904 2
17 25 25 3063 7
11 3 24 3223 23
5 7 7 4622 20
23 25 25 506 11
10 22 24 4576 16
15 25 8 3101 3
17 15 3 689 12
20 18 10 357 1
22 8 13 1995 8
19 10 5 2628 5
4 4 17 3399 9
12 24 11 4587 6
24 7 8 3703 2
1 15 5 4194 10
19 3 12 3176 3
3 16 11 2340 12
10 19 19 842 21
23 18 14 4168 8
20 11 1 2993 18
3 3 17 2599 1
13 16 12 199 19
1 6 16 3404 18
12 21 5 3374 21
19 20 1 3497 10
15 5 4 2537 18
12 20 25 2273 5
7 2 22 3014 25
24 4 23 3247 7
16 15 16 234 15
13 3 6 1256 14
3 1 14 41 23
17 11 9 101 12
4 11 10 2778 16
17 4 5 1659 21
9 15 19 1629 7
22 22 10 478 10
23 5 16 1128 16
12 4 9 675 17
16 17 3 2967 5
22 23 13 3506 19
18 6 17 1159 1
22 20 16 938 10
13 24 19 3938 19
15 10 19 2319 20
22 2 4 3338 25
13 17 11 4140 1
7 18 14 2625 9
15 9 2 1132 21
9 14 16 5057 20
21 23 18 1467 19
2 4 1 4149 6
11 6 2 1680 21
16 19 4 5070 6
4 8 4 4620 15
13 2 17 1373 6
1 7 22 3094 13
13 18 2 1463 4
14 6 18 839 3
15 3 14 2999 13
9 13 22 4491 10
8 9 23 2827 24
25 7 10 3768 10
7 3 2 2349 24
16 20 22 4396 8
7 1 2 1522 7
17 24 3 2783 1
18 11 13 557 11
2 24 15 3936 21
9 25 7 2378 5
15 22 5 3334 6
9 3 6 3078 5
25 19 13 3826 10
5 11 12 1846 23
17 20 21 4086 7
18 4 16 4847 16
14 12 7 923 25
5 18 13 2862 14
5 19 17 4081 19
21 6 22 3227 14
13 7 17 3962 4
13 1 8 292 14
19 17 22 3079 21
10 18 17 4199 17
11 19 10 4748 25
4 24 5 3561 15
8 25 7 2712 20
14 10 1 1046 14
3 7 21 1666 18
7 6 2 553 10
16 13 12 3261 1
14 18 5 4002 24
10 16 6 1901 10
12 21 10 1869 22
21 1 3 4976 5
19 10 3 2977 4
24 13 13 1936 22
12 15 6 1846 1
4 16 1 1709 22
12 8 6 4121 4
13 1 21 1628 7
9 19 15 2683 23
17 11 11 361 7
20 15 18 440 2
11 20 2 5073 14
1 4 3 3932 21
16 12 2 4468 24
9 11 20 4046 22
4 11 3 2544 1
2 1 14 4078 3
12 24 2 1725 15
23 24 24 824 9
23 14 8 3747 13
3 22 24 4318 23
8 10 6 370 12
18 19 4 2427 14
4 21 8 201 7
6 23 4 4798 11
16 2 1 1152 9
16 11 9 2973 23
23 8 20 1488 11
15 20 25 3974 20
11 20 8 2172 2
1 6 17 3248 9
7 5 10 2690 24
2 15 4 805 25
25 24 16 824 12
1 25 6 5024 19
13 24 10 4433 8
14 13 21 1885 7
10 4 3 2738 4
9 24 15 142 19
4 16 10 116 25
12 16 11 3359 13
1 8 21 2920 24
2 2 7 3499 6
1 4 17 1577 17
15 16 4 4897 8
11 16 16 1969 10
6 21 17 1635 2
16 14 8 540 7
20 10 1 3989 10
23 9 3 4563 7
4 22 23 819 19
15 5 9 4337 17
4 20 23 2739 13
6 12 25 3709 3
21 3 16 2137 14
2 25 17 3909 16
25 7 11 2322 18
20 14 20 1771 7
9 6 19 1868 21
3 8 11 3858 3
20 7 1 2066 16
13 2 21 2569 16
13 13 7 1819 15
23 9 1 1741 10
12 10 8 1702 10
1 24 21 3003 14
16 15 14 2724 1
21 15 17 3142 1
23 13 12 2222 8
23 8 24 3448 4
22 14 13 3777 13
9 5 25 2191 5
10 15 23 3922 13
22 3 6 996 24
1 9 25 396 3
14 9 15 1873 8
20 8 24 4630 18
21 12 18 1630 19
13 16 25 2887 11
9 18 3 4958 22
16 21 1 2569 24
24 3 24 316 1
2 21 23 1523 24
13 25 3 1863 6
3 16 16 4340 2
20 15 1 993 20
23 15 13 154 13
20 6 23 371 6
3 9 19 3251 7
16 13 4 2878 13
1 20 13 886 9
12 5 17 2099 1
24 25 22 2698 12
20 17 25 4469 11
20 12 20 1159 11
20 19 15 3857 13
14 7 25 1105 15
3 22 3 892 18
2 22 3 5111 17
13 1 1 163 4
24 23 11 4638 11
8 2 7 2562 25
20 12 15 3677 22
23 23 16 5155 4
12 10 8 3702 12
14 14 21 4418 23
17 20 7 4139 20
7 10 24 1001 11
7 9 7 3398 17
4 9 13 1296 9
25 18 15 1832 12
19 10 1 1673 24
13 6 23 1715 14
2 9 16 1591 16
16 5 18 4064 14
17 22 4 1246 16
3 18 5 5173 18
16 7 23 981 8
8 2 22 2135 21
5 11 2 2880 15
17 10 4 2778 18
22 23 12 1801 7
15 2 24 2593 10
25 14 2 3770 8
13 8 7 866 11
4 22 1 613 13
9 13 1 2640 13
12 16 10 3325 18
17 23 19 2665 17
18 23 19 394 1
18 12 17 3832 25
19 7 21 2112 9
7 1 6 2744 15
10 18 16 1895 11
23 1 10 419 15
2 9 8 2267 5
9 23 20 2285 22
23 24 11 3129 21
11 1 3 4657 15
3 2 6 1588 25
1 1 12 1440 24
17 24 6 1582 17
3 18 14 1210 24
7 10 4 359 25
18 7 8 1281 25
5 6 21 218 13
16 11 6 3857 16
1 15 2 1188 8
18 13 25 3905 6
23 23 22 2700 23
14 12 8 2310 19
25 22 2 2866 7
3 4 23 4577 20
25 20 22 4023 3
10 5 18 3666 20
25 6 4 1603 12
2 6 24 991 1
21 6 5 3728 2
5 20 2 267 11
23 10 9 4597 11
23 17 8 2693 9
1 12 2 609 18
8 22 12 1598 25
2 6 24 5169 15
14 9 18 3419 8
24 2 8 2381 6
21 22 25 679 22
12 16 20 4653 7
1 14 19 613 5
9 24 23 528 7
5 25 10 4269 12
13 2 4 4016 13
10 6 25 2720 10
5 17 12 2550 2
20 12 1 797 8
5 11 4 1803 1
20 17 21 3173 14
3 7 22 626 9
8 1 5 4551 19
5 12 18 3260 7
9 3 15 4410 6
22 8 15 915 25
14 15 7 2021 24
15 23 18 4070 9
15 9 25 338 15
5 1 7 4944 10
17 4 22 4230 1
24 19 3 4397 15
18 16 4 2070 1
22 17 15 285 19
24 18 24 3319 10
11 12 16 3040 12
23 22 5 4662 1
15 8 5 1272 4
10 21 24 4537 7
24 21 20 1552 23
23 6 19 1747 10
25 18 18 2282 19
10 24 16 343 8
12 15 1 4755 25
9 2 9 4818 21
4 18 6 888 11
9 18 5 457 9
17 6 3 3308 9
15 4 16 5020 17
1 12 2 2916 3
20 16 5 829 15
20 15 22 3164 5
18 21 13 334 25
9 9 18 3320 11
8 1 20 4312 14
13 24 8 1909 16
24 19 2 2161 12
7 7 9 1847 11
1 11 7 1177 4
6 3 17 4077 13
20 13 17 307 13
13 11 2 4364 11
13 5 12 5049 18
7 11 6 2611 1
10 18 4 643 11
11 24 9 4479 3
16 25 17 2557 1
