100
18 3 4 56 8 
3 12 11 75 2 
19 8 1 54 17 
6 7 11 33 18 
9 2 14 48 15 
10 7 6 57 12 
11 13 18 77 18 
5 14 11 72 20 
19 14 7 49 21 
8 18 17 55 17 
5 1 11 29 14 
8 16 5 40 12 
19 14 3 46 16 
15 18 9 64 9 
6 7 16 74 14 
9 11 14 84 19 
12 17 1 56 20 
20 7 16 91 4 
5 4 16 52 16 
1 19 17 77 4 
8 20 9 71 11 
13 17 3 39 8 
3 4 14 26 20 
19 14 6 51 20 
18 20 20 88 12 
11 21 12 78 19 
5 8 8 34 18 
12 15 20 89 8 
15 17 16 53 7 
12 15 5 78 17 
6 15 11 35 17 
19 19 1 54 19 
20 5 4 45 18 
4 20 10 79 18 
16 11 19 71 13 
1 15 12 54 6 
14 6 20 75 3 
19 17 2 38 12 
20 1 10 34 2 
21 15 13 90 13 
1 21 12 44 1 
18 13 12 45 7 
10 12 5 38 20 
3 6 16 51 3 
7 5 7 44 4 
14 3 20 74 3 
2 11 19 69 1 
16 15 11 90 17 
9 8 2 50 7 
12 14 8 49 1 
2 3 13 42 6 
21 13 6 41 20 
17 6 16 75 10 
8 18 7 33 20 
12 7 7 65 6 
21 15 14 74 20 
4 17 14 53 8 
4 9 9 43 18 
11 13 16 76 14 
5 1 16 65 19 
4 7 12 47 6 
9 15 7 63 18 
12 21 3 75 4 
17 6 5 74 18 
7 18 9 66 6 
1 6 14 43 5 
12 12 3 46 2 
16 11 4 50 4 
19 1 19 87 4 
5 2 8 22 20 
19 6 6 75 10 
14 1 6 29 20 
14 10 20 52 21 
5 12 10 36 15 
10 13 7 60 14 
11 2 10 57 14 
18 1 2 57 14 
21 4 9 80 5 
20 16 5 77 19 
20 13 21 57 17 
5 8 15 65 3 
7 3 7 58 13 
11 7 17 38 17 
5 20 12 53 14 
7 21 2 39 12 
18 6 11 68 20 
14 16 17 52 4 
2 3 16 26 17 
13 7 21 75 10 
14 19 15 94 14 
11 8 21 58 16 
14 5 19 71 12 
18 20 13 101 15 
12 21 21 64 4 
13 8 3 25 16 
13 19 4 69 18 
21 10 6 63 16 
18 16 19 68 3 
5 3 17 65 11 
13 11 15 40 2 
