250
7 3 7 708 5
2 6 4 621 5
6 8 8 1149 3
1 9 10 1291 5
7 3 1 300 5
10 4 5 992 4
7 8 1 1126 5
4 9 7 1244 2
1 5 1 621 4
3 3 1 52 3
10 5 3 37 4
5 3 9 403 1
1 2 9 765 3
3 2 2 1127 4
4 9 10 219 1
2 1 4 304 5
6 3 2 1087 2
8 7 3 965 4
1 6 8 466 5
7 3 7 256 5
1 1 3 607 3
4 6 9 1051 5
3 4 1 326 3
2 4 7 154 1
8 8 9 1366 2
2 10 6 1184 5
5 9 9 1042 2
5 2 7 641 2
10 2 6 503 2
5 9 1 1002 5
1 3 8 996 4
6 3 6 1149 5
7 6 4 1275 3
3 6 7 1319 3
6 8 5 172 4
4 8 4 1019 2
10 4 10 964 2
3 2 1 514 2
6 2 8 27 3
4 5 10 189 1
3 7 1 296 5
9 3 5 686 1
1 1 10 1179 5
3 7 8 718 3
10 1 1 1079 4
6 8 10 457 2
6 5 8 288 3
7 3 1 368 5
5 10 6 909 3
9 2 8 115 2
1 3 1 525 3
1 9 3 1115 5
9 8 8 369 4
4 5 1 983 5
6 8 2 715 4
7 10 8 1365 2
9 2 9 1118 2
6 3 2 1259 3
2 6 2 561 1
3 7 4 1166 4
7 3 2 1073 1
3 5 7 122 2
8 3 10 1089 1
4 8 1 1142 3
2 8 9 162 3
3 4 7 424 4
8 2 6 1138 3
2 9 8 1116 4
9 1 8 276 5
7 2 8 571 5
9 10 9 188 5
10 5 6 753 5
4 3 3 315 3
6 7 1 1295 2
6 6 6 346 5
8 5 6 660 1
4 8 1 720 3
10 4 4 1287 3
8 5 5 1108 1
4 1 2 179 1
10 2 9 704 2
9 1 8 657 5
4 5 3 735 1
10 7 9 212 4
9 7 4 181 4
1 8 5 1263 5
7 6 4 872 2
5 4 6 147 4
4 7 10 1215 1
2 10 7 1080 2
10 8 9 806 5
9 4 3 477 5
8 6 6 371 1
10 1 1 901 5
2 4 6 766 5
4 7 2 695 1
9 10 4 369 5
10 2 3 553 5
10 2 6 440 4
3 5 3 408 3
5 8 5 1089 1
6 2 2 1211 3
9 1 8 1146 5
8 9 7 628 3
9 8 4 434 5
8 3 1 412 1
1 6 4 615 4
6 1 10 1004 4
8 5 5 927 5
2 6 4 181 2
7 7 8 784 5
1 1 6 1329 1
5 7 2 1025 1
3 4 5 1081 3
10 3 9 123 2
9 8 8 503 1
7 1 9 989 1
9 10 8 555 1
10 2 2 640 2
9 10 3 101 5
5 2 9 401 1
8 1 3 658 3
1 10 6 73 2
7 1 10 857 2
7 4 5 294 4
3 2 9 1295 4
6 6 6 1209 3
1 4 6 760 4
1 4 2 470 3
6 4 4 1244 2
5 6 7 277 2
5 3 8 1034 1
8 9 6 751 4
1 6 4 1157 5
9 2 3 1183 1
3 2 10 916 2
9 10 2 1097 5
1 5 1 592 2
9 3 8 750 5
1 3 1 560 5
6 2 1 866 5
6 10 3 628 4
9 4 5 135 4
9 9 8 516 1
10 8 8 1039 5
5 8 7 31 5
7 4 1 179 1
3 3 6 101 4
5 10 4 504 4
8 1 4 1340 4
1 7 7 846 1
8 10 2 959 4
3 7 2 359 2
4 8 9 382 5
5 9 7 808 5
10 1 7 952 2
10 3 2 970 1
7 5 5 741 1
8 9 7 1198 4
2 6 8 96 3
3 6 8 80 3
6 9 10 1142 3
2 3 8 1215 3
9 9 1 1024 4
5 3 6 770 5
3 3 5 1203 3
6 2 2 1251 5
5 7 3 337 4
9 4 10 605 1
9 7 8 309 2
6 6 10 1128 2
2 8 1 1344 3
5 5 1 873 5
5 3 4 711 3
8 3 2 116 2
6 3 2 323 3
10 1 8 846 3
7 5 5 558 5
3 1 3 532 1
7 6 1 871 3
6 8 8 796 3
1 2 2 337 1
4 6 8 1206 5
2 10 2 537 5
10 10 4 638 1
7 10 1 1070 4
2 5 7 928 1
9 8 4 661 5
8 9 4 1305 1
8 3 7 999 5
6 7 1 1271 4
6 6 10 1194 2
9 3 5 594 2
8 10 10 1169 3
2 4 3 622 3
4 4 5 565 2
8 8 5 1022 1
5 6 4 893 5
4 5 10 889 5
5 7 8 836 2
1 4 7 514 3
2 3 7 25 2
2 3 6 872 3
10 2 6 676 2
8 5 2 1044 4
6 2 8 321 4
1 9 10 174 3
10 7 4 42 5
1 4 4 530 3
1 1 8 609 5
7 7 7 612 1
7 8 3 1052 4
5 5 2 597 4
1 3 6 512 4
7 5 9 223 5
2 7 6 168 3
9 5 7 1237 2
8 9 1 1066 1
4 1 1 561 5
1 8 8 777 3
2 7 2 816 1
7 1 8 435 3
7 2 6 627 2
3 2 7 184 4
4 4 3 321 4
1 3 1 1320 4
2 6 7 886 5
8 1 5 241 1
7 9 9 1355 5
3 3 9 1089 3
5 9 10 928 4
2 1 3 979 2
4 8 6 1296 3
2 4 2 1092 5
2 8 7 105 5
5 4 6 1259 3
3 2 2 419 3
2 6 9 1269 1
6 1 2 738 3
9 4 4 791 2
6 1 7 783 1
1 7 7 1216 5
2 6 6 510 5
2 9 3 228 4
8 3 9 722 3
6 1 7 746 2
9 1 4 482 2
5 7 9 738 3
4 5 3 668 1
9 1 7 262 1