450
14 14 6 1536 9
1 9 15 1690 7
12 4 15 950 4
11 8 9 268 9
9 3 11 487 1
4 14 10 258 1
7 11 8 1511 3
14 13 10 63 7
5 12 9 1994 3
2 8 9 152 8
6 12 15 1537 5
14 4 15 1361 2
2 15 7 420 2
9 15 4 2033 4
5 3 7 315 5
8 7 9 2076 8
7 11 11 1571 2
6 6 6 2072 7
9 13 14 1382 5
7 14 15 1660 10
9 11 4 444 5
15 7 7 943 2
7 6 9 735 4
2 2 11 942 9
6 13 9 294 10
2 4 9 358 9
11 14 3 2029 10
14 12 12 804 6
5 8 5 1036 9
4 5 2 524 1
13 1 7 1220 1
11 12 2 1617 3
6 11 14 1930 3
8 5 12 2174 6
6 1 14 771 8
1 1 5 875 2
8 6 8 866 3
10 10 15 378 6
15 5 14 480 10
9 6 5 1540 2
3 15 6 86 6
11 1 8 2082 5
1 4 12 1136 3
8 12 11 385 1
15 3 2 1713 3
1 3 5 1631 7
13 7 11 1934 4
9 2 10 423 6
14 5 10 1175 8
1 1 3 760 3
4 6 2 2065 5
5 2 1 1176 7
12 11 8 189 1
6 4 3 1640 4
10 6 5 870 5
14 14 11 1361 7
7 2 1 2162 1
1 7 3 1931 4
6 12 1 1741 7
12 13 15 1209 3
5 15 10 1311 9
13 14 2 1156 1
3 6 15 1606 7
6 13 9 720 4
9 13 2 2117 9
3 7 15 1907 4
6 12 12 648 2
8 8 13 639 8
10 1 2 576 9
6 14 6 1211 4
9 11 8 99 4
12 6 7 717 4
8 5 2 1101 5
5 15 4 248 3
11 4 15 296 7
1 3 13 190 8
1 4 10 1886 7
13 9 2 2000 2
1 4 4 951 4
11 7 1 1428 5
14 5 15 2093 2
15 6 13 1867 3
4 2 5 1608 10
4 10 13 1248 5
8 8 2 1870 9
2 10 5 792 1
13 14 7 1801 10
10 2 3 601 8
13 15 7 1337 1
8 8 7 2027 5
6 2 5 592 8
5 15 12 1626 6
7 15 15 1401 5
1 14 14 757 8
9 4 1 2081 4
3 15 1 266 7
9 11 12 706 8
14 14 1 172 10
1 8 14 234 6
11 11 10 1244 7
14 7 2 1296 10
14 9 10 816 2
10 10 11 481 9
8 12 7 1251 5
5 15 2 322 3
7 12 11 817 3
9 8 15 2137 6
12 5 3 216 5
11 4 13 988 8
4 15 10 1090 1
14 10 5 333 3
1 3 10 474 8
15 8 12 1676 4
1 14 3 1867 8
13 6 14 1724 9
4 5 11 653 5
1 4 3 49 5
9 5 9 289 8
6 3 12 1199 8
7 6 8 1020 8
14 12 3 2022 5
12 14 2 1529 6
7 11 6 849 9
6 1 15 2040 3
12 7 9 1774 1
9 1 11 1346 4
13 11 8 132 3
12 5 2 2003 2
2 8 5 897 1
6 9 8 465 4
2 4 3 91 7
1 10 14 242 8
5 2 12 1483 2
9 1 4 146 1
15 7 11 198 8
7 12 14 1556 9
12 13 9 2089 7
6 10 13 1786 5
5 10 12 1257 1
12 4 6 429 10
6 13 10 1510 1
9 1 12 1783 1
15 13 3 235 8
8 1 10 704 7
7 11 11 1321 2
15 10 7 1795 3
11 6 9 774 7
9 12 9 2004 7
4 5 15 352 9
8 4 5 1864 8
2 8 12 1446 6
14 9 14 875 7
3 9 13 1702 10
1 11 4 369 10
6 2 15 354 7
9 4 5 478 1
13 4 1 221 4
13 11 4 394 2
10 7 4 963 2
2 11 9 1065 1
10 11 6 2157 1
10 3 4 1802 6
13 15 5 1999 1
11 13 7 686 10
8 15 8 1003 10
4 8 7 230 5
14 1 14 1063 4
2 15 10 2026 6
6 4 14 1407 10
15 5 5 1500 10
2 15 5 610 7
6 13 10 2106 5
10 8 14 111 9
14 13 3 729 8
15 4 14 274 10
3 9 13 438 1
12 11 10 2176 2
5 5 13 1066 9
6 15 7 260 9
4 15 9 623 10
12 9 6 1352 1
15 1 1 1047 3
8 5 12 964 4
6 13 8 2124 5
11 6 7 163 5
3 15 4 2048 7
4 4 15 798 8
8 14 12 1271 6
2 11 7 20 7
6 4 12 1434 8
15 2 8 1301 8
9 15 7 89 7
14 14 3 138 4
2 14 2 122 8
15 10 3 1999 6
10 2 3 843 9
12 9 9 231 1
3 10 8 804 9
5 15 6 443 6
8 6 9 1739 1
9 1 11 1252 3
3 3 9 1129 8
12 11 13 898 2
3 1 5 643 7
4 1 11 1568 6
11 3 14 1185 5
2 5 15 737 8
14 3 15 1491 1
12 12 12 1638 3
8 9 9 1460 9
14 14 8 2107 4
9 15 12 1335 1
12 12 13 173 4
11 5 7 647 10
4 2 8 1495 7
9 1 10 966 9
5 10 10 720 2
13 15 2 969 2
14 14 12 52 6
4 8 12 733 10
3 1 4 1691 8
4 13 1 59 1
2 12 2 288 7
15 14 1 1774 8
9 11 9 965 8
12 2 3 1576 7
3 4 12 1856 2
5 6 9 1642 10
2 8 2 1958 10
12 15 10 305 5
13 7 15 263 10
3 10 5 1086 7
7 2 1 1711 9
14 2 13 1014 8
1 15 12 305 1
4 1 8 1720 9
5 15 7 333 4
14 5 15 1441 2
14 15 12 487 9
14 3 12 1294 2
8 10 13 766 9
2 6 1 1424 2
2 3 12 1736 4
5 11 4 1883 4
12 13 11 1938 4
7 9 11 1205 9
11 11 12 693 9
11 8 15 1714 9
8 15 7 1219 3
11 14 5 1248 1
3 4 7 1510 1
11 15 10 883 9
4 1 2 1935 5
12 14 3 654 5
15 3 2 1976 9
7 13 9 1998 6
1 2 8 363 2
3 9 1 777 7
7 13 2 60 6
9 9 5 430 5
9 9 4 2120 8
10 3 11 227 1
1 11 15 369 7
2 3 2 409 3
14 9 6 1652 6
3 15 14 2137 10
12 8 7 645 5
12 3 9 1729 10
6 1 12 2040 7
10 5 13 348 10
9 7 9 1857 10
7 3 3 1744 5
2 3 1 1577 8
13 13 6 1341 5
3 11 2 1496 1
3 13 10 2095 6
7 8 12 1027 6
5 7 13 1751 2
9 14 9 1544 8
9 12 12 2192 5
13 9 10 1299 10
13 4 2 2174 6
10 1 9 1347 10
15 14 14 980 10
8 1 4 1045 3
2 1 10 1202 7
12 2 7 424 1
14 10 12 522 3
13 10 9 564 1
6 2 15 1653 5
13 14 10 172 10
2 1 10 750 4
1 15 14 755 3
8 10 14 57 7
4 11 14 493 5
5 1 6 762 7
13 14 11 2186 6
11 1 10 298 4
9 11 1 1508 9
12 4 2 1260 4
14 12 6 698 3
12 10 3 1363 9
6 9 9 1124 10
14 2 10 659 8
14 6 4 1701 2
15 15 10 1382 5
5 5 7 1671 6
1 2 8 1623 9
5 6 8 1504 6
15 11 3 411 6
13 3 11 1618 7
9 14 15 324 10
7 11 7 558 9
6 11 2 1026 9
6 6 2 135 5
9 12 13 393 6
11 1 6 1822 4
11 2 1 1340 8
1 10 1 798 2
15 4 14 198 4
3 10 14 795 1
14 7 15 583 3
2 11 2 1774 8
2 5 3 45 8
8 6 8 395 6
15 7 15 349 4
2 4 7 1490 6
2 5 5 1782 8
9 6 12 1084 5
10 6 12 448 8
3 7 4 1843 3
9 14 12 355 2
15 6 11 937 1
14 1 8 1261 1
5 13 15 1639 1
12 3 11 2100 6
9 4 11 431 1
3 15 10 264 10
9 15 4 902 10
11 13 4 2085 6
6 3 1 120 9
15 5 13 1970 7
4 1 4 1215 4
13 14 7 209 6
15 5 9 671 9
4 4 7 1489 10
15 1 4 1707 7
3 2 15 1989 6
3 3 15 1564 5
12 2 11 1910 3
13 10 8 1594 6
11 4 5 375 5
6 1 10 127 6
4 10 2 1262 3
15 4 11 678 4
2 8 3 1340 3
14 11 14 1294 9
13 5 12 1570 9
6 13 4 1464 7
15 10 15 571 10
7 7 12 1445 4
5 5 15 787 4
8 12 1 240 1
1 3 11 1006 3
7 12 1 222 9
9 15 9 1825 6
8 8 4 2020 5
4 5 6 1869 8
3 14 15 271 9
4 2 5 1941 3
3 6 9 814 8
10 1 5 417 4
9 11 13 1543 9
8 14 12 411 10
8 5 1 1607 2
13 11 15 1813 3
8 5 12 1936 7
6 13 9 1291 3
9 5 6 1086 5
2 2 8 24 4
4 6 1 1300 7
6 6 2 2098 9
8 13 10 1214 8
3 4 2 503 1
14 14 15 2148 6
14 1 12 417 2
3 10 1 415 10
11 7 2 899 4
5 4 5 2144 5
5 9 3 1302 6
10 10 5 659 9
4 6 5 1627 1
1 12 6 93 1
10 3 9 2036 4
10 13 8 715 7
10 13 10 707 6
13 4 13 1547 9
15 5 11 1272 5
1 10 6 854 7
9 8 5 1543 4
11 6 4 1798 2
11 14 15 883 10
1 12 1 1943 9
6 1 6 319 6
6 4 8 738 4
12 10 8 751 9
8 6 6 1615 2
12 6 2 744 10
12 1 10 570 10
11 9 2 82 4
1 10 2 1958 10
7 5 10 502 2
2 4 1 916 9
6 5 15 1868 3
11 7 15 1046 3
8 15 5 2179 1
8 10 2 1012 8
10 4 15 1918 10
1 13 12 1429 4
4 12 9 1507 9
3 6 10 1375 1
6 11 13 1225 2
15 13 11 773 5
2 8 5 787 9
1 14 8 701 9
14 11 6 131 5
5 13 8 956 8
13 10 4 415 5
2 11 1 185 2
10 6 15 399 7
1 12 1 1421 4
6 12 8 765 8
13 4 11 1812 2
13 3 10 1880 5
4 11 10 1760 6
11 12 3 1148 7
5 6 12 215 3
2 15 10 1311 10
11 8 8 1909 8
10 12 14 1609 6
1 7 5 682 6
13 14 11 1837 7
2 2 8 706 8
1 13 7 985 4
2 4 7 1482 8
9 15 3 1089 4
15 2 1 1490 3
10 7 11 483 6
3 1 4 127 8
7 5 3 591 9