500
15 12 5 802 3
14 8 20 1262 1
19 17 5 553 2
19 8 7 317 5
6 1 1 650 3
11 13 8 852 2
12 16 16 832 5
15 13 16 271 4
18 9 12 431 3
16 20 3 1029 3
18 7 16 1089 1
2 6 1 336 4
19 4 1 511 3
1 18 5 670 2
14 17 2 810 5
19 17 6 103 5
20 6 14 102 4
6 14 14 77 5
13 16 13 442 4
5 8 8 34 3
5 20 16 473 5
20 2 20 209 5
14 20 1 179 1
19 6 2 949 3
11 15 7 1258 2
13 8 12 350 3
7 1 20 349 3
2 6 12 1072 2
14 20 19 1094 2
15 10 10 91 2
3 3 7 284 3
17 12 10 278 2
6 11 14 227 2
13 4 17 483 2
15 7 19 1129 2
15 10 5 791 3
19 6 4 1167 3
17 1 3 1181 1
7 1 19 1197 3
18 14 9 586 5
9 16 13 146 2
3 8 16 406 1
20 3 19 418 3
12 1 17 202 1
14 14 18 631 5
14 14 12 511 5
2 5 5 1064 5
8 7 14 231 1
6 7 1 741 5
9 8 9 841 4
3 7 13 379 4
17 5 19 622 1
9 17 6 80 2
9 18 5 762 2
17 12 19 539 2
11 16 5 1130 2
15 3 6 471 2
18 17 10 229 2
8 11 1 1265 3
1 9 7 790 1
8 8 15 539 4
8 19 13 866 3
11 20 14 1092 5
17 8 19 1233 1
17 16 15 771 5
9 16 12 632 4
6 19 5 1225 4
4 18 16 432 3
7 15 11 1055 1
3 6 7 1080 1
14 1 4 220 2
13 12 5 486 3
16 12 9 140 3
10 5 4 1053 2
1 2 16 1208 2
5 8 15 939 4
11 14 15 1056 2
17 19 17 930 1
18 9 9 472 2
7 11 17 355 3
15 18 11 1140 2
20 5 6 1180 3
18 9 19 1216 2
11 14 18 694 5
9 7 13 494 5
4 13 6 1064 2
2 19 20 1114 5
8 7 12 254 5
15 17 5 452 2
3 6 1 169 5
10 2 20 1062 1
19 16 11 99 4
18 10 7 264 1
18 11 7 1127 5
20 16 5 514 3
15 10 11 331 1
20 3 7 1133 4
10 11 20 513 5
6 20 12 315 4
9 1 7 1090 2
10 4 5 1180 5
13 14 10 841 4
5 16 17 973 5
16 7 14 198 5
16 12 15 1008 4
20 5 15 489 5
20 6 6 136 2
8 7 19 129 3
19 8 18 1066 2
14 17 7 307 2
9 9 10 41 3
4 4 8 872 4
4 4 3 155 5
2 2 13 865 2
8 1 12 923 5
5 2 8 734 3
9 11 17 74 5
5 10 1 993 2
1 12 9 919 1
14 18 11 95 4
2 1 1 689 3
4 19 11 1186 5
8 11 14 1188 2
7 12 13 363 4
19 17 20 1023 1
9 4 5 996 2
17 13 17 275 3
17 2 18 815 4
5 20 11 729 4
15 14 4 567 2
12 9 10 998 2
12 8 20 137 3
16 1 17 374 4
16 3 7 99 2
12 11 7 846 4
3 16 3 843 5
8 8 1 1265 3
19 16 2 1263 5
14 4 8 938 1
14 8 11 396 5
19 18 12 751 4
13 7 8 114 3
8 7 12 1177 5
16 6 10 802 3
9 2 17 860 3
11 2 13 1165 4
2 4 20 662 1
4 9 12 1087 5
17 13 20 510 1
1 9 4 849 5
19 1 1 303 2
18 15 4 1189 5
13 4 16 502 3
5 10 14 880 4
10 12 20 1164 2
19 12 11 179 5
8 18 19 192 2
18 3 12 778 4
13 3 17 131 4
19 4 9 686 2
16 8 5 856 4
7 11 20 160 3
15 14 9 662 3
11 1 1 882 1
1 20 1 364 3
4 9 13 637 5
13 8 5 262 2
8 12 7 1218 2
15 11 18 451 5
12 9 3 441 3
11 11 16 1133 5
20 14 13 201 5
13 3 9 132 4
9 3 16 691 5
11 14 14 1140 1
3 8 7 1266 2
19 12 18 1064 5
13 12 16 410 1
6 8 19 187 1
10 17 12 768 2
20 16 10 649 4
4 15 4 316 1
5 9 8 1218 5
11 18 5 590 2
1 9 8 197 3
4 11 8 331 1
5 15 6 27 4
17 2 1 953 5
17 5 3 187 4
18 8 3 1186 3
4 1 1 19 5
10 2 19 469 5
5 1 11 568 1
10 18 16 278 5
1 14 17 1060 3
15 2 13 839 2
13 14 11 1239 5
10 6 10 1149 2
1 2 4 1079 1
5 2 6 57 1
4 4 14 257 1
3 18 20 719 3
17 7 18 1018 2
4 5 12 814 2
15 3 9 112 1
2 9 2 892 2
8 11 1 206 1
1 2 6 467 5
1 20 7 986 4
15 13 7 326 4
17 20 4 718 4
18 4 8 841 5
14 17 15 670 2
8 8 6 742 1
4 9 8 609 2
4 6 7 990 2
16 16 17 668 2
18 4 14 145 5
19 18 5 52 1
7 5 9 122 4
17 3 17 478 3
4 2 2 38 3
16 18 2 443 1
14 10 4 689 1
18 16 10 76 5
3 9 15 817 5
14 2 15 848 4
5 6 4 770 2
12 18 6 204 1
7 3 17 457 3
5 11 9 259 4
4 18 9 289 5
8 4 2 272 3
13 5 7 1084 2
16 13 3 1012 3
18 13 11 1108 3
12 18 6 934 5
3 2 4 25 1
13 6 12 90 4
17 10 20 1113 5
19 9 4 505 2
16 13 7 322 3
10 10 1 379 4
4 9 5 646 3
10 1 20 697 3
7 5 20 494 2
8 3 7 1055 4
9 12 6 901 5
20 11 6 178 1
7 15 4 1208 2
15 7 20 378 3
18 15 5 649 2
16 15 5 142 4
16 8 9 486 4
12 17 7 1242 2
6 2 4 697 4
4 14 10 355 1
6 18 12 702 4
9 13 5 558 2
5 20 6 477 1
15 11 5 54 5
20 3 16 132 3
5 20 15 136 3
8 3 17 1143 3
15 12 19 1042 2
5 7 14 1193 4
11 13 10 517 2
19 5 11 544 4
7 16 16 533 5
17 6 14 375 3
4 14 2 680 3
2 12 18 993 1
1 6 12 42 1
17 7 10 111 1
11 14 19 882 3
9 13 7 505 4
15 13 14 1139 5
17 20 7 89 4
5 18 17 653 3
5 5 3 391 5
16 17 4 1204 4
17 1 12 95 3
12 12 19 248 3
9 12 20 1010 5
4 13 6 571 2
13 19 20 1167 3
5 17 9 1183 5
19 3 12 126 2
9 5 20 471 1
7 10 4 295 4
15 13 15 395 5
6 14 15 456 2
2 5 3 284 3
17 13 7 787 5
3 17 5 649 3
2 3 10 569 3
16 5 12 1148 5
10 14 2 1080 5
9 5 4 294 1
2 12 2 1129 1
11 5 7 1067 1
16 20 13 971 1
17 3 7 239 1
15 10 17 46 1
2 2 18 830 5
12 16 10 438 3
4 2 2 177 5
10 20 6 1180 4
5 8 17 760 1
18 9 14 936 1
12 15 20 472 3
2 20 10 987 1
20 8 5 408 4
14 15 4 129 5
12 1 12 1149 2
9 4 15 1140 5
19 7 12 696 5
17 1 16 624 5
1 6 9 169 5
13 13 12 894 1
14 15 5 834 5
20 6 5 646 1
2 15 15 277 4
5 14 5 235 1
5 6 10 604 5
3 9 12 95 1
1 3 13 1057 3
9 19 19 56 4
16 15 14 1153 3
12 9 9 578 3
1 8 1 326 1
7 2 10 277 4
2 11 9 503 3
6 3 12 879 5
9 13 8 1103 4
13 2 13 410 4
4 1 14 392 4
3 15 14 714 1
20 13 15 754 2
6 16 16 794 2
9 1 11 327 4
8 6 15 768 4
3 18 9 256 1
9 12 5 1221 4
2 16 10 899 5
9 16 2 378 1
7 11 10 1059 5
19 7 4 664 3
18 1 14 1242 5
12 19 6 942 3
17 16 5 763 3
5 8 10 1203 3
12 2 14 453 1
18 2 20 497 2
15 2 8 1008 5
4 8 14 960 2
5 18 7 1096 1
6 10 11 270 4
13 13 3 176 1
4 15 11 1055 3
17 15 13 367 3
8 20 20 151 3
6 15 18 74 3
11 3 8 825 4
5 6 20 243 4
6 14 7 175 2
20 19 11 1056 4
15 4 17 491 4
1 19 16 1262 2
11 14 17 733 5
12 7 13 792 1
12 12 5 887 3
17 2 15 825 4
15 15 4 1078 5
19 3 3 768 1
12 9 9 643 3
2 11 10 195 1
10 4 17 277 2
2 18 18 948 5
12 19 4 173 1
3 18 9 243 5
13 17 10 555 4
12 13 7 1268 3
6 11 4 436 1
10 8 11 1115 2
6 7 1 917 5
4 13 11 364 5
20 4 19 813 2
4 3 9 193 5
9 18 9 598 1
7 13 2 748 1
3 3 1 463 2
2 3 20 148 5
12 20 4 709 1
2 6 4 60 1
7 14 16 1236 5
17 15 5 824 1
15 13 14 595 3
8 8 6 1129 4
7 4 7 1014 4
10 17 5 1200 2
10 19 10 1187 5
7 6 3 1066 3
3 6 10 1075 2
20 12 20 243 4
10 10 14 670 3
6 19 15 916 4
13 1 12 1143 1
20 1 4 757 4
1 5 5 56 3
10 16 14 554 3
10 14 20 683 1
4 3 3 1194 2
14 18 11 1246 1
5 2 3 532 4
18 16 3 727 2
19 16 11 85 2
19 4 14 393 2
2 4 2 292 2
11 9 2 1179 3
12 7 3 517 2
12 7 12 329 1
19 7 1 1211 1
20 14 12 888 5
5 19 18 395 5
1 18 3 631 4
6 4 17 852 4
6 2 6 717 4
12 3 14 631 1
5 5 14 272 2
7 3 17 720 5
14 5 4 506 4
15 1 19 584 5
10 18 5 1006 4
12 2 12 140 1
18 2 5 515 1
13 2 18 1120 3
9 2 18 256 4
4 1 15 1204 3
15 4 7 269 3
9 15 14 128 3
9 20 5 367 4
10 11 17 806 1
15 16 7 87 4
20 20 13 1159 3
18 20 7 436 4
13 10 2 89 2
20 2 14 911 1
2 3 15 191 2
2 2 1 1109 2
20 13 8 1231 2
11 7 19 137 4
16 10 7 504 2
10 9 1 78 3
20 1 4 872 2
4 15 6 653 2
13 13 20 184 3
14 1 13 1200 4
6 18 2 230 4
16 10 17 397 3
12 19 19 1172 1
8 17 16 607 1
3 10 11 1049 1
3 13 18 1275 2
8 19 8 371 1
12 4 17 338 1
16 18 1 638 4
7 7 20 895 4
19 20 13 912 4
12 9 20 297 5
2 6 8 28 5
10 16 3 574 4
15 11 6 402 2
3 12 16 360 4
11 12 20 1083 3
20 1 10 944 4
4 20 20 108 2
8 4 7 624 4
6 5 15 321 2
4 9 20 1062 5
6 3 10 1245 3
18 20 5 552 3
15 13 16 243 3
16 8 2 1044 5
15 9 13 679 5
9 10 19 860 1
17 8 14 885 5
17 17 10 514 3
15 1 3 676 4
12 5 8 232 1
8 19 8 1216 2
5 9 11 1096 5
1 19 3 824 2
3 5 8 344 4
15 17 10 1171 4
6 5 19 245 5
10 15 16 1039 3
13 2 11 421 2
15 13 14 1202 2
4 10 16 1011 4
