500
15 5 1 3417 11
13 18 6 5169 13
4 16 18 2367 4
6 6 18 3994 11
15 16 20 873 19
14 15 11 3350 7
6 18 1 211 3
13 1 14 1679 19
18 12 16 2774 2
12 13 11 3588 4
2 10 10 3931 17
3 2 8 3392 4
5 15 18 271 7
8 20 20 5124 6
20 7 18 514 13
1 18 17 3901 17
13 18 7 3086 16
8 19 3 4265 7
18 1 17 2707 1
11 7 8 1561 5
7 9 8 2641 8
2 15 20 3185 1
18 3 11 1757 20
6 16 13 3823 3
9 6 2 4707 12
17 18 6 2628 16
6 12 10 921 12
14 15 11 4095 12
4 19 19 4838 12
2 3 10 4068 15
19 3 7 2242 19
8 4 17 4576 1
5 14 16 2900 2
3 5 17 3216 8
5 7 15 1599 12
4 2 6 3811 5
4 9 19 5236 14
14 17 4 796 7
10 13 12 2369 1
1 7 4 658 12
18 17 7 2622 20
20 4 4 4690 15
5 20 2 1391 19
2 1 19 163 4
1 18 14 4511 16
11 9 18 3303 14
9 6 18 4486 8
4 7 3 1609 14
2 12 11 3870 13
5 3 3 4127 8
19 15 12 1544 4
3 20 8 3462 8
18 9 8 2406 4
9 1 7 1866 3
16 19 1 1313 11
14 19 7 229 14
2 3 6 3791 5
15 2 16 3073 14
15 20 13 2235 6
13 14 20 1162 6
13 15 18 2997 18
16 7 2 4832 3
18 14 9 1141 16
18 9 15 4573 17
10 19 6 4537 10
20 3 9 2773 20
3 6 12 3688 3
4 10 15 459 11
10 4 1 1042 9
7 2 5 2991 17
13 12 6 4449 11
6 17 6 5094 6
14 12 8 2660 3
10 13 4 2022 2
11 19 17 3387 6
16 11 17 1504 10
9 6 14 1024 18
9 14 13 3927 20
20 2 20 2321 20
14 17 3 4524 19
17 18 18 4989 20
12 14 13 122 2
4 17 9 2510 9
6 7 12 4974 7
15 15 10 3713 19
19 2 19 3486 16
10 10 14 204 9
11 14 14 2258 1
16 10 2 1321 2
6 19 4 1601 12
3 17 6 2364 8
9 17 16 964 11
1 13 14 1462 17
6 16 15 1816 15
14 1 17 2323 14
11 19 2 817 16
6 8 8 4467 1
12 1 18 4047 11
16 12 14 3316 20
19 20 5 4882 9
14 20 5 3921 19
3 17 18 2916 10
15 13 3 2068 20
13 15 19 1262 13
15 5 2 4901 13
12 4 19 1518 9
18 20 11 73 17
7 8 18 458 14
8 12 3 450 17
12 4 19 3394 18
3 2 19 2852 19
12 10 16 2114 3
3 17 3 4151 8
6 17 3 3149 19
16 19 2 828 9
14 6 5 5057 6
12 5 10 1759 6
18 2 16 97 16
2 16 14 5261 3
1 1 13 2855 14
14 7 3 304 20
2 5 4 5211 10
20 12 6 489 2
5 18 8 2409 2
1 9 13 401 1
11 1 8 2992 9
11 9 2 4486 10
7 16 3 650 7
15 6 8 3460 6
6 15 16 1074 15
6 19 12 2629 4
4 3 4 152 8
4 18 16 596 16
16 11 7 1065 14
8 17 9 253 16
9 17 9 3238 6
12 17 1 228 16
3 8 6 4530 20
11 4 19 4933 17
10 20 13 1588 5
7 19 3 1459 12
2 18 3 4276 17
16 16 4 3647 14
12 1 7 3725 18
3 11 4 3839 19
15 19 4 1032 5
9 4 19 638 11
9 3 19 1045 10
8 14 8 2465 19
15 12 20 3477 2
14 4 10 2698 1
4 4 7 1829 17
16 19 5 653 6
14 9 16 476 12
11 5 20 888 9
5 19 2 2396 15
17 13 20 2462 7
16 18 14 4540 19
13 10 1 1259 20
3 3 10 3688 9
16 8 3 304 1
8 8 16 4311 17
20 17 19 2374 7
15 7 3 3165 7
11 8 12 4106 8
19 12 9 1900 1
8 4 17 427 13
14 7 6 2984 20
18 18 16 1308 14
19 2 12 1034 11
19 20 10 1010 17
18 15 8 4834 2
9 15 4 1602 5
4 1 6 3989 5
14 14 18 2374 20
17 6 12 570 8
18 7 12 4538 16
11 17 9 1733 9
10 5 13 2959 12
7 16 18 4214 18
5 18 5 1172 19
2 1 13 1442 11
17 16 10 1412 2
17 15 1 4269 4
19 17 1 4070 15
16 3 14 4370 14
5 16 1 730 9
10 6 14 198 2
4 15 16 2608 5
9 9 3 3600 14
8 20 1 2394 7
1 4 15 619 6
15 18 14 1171 14
12 17 10 1028 1
2 7 14 4198 4
12 20 15 3884 14
8 1 2 2649 3
4 15 15 3179 2
7 18 18 4443 16
4 9 19 4485 7
20 3 9 3085 13
4 6 5 2588 9
1 3 7 2487 18
13 5 5 3305 2
15 1 4 4938 11
6 13 7 1095 1
16 9 18 3830 7
4 17 11 1058 10
15 14 19 3523 7
10 11 8 4718 14
11 14 16 3529 11
10 7 2 1731 3
12 2 7 1196 11
7 5 18 3027 3
11 2 5 1372 10
19 18 15 2511 5
7 6 13 1353 9
10 10 20 666 7
9 5 17 3694 13
3 9 6 5015 16
7 7 7 940 1
18 8 14 4094 6
17 14 11 1036 16
8 15 6 3192 6
13 13 7 2251 1
15 9 4 3931 10
12 17 14 4235 7
8 18 16 3692 13
10 5 6 4194 1
18 1 6 2559 11
18 14 18 1466 16
20 8 20 2759 16
3 5 11 3743 16
17 7 14 388 16
4 20 7 3762 8
6 18 17 4110 16
13 4 17 2508 18
20 1 6 472 14
4 9 20 2519 19
15 10 15 4722 7
3 18 9 3936 4
7 12 12 1988 6
12 19 11 1587 5
16 14 6 61 3
12 5 7 593 17
13 15 8 5032 18
4 7 15 1809 2
19 13 1 3447 7
19 8 15 2208 3
5 11 18 4869 4
2 3 11 5163 10
12 3 12 2031 12
17 3 3 2961 9
7 19 19 2939 7
18 6 18 2462 2
17 20 10 5176 6
9 20 4 1910 6
1 13 16 1500 10
2 11 6 908 2
10 2 6 945 9
14 9 13 863 2
11 13 20 114 14
19 2 9 3128 11
17 10 1 2106 14
7 14 6 3702 15
11 1 14 266 14
2 2 9 2573 6
2 14 16 1932 16
18 20 5 3750 7
18 9 12 3146 5
5 14 3 53 1
17 5 1 2077 20
17 10 10 564 7
11 4 14 4495 19
4 7 11 2669 14
5 7 7 5185 12
1 12 18 101 11
6 7 6 1636 4
15 2 18 4768 2
15 5 14 2382 11
20 9 5 50 20
12 5 10 456 17
2 20 8 381 8
6 4 6 798 10
11 1 15 1098 3
19 11 3 966 8
1 6 19 4381 2
14 7 20 388 1
20 3 3 3041 5
2 1 17 2197 19
4 4 3 4322 14
18 2 5 1468 13
16 16 9 718 10
17 12 19 3691 8
16 4 4 1971 17
8 8 9 697 17
19 13 15 1243 17
3 17 17 5108 4
2 18 2 4558 9
15 10 13 4237 14
18 2 18 1082 20
15 19 20 3263 8
11 8 16 2241 17
3 6 18 818 16
10 19 14 4477 8
19 9 9 2711 10
2 4 15 2880 9
7 1 18 1657 17
13 9 10 4419 4
16 10 16 5245 20
14 13 15 951 5
17 12 20 1357 16
6 20 13 3480 14
5 17 10 2708 18
16 14 15 3811 2
20 15 6 4107 2
12 17 10 4786 14
4 11 9 2887 11
20 3 1 2403 11
14 20 8 5259 4
17 3 18 155 14
5 16 8 3479 18
18 13 9 573 2
9 3 8 3937 10
7 6 8 5084 17
5 5 15 4019 1
3 13 15 2655 7
7 11 1 3224 9
20 11 4 670 4
15 19 12 3519 9
8 8 17 4324 4
4 12 10 2323 3
3 9 15 3930 18
16 8 6 1520 19
18 14 2 2197 2
11 1 4 1070 19
6 15 1 1297 15
20 4 5 800 3
19 20 20 4582 10
12 4 8 2379 19
17 14 13 5223 19
8 12 18 4475 7
12 18 9 3712 20
13 11 1 1391 14
12 10 10 4629 8
10 6 5 51 7
16 14 5 3426 20
14 2 4 835 1
13 5 14 2603 17
20 4 1 2768 10
5 17 13 1539 6
14 7 14 2228 2
17 3 8 2791 17
19 18 11 1798 7
20 10 15 4218 16
10 2 1 2741 10
15 8 16 3778 12
7 9 6 4783 1
2 17 5 965 1
20 9 9 2953 19
13 6 18 2996 7
11 14 6 1828 19
19 16 11 2979 16
9 5 5 2743 10
2 17 16 4901 9
17 7 6 2373 16
18 9 2 3776 12
15 14 3 1856 17
4 16 16 2334 4
1 4 18 4731 18
8 16 5 4519 7
11 20 8 4211 5
12 19 9 3361 18
13 20 1 3657 5
10 11 2 3077 14
13 3 10 4963 10
6 10 19 4261 6
4 1 16 4993 7
18 15 13 4049 7
16 8 6 3402 15
18 3 18 1440 14
12 6 12 1043 14
18 7 11 4646 18
8 1 6 285 15
7 3 16 165 14
17 8 13 2053 2
2 19 18 869 4
10 9 18 989 15
6 5 19 3480 9
2 16 10 1706 15
15 19 15 4918 10
3 20 9 1130 6
11 4 13 3460 2
1 19 19 4408 20
5 14 16 2428 8
11 18 11 4994 4
2 10 4 4282 18
6 10 9 1021 9
3 17 19 2197 17
7 17 5 3657 11
9 14 9 1116 8
17 3 1 3942 15
13 8 15 1935 17
5 5 13 4654 3
16 2 4 2414 4
5 3 16 1710 14
18 2 6 2724 4
7 2 11 4242 6
9 8 2 1169 8
15 18 10 3011 12
6 7 4 3644 15
3 13 18 1099 14
14 6 14 1795 20
16 16 17 760 3
13 11 2 3027 16
14 16 15 4583 7
16 20 8 765 18
13 10 3 3198 6
16 8 13 1956 15
7 14 16 3878 1
13 9 7 648 9
16 9 3 2136 12
16 9 20 1811 14
6 18 17 3165 7
13 13 2 3204 5
15 17 11 4091 14
1 17 7 3126 17
1 9 16 1626 15
17 17 1 2650 3
11 9 18 4344 8
6 2 6 777 7
14 15 12 608 20
12 8 13 2353 13
3 5 17 1600 17
2 15 18 936 19
4 11 18 970 14
5 13 17 1990 1
14 16 12 3971 18
1 11 2 5196 2
19 10 3 4763 9
5 17 2 2804 2
19 4 19 5018 16
12 8 13 1141 19
14 17 10 134 12
17 15 14 1470 7
11 3 4 2034 13
5 15 15 381 16
20 1 3 856 15
8 13 15 396 19
15 3 19 4684 20
2 5 13 1620 13
11 11 14 1848 3
19 17 14 3456 13
19 13 11 1565 20
16 13 13 431 11
11 1 4 4161 17
4 11 19 1430 13
6 17 3 3661 11
7 10 5 2543 14
3 16 7 3032 17
7 6 2 416 14
12 13 6 3280 7
5 8 3 4602 10
20 6 14 2818 20
6 10 17 1035 17
16 19 11 3904 5
4 19 13 5241 7
3 14 4 268 8
12 11 15 3056 5
2 12 8 1261 12
11 16 6 4470 15
15 6 20 3065 4
13 16 15 159 1
12 20 11 231 8
8 3 1 3045 12
2 4 4 2129 12
17 5 6 4884 19
11 10 2 2475 3
5 20 1 1787 1
8 13 12 1359 18
10 18 1 3525 11
17 8 12 3879 9
5 13 13 1603 9
10 6 2 506 20
6 8 3 2953 11
8 3 4 1788 7
19 20 1 686 6
9 4 12 3411 16
3 8 6 648 20
2 2 14 4986 7
20 6 5 1900 13
6 6 6 909 18
17 3 7 3366 1
12 18 15 4466 2
1 6 5 3301 19
9 8 1 2224 20
10 20 11 752 18
16 1 5 1933 3
17 2 13 2766 5
11 2 11 2885 8
