50
10 8 2 21 4
3 6 3 33 1
5 3 5 253 3
2 1 2 18 4
10 7 9 283 4
1 8 10 29 5
10 8 5 262 4
8 9 8 153 4
4 5 9 310 5
6 8 8 153 2
7 7 2 301 3
3 10 6 19 5
7 8 9 292 2
8 5 4 38 3
8 2 6 241 5
5 1 6 98 5
10 7 4 28 2
4 6 2 75 3
10 5 3 286 3
5 10 6 318 5
3 10 5 236 1
4 5 10 148 4
4 4 3 200 3
9 7 5 258 2
5 10 3 130 3
1 7 1 21 3
1 7 6 153 5
1 2 8 139 3
4 9 6 29 4
9 5 4 32 2
7 10 8 44 1
3 4 8 192 4
6 10 6 237 4
8 5 9 185 4
7 6 1 152 5
6 7 6 150 1
3 3 6 264 3
10 6 5 60 3
4 6 3 226 4
3 6 5 172 2
2 5 3 90 3
7 3 7 131 1
7 3 6 38 2
9 6 8 45 4
4 3 6 211 3
5 8 6 35 1
10 8 3 245 1
3 10 3 120 3
4 1 2 11 3
7 5 7 268 2