450
19 21 15 5397 7
7 23 10 3251 15
24 4 19 2605 18
23 17 5 770 17
2 14 11 951 12
17 9 8 2990 25
9 19 13 4235 17
17 15 6 4996 10
14 18 12 137 18
14 2 8 2054 13
8 2 6 2992 4
1 24 15 3128 10
24 23 1 4962 4
19 12 18 2922 14
23 4 25 2304 12
17 4 8 213 11
19 21 19 1531 2
18 10 18 1659 17
15 8 15 4434 11
11 8 24 3832 20
7 25 6 1044 24
9 10 3 5075 10
7 9 6 2456 22
20 16 14 4740 16
15 20 10 4349 12
25 7 10 3205 7
23 14 11 895 20
25 17 11 2911 2
7 4 1 5349 11
24 2 21 4582 16
5 6 22 3788 14
4 14 5 5570 7
18 22 15 300 15
7 4 23 3958 23
24 6 18 732 21
24 14 22 1054 20
12 21 20 5510 4
15 25 5 2178 6
24 8 23 2808 14
2 19 6 335 8
5 24 21 2804 10
8 24 20 545 4
19 6 21 857 17
24 22 11 2551 13
16 24 15 5500 10
15 2 20 3307 16
9 17 17 101 18
9 16 8 2734 5
12 11 14 5233 16
4 21 17 524 21
14 16 17 2988 14
2 19 23 4552 18
20 24 5 5188 12
11 11 4 2725 11
21 14 5 883 24
21 1 23 3564 9
23 25 4 5120 25
7 12 8 3029 12
21 4 19 375 14
1 20 1 1560 21
6 4 3 2252 3
18 1 12 437 7
12 14 5 5751 17
3 3 12 834 12
21 1 13 672 11
18 15 1 5823 8
8 22 23 2363 2
8 23 25 529 8
5 13 22 3215 11
19 11 10 3527 2
17 20 7 1902 17
1 11 1 1785 8
24 1 14 4741 13
7 23 9 672 13
17 15 15 5816 5
25 22 16 4689 21
5 22 18 4803 25
12 3 16 1329 8
16 15 3 5705 25
24 19 3 5457 10
23 25 13 655 22
9 11 4 4034 19
14 8 5 2889 17
13 9 17 1760 2
8 7 15 2511 4
10 12 4 2489 6
11 15 8 5129 8
24 24 14 5041 7
10 10 14 2613 5
9 24 15 872 20
11 10 1 3260 1
25 23 21 5235 20
19 21 22 5738 24
18 14 11 1337 25
14 7 9 2773 20
23 18 25 3690 4
19 2 17 3628 10
21 5 22 4047 8
12 8 3 317 2
3 5 22 5468 22
12 6 15 3811 12
8 4 22 1710 8
23 22 16 275 5
20 25 11 786 1
13 15 9 2815 9
8 13 18 5815 18
8 5 21 521 25
22 12 11 348 18
19 12 7 3274 3
17 1 19 990 18
7 12 11 5680 2
10 20 15 4149 15
11 19 1 2004 22
25 18 24 5433 2
23 13 12 4170 1
14 3 22 5615 10
7 6 2 3750 20
22 21 1 1257 11
6 12 17 4132 8
19 2 5 525 21
3 18 15 4437 4
1 5 6 3656 17
19 20 22 899 6
21 2 8 4594 4
1 11 21 72 24
6 11 22 2918 21
2 19 6 115 7
19 12 15 5423 20
24 17 11 2579 11
17 4 1 273 16
2 18 7 2118 18
16 7 11 5243 16
16 19 13 1367 25
5 9 14 1681 10
19 14 5 5711 25
19 4 20 1946 23
25 5 4 4179 13
25 25 12 1052 2
1 11 19 1919 15
11 16 7 1487 15
5 3 18 2676 20
1 4 5 3462 2
19 8 18 234 21
10 20 13 1154 15
14 21 17 5364 12
15 4 8 1670 19
21 13 9 2292 25
25 15 19 3054 21
5 9 13 5520 12
18 25 2 2045 19
24 12 8 2039 9
20 7 6 3986 23
25 14 12 1518 4
6 23 7 1539 12
4 13 23 232 6
10 22 25 5384 19
9 22 15 788 3
4 24 4 1341 13
6 23 18 945 11
8 25 21 2374 8
23 11 3 2857 3
9 9 14 1739 19
19 15 1 2717 21
14 4 12 1741 21
20 17 12 2704 18
12 21 6 4574 19
9 11 3 1287 4
16 6 8 2061 4
16 10 23 2508 16
10 10 3 5241 24
17 5 6 383 9
15 19 24 288 10
19 7 4 228 12
25 17 17 5700 5
20 2 12 4725 16
9 4 18 1911 15
23 9 15 4780 21
21 1 8 3848 9
17 17 11 1347 8
5 23 1 3661 24
23 10 14 3872 2
17 16 19 2469 15
10 22 14 1313 19
7 16 1 234 16
8 3 8 4320 14
9 20 2 631 3
8 12 1 293 1
13 2 4 176 16
16 15 7 4827 1
17 21 7 2728 10
4 24 20 233 9
2 20 17 924 10
18 17 2 5316 16
7 15 11 5065 1
5 10 16 3939 13
14 2 14 797 5
21 15 7 2821 5
10 25 5 2292 13
13 10 18 5100 1
13 9 18 631 21
6 2 5 3689 6
7 22 13 4668 8
24 23 15 1125 3
4 16 14 4358 14
15 20 16 5060 21
15 17 21 3234 24
23 8 16 2480 12
25 20 4 4299 24
13 2 17 2848 11
18 15 15 589 19
10 3 12 2577 25
25 8 18 2251 3
8 9 9 5731 22
21 1 23 344 16
3 6 2 2215 21
12 22 5 2616 11
5 16 14 2887 18
5 12 20 2620 22
11 15 5 989 25
1 17 2 1770 5
21 4 10 3200 25
18 21 16 1723 14
9 13 12 1501 21
25 7 5 631 12
3 15 14 956 3
17 16 6 553 11
5 12 16 4504 8
20 17 4 4738 6
13 1 24 175 21
21 14 13 2524 13
10 15 25 227 19
3 7 6 4946 15
15 15 13 5332 13
20 13 14 1462 18
12 24 17 4480 6
22 1 18 5727 15
16 13 17 1553 13
17 21 24 3689 16
19 19 13 3100 23
23 21 8 1739 9
16 10 19 3037 21
5 25 24 4756 11
7 15 25 4841 20
13 19 18 2135 4
23 10 19 3254 8
15 2 8 5245 14
5 18 10 235 5
11 5 1 5744 23
6 11 8 5001 19
9 24 19 3064 1
5 25 25 5398 1
15 9 13 2550 12
7 16 1 280 20
8 11 18 4874 5
8 16 8 2028 12
17 22 11 5685 13
3 8 24 2695 8
23 15 6 1004 17
8 7 6 2463 4
18 8 24 5259 24
24 23 15 2459 4
25 19 24 1612 13
7 5 9 4534 14
6 16 13 2604 13
16 12 25 475 8
5 24 22 4967 8
25 23 13 368 1
12 18 4 1856 17
15 13 20 1823 12
24 4 24 1164 1
23 17 7 3344 2
3 17 9 1588 23
8 15 5 2824 14
16 9 9 5706 5
15 25 15 1393 14
5 12 15 4976 9
15 20 3 4233 7
17 12 2 2064 7
14 9 20 1140 18
7 18 11 1003 2
19 18 8 3700 15
9 19 11 4031 9
11 14 10 3544 12
11 17 8 1474 12
5 20 16 3410 2
6 3 13 5741 12
22 13 17 5354 19
2 3 17 3767 22
11 4 14 1483 8
22 11 15 1112 16
18 1 4 2930 13
25 23 10 2124 18
3 7 13 3050 9
11 1 5 3538 9
14 9 19 3635 11
7 7 9 2661 6
21 3 20 4766 6
15 12 7 932 2
8 8 2 4510 21
11 11 2 3666 25
13 18 9 1422 24
17 2 10 1951 9
17 12 25 1772 17
3 9 10 2591 11
22 25 3 852 8
4 19 23 1965 18
21 18 20 742 17
16 9 13 4640 21
18 20 1 3266 20
24 6 3 1502 24
2 9 25 2064 23
12 22 13 216 16
8 25 22 4071 17
7 23 1 3545 20
22 3 23 2346 1
3 23 23 4034 24
1 17 3 2510 5
21 3 2 257 3
6 13 15 5134 18
2 1 4 534 13
6 25 10 1212 4
10 5 9 2663 21
11 10 14 3898 7
1 20 9 344 21
10 7 11 1268 23
4 14 25 2165 18
18 2 9 3550 7
8 17 16 1910 25
3 11 7 5159 5
13 18 20 5205 18
11 4 9 3590 22
24 20 4 593 18
20 17 5 1417 19
24 16 19 2741 20
9 12 4 4582 9
20 7 13 171 15
1 20 12 3566 23
25 24 1 4283 12
23 1 11 460 20
14 3 17 2280 20
17 8 16 340 8
3 25 5 3945 15
4 8 24 1757 23
14 19 2 2076 1
11 3 5 5750 5
23 25 23 1051 6
3 8 11 5610 24
16 19 9 812 1
24 4 5 133 17
13 3 16 5016 19
7 8 18 794 24
13 12 2 2651 7
12 20 6 1652 19
7 11 11 5019 22
17 23 21 4496 18
18 18 23 1429 15
2 8 19 1672 25
1 14 15 5624 21
5 9 25 1812 14
24 14 2 3277 9
2 3 2 4611 1
22 7 8 4109 6
9 6 21 5447 9
17 20 13 1426 24
19 20 6 852 2
13 12 5 2349 24
10 25 19 842 13
17 9 1 2446 24
12 24 24 3240 25
5 23 6 2040 7
22 18 15 5086 24
12 9 11 865 20
21 6 19 2551 9
8 10 14 3396 14
3 25 15 5172 18
25 23 8 2481 8
23 13 9 3597 2
15 17 22 2153 8
20 15 12 5340 6
6 14 7 1122 20
6 24 11 1088 18
18 3 9 1321 22
14 7 10 5680 18
12 1 16 4040 18
18 10 11 4053 9
12 3 18 620 20
24 20 15 2960 2
16 7 15 2229 4
2 1 14 4317 23
7 22 22 370 14
17 23 12 4597 23
22 10 5 3097 4
15 3 15 1296 3
21 22 11 590 3
2 21 5 267 4
13 19 8 2697 8
23 5 24 5527 25
9 3 10 2367 13
16 12 5 4585 25
12 14 25 490 24
7 23 18 1404 25
25 14 12 3279 14
24 2 10 2781 20
10 17 23 3501 20
22 11 4 877 4
18 24 2 3194 8
23 7 11 5086 23
16 25 13 5623 20
17 7 12 205 23
1 14 13 2823 21
8 14 19 3137 3
12 5 16 5058 13
9 22 2 1285 20
8 7 20 3037 17
18 19 11 4187 25
3 1 15 3014 24
9 3 17 1253 25
12 25 17 3155 17
17 4 12 4347 5
9 23 24 5527 12
13 20 14 1148 21
8 5 21 5069 13
2 9 17 3277 8
6 3 5 4111 13
21 15 10 4655 17
6 11 6 4389 8
22 2 12 474 17
10 2 9 1381 5
24 6 12 60 7
17 16 9 539 17
14 1 18 3088 1
15 25 7 2019 18
13 12 2 767 3
9 15 1 1243 12
8 20 3 153 13
19 21 3 4744 21
17 15 13 3968 9
13 13 7 3163 8
2 12 17 2638 7
25 24 20 5227 24
23 10 17 2946 2
5 1 23 4635 16
6 15 1 4466 20
6 15 11 1842 18
11 21 22 2481 21
6 20 19 3169 1
5 3 12 1537 2
20 4 3 767 3
5 7 6 3975 17
4 9 6 3561 9
