150
2 6 9 199 9
4 17 8 270 80
8 12 3 99 55
20 13 4 80 55
16 2 1 110 3
13 2 9 194 21
1 20 15 237 7
11 2 12 308 12
5 4 3 200 17
20 2 17 34 84
2 11 9 72 65
4 12 7 115 72
18 8 17 58 68
2 8 2 95 87
5 14 8 313 60
12 8 3 314 82
18 8 12 3 11
8 17 1 144 97
20 7 10 302 35
8 7 18 80 85
8 12 1 280 8
6 15 16 175 75
13 16 4 80 94
2 20 14 168 29
15 18 12 77 11
12 13 19 239 39
11 6 16 93 52
15 6 2 106 83
1 17 9 6 89
1 17 10 11 49
6 18 8 236 9
2 10 19 72 24
20 5 2 106 35
4 4 12 54 92
2 7 18 13 64
9 15 14 234 65
11 3 3 187 6
1 11 15 252 4
6 14 14 60 2
14 9 13 90 37
8 18 4 91 39
14 10 7 309 32
5 5 13 35 84
1 18 11 139 87
11 6 15 5 31
1 20 9 321 77
15 17 18 278 63
18 9 14 302 25
15 2 9 228 14
6 6 18 128 62
1 5 11 56 91
9 14 9 152 31
5 10 17 327 98
7 1 11 48 40
13 19 9 46 23
4 14 19 172 21
8 13 1 246 25
16 12 5 264 10
14 10 11 229 46
11 16 5 279 8
3 19 4 170 25
1 6 4 18 99
17 10 9 42 59
12 1 16 257 49
13 1 6 47 81
9 5 7 105 9
18 1 6 18 52
3 20 17 106 8
17 12 13 15 64
20 1 17 171 4
7 11 19 181 5
1 16 11 51 80
10 3 10 298 20
17 19 5 175 66
4 5 5 108 100
9 13 2 182 30
20 7 4 16 66
19 17 5 160 32
19 11 18 129 28
8 5 1 225 95
11 1 16 210 67
17 3 18 184 54
10 4 14 174 87
16 4 7 90 37
18 1 18 171 64
17 10 2 58 10
5 11 5 110 4
16 18 16 229 35
3 6 15 148 40
9 3 8 296 98
16 18 13 63 78
2 9 16 56 38
20 20 1 304 98
9 19 15 140 79
5 9 2 253 17
8 9 9 255 11
13 17 6 160 18
11 19 19 44 1
9 4 4 255 14
3 14 6 123 99
4 13 6 205 68
4 15 2 243 99
17 16 9 320 10
13 20 20 103 81
13 4 17 73 33
11 20 6 331 34
4 19 1 261 71
5 16 4 208 73
4 16 6 312 33
5 6 17 108 25
9 18 14 265 40
3 15 20 221 72
3 3 12 150 83
3 19 19 5 71
8 1 12 55 46
10 1 11 232 68
8 18 15 321 56
10 5 19 261 94
9 17 15 55 90
6 16 19 85 99
5 9 18 217 51
7 9 5 100 65
16 4 7 327 24
16 2 19 54 30
20 2 6 87 84
17 19 1 317 59
15 10 3 278 73
3 13 17 276 67
19 7 15 68 73
12 6 19 35 42
19 11 7 300 38
13 5 4 32 49
15 10 15 194 72
6 20 8 264 25
11 18 6 99 11
12 12 7 316 18
3 2 19 322 43
5 4 10 115 39
5 15 4 227 49
1 5 3 309 28
14 7 11 162 66
18 1 3 109 7
19 12 7 52 76
14 1 7 196 3
14 19 19 346 38
11 10 12 162 37
15 14 9 174 57
19 12 20 278 52
4 4 6 276 98
15 15 1 299 74
