150
25 12 8 1302 24
1 10 14 1944 2
16 12 10 498 13
24 8 25 723 6
18 9 6 1921 4
21 18 17 1207 20
15 3 24 1676 11
9 15 5 405 13
3 16 7 1932 25
1 9 9 1531 5
13 8 17 994 18
4 17 25 932 20
9 25 6 1000 9
22 4 3 79 3
25 2 1 1808 22
5 4 21 1244 11
7 5 17 1518 24
14 11 20 1396 7
6 6 15 1044 25
9 6 13 1401 19
20 25 12 1887 16
19 17 24 1459 7
7 12 10 340 7
19 21 20 1477 10
19 1 1 506 9
7 3 17 89 17
3 22 6 1284 22
13 6 19 812 17
9 5 2 363 3
3 3 14 1667 23
24 12 4 350 19
8 19 1 1743 13
23 11 24 783 17
12 2 24 208 13
17 15 20 613 8
8 5 18 555 19
18 18 15 87 2
1 16 17 1602 6
13 12 11 815 25
8 3 25 313 11
9 10 22 1667 12
19 6 3 1739 19
19 13 6 207 11
6 12 20 1598 13
17 15 4 1324 2
12 20 21 118 19
16 18 25 1142 11
16 18 2 537 18
17 24 13 1910 10
18 6 8 472 11
6 4 5 1660 13
3 8 15 973 3
22 2 15 1771 1
23 14 10 1260 15
25 14 9 54 18
2 18 7 61 12
3 11 15 1862 1
5 20 6 1146 12
3 20 22 378 21
1 6 6 1703 13
12 16 7 506 11
16 13 15 494 9
19 10 12 433 14
20 1 15 1902 16
1 2 8 432 6
8 15 4 1294 14
21 7 9 667 3
15 1 3 883 9
4 6 22 681 22
12 14 23 223 22
1 18 19 776 25
22 24 17 1030 2
22 25 14 795 25
19 1 10 368 20
21 22 18 1185 13
4 16 15 1361 10
16 4 24 1621 6
3 6 18 1206 9
8 10 20 1275 14
14 9 20 505 11
8 7 8 300 9
7 25 7 1645 24
13 5 5 1778 23
16 19 4 1906 9
8 23 6 1157 24
13 6 24 1530 13
12 24 21 1662 25
13 23 7 356 6
19 21 22 1895 17
25 14 10 102 25
19 20 17 1307 6
9 13 13 1615 18
23 13 13 795 2
20 9 12 74 21
2 21 13 844 8
16 14 25 1639 22
7 7 5 327 13
6 6 24 1446 12
8 5 15 1552 20
21 19 19 125 3
19 8 16 900 10
1 22 24 1144 5
8 16 13 673 20
12 21 16 711 3
6 13 12 1072 2
14 10 11 169 9
21 4 11 369 4
3 12 16 1695 16
25 14 17 1247 12
2 17 22 1538 4
9 13 20 971 24
7 7 5 284 18
7 24 6 1099 1
12 20 15 1684 4
22 24 15 1225 25
15 4 21 88 13
25 4 17 1226 17
25 10 11 158 20
19 13 25 996 24
15 19 1 580 2
14 1 19 822 8
13 9 18 1267 23
8 4 2 493 16
2 22 24 1762 5
16 22 14 1265 3
17 14 13 812 17
24 9 6 683 15
22 19 2 661 6
9 5 3 744 14
11 22 21 777 24
1 17 5 1038 19
23 24 5 1259 22
17 14 13 227 10
1 17 9 223 22
6 21 17 1872 7
11 21 16 1170 12
20 18 23 1861 17
22 8 3 910 2
16 4 5 976 15
14 22 18 1829 11
23 23 13 792 15
13 14 4 1376 19
4 23 11 606 23
11 11 25 237 2
22 20 10 1903 16
8 15 8 1734 8
6 23 11 184 1
5 23 3 189 20
17 3 13 579 7
9 8 21 1665 11
