400
15 13 5 953 2
20 20 17 367 2
12 2 2 336 1
13 14 16 857 2
1 17 10 761 2
7 17 2 563 2
6 18 9 237 2
3 5 12 394 1
17 4 20 432 2
9 18 8 434 3
20 18 19 65 2
6 3 20 846 1
8 7 14 744 4
10 2 9 729 3
8 18 3 159 4
8 11 12 813 5
8 5 6 958 4
8 4 8 923 5
10 10 17 620 3
20 14 8 591 2
18 17 2 762 3
15 2 1 513 1
15 20 15 636 4
3 17 20 145 3
19 15 14 816 5
11 17 16 456 1
20 8 1 508 1
20 8 7 573 1
4 2 5 215 1
9 19 14 483 1
14 16 7 676 4
17 7 12 874 2
12 15 14 623 5
8 10 15 545 3
3 20 7 218 2
17 13 7 316 5
9 16 9 981 5
12 7 17 327 4
13 18 12 170 5
6 6 16 43 5
13 19 8 63 1
1 16 6 141 3
10 5 7 949 5
19 2 12 653 1
12 6 4 44 1
15 12 20 934 2
2 13 15 895 5
16 18 1 881 5
20 2 11 551 1
11 16 8 676 1
1 2 5 569 5
7 14 6 244 3
14 11 16 729 2
10 5 3 941 1
14 7 15 152 1
8 19 1 533 1
7 5 10 905 5
17 13 1 689 1
12 17 12 847 4
9 13 14 328 3
14 8 14 149 5
13 4 2 678 5
15 11 2 442 2
11 15 4 464 5
2 9 18 836 5
6 12 6 891 4
10 12 11 862 4
8 4 1 856 2
2 4 6 416 5
16 11 5 115 3
6 7 20 772 5
5 7 20 456 3
20 10 18 117 5
20 18 15 497 5
19 6 1 820 4
13 2 10 823 4
2 7 19 81 1
7 2 11 447 3
3 2 11 742 2
13 11 14 775 1
3 8 3 412 5
19 8 8 462 2
10 12 8 775 5
2 9 18 474 3
14 17 2 489 2
13 9 3 380 5
4 16 10 398 4
12 8 17 808 5
12 9 16 241 2
2 14 12 64 3
4 12 14 664 4
14 12 4 762 3
10 10 6 277 1
9 5 15 160 2
3 13 18 672 4
20 19 15 750 5
14 1 6 883 1
6 20 6 402 3
19 17 12 279 2
11 20 7 948 2
13 4 20 40 4
14 8 4 793 4
3 12 8 160 4
14 5 13 437 1
6 12 1 861 1
14 10 11 121 5
20 3 20 493 4
15 14 10 481 3
2 19 3 632 5
3 20 6 200 3
20 2 10 474 4
19 20 2 461 1
16 11 13 422 1
17 14 10 151 4
1 11 3 315 4
16 1 9 850 3
15 15 2 108 3
8 14 3 123 3
6 16 20 504 5
8 17 15 214 5
9 10 20 42 2
9 9 6 946 3
4 9 18 943 1
16 19 4 347 4
12 11 3 665 5
6 2 8 314 1
1 1 9 804 2
13 8 5 958 3
6 20 18 864 2
12 6 4 113 4
19 13 1 469 1
20 1 17 536 2
3 16 8 53 4
17 16 19 429 1
16 5 4 203 2
17 3 14 618 3
19 18 1 524 3
17 16 9 718 5
14 3 6 25 5
2 9 15 878 4
9 13 19 81 1
2 4 13 49 1
9 16 19 846 2
17 15 2 224 2
6 15 19 327 2
9 14 1 628 3
4 2 8 188 3
16 15 9 1039 2
1 13 9 1002 1
12 16 4 77 3
2 6 11 157 2
6 1 19 914 2
4 15 9 186 1
4 3 19 508 4
9 15 10 1007 2
16 9 5 573 1
16 6 19 886 4
20 8 16 244 4
9 11 16 681 1
18 4 18 659 3
3 9 16 970 1
17 20 18 976 4
4 11 2 817 2
5 1 2 85 4
11 17 16 826 3
4 15 2 387 4
3 20 7 125 4
10 4 4 193 2
10 5 18 498 5
3 8 11 26 2
1 12 4 464 4
9 20 17 869 3
7 4 16 910 4
14 4 20 403 5
19 12 17 374 5
8 6 15 54 2
16 17 3 522 4
7 18 16 924 2
15 3 12 36 5
17 13 9 984 3
15 14 1 835 3
19 16 1 615 5
8 2 11 689 3
5 10 1 196 2
4 3 20 325 1
4 6 14 774 1
12 5 1 952 1
11 1 17 636 4
17 14 15 324 3
9 6 20 969 1
15 4 18 648 2
15 12 6 122 5
4 15 7 421 4
9 15 1 274 3
15 2 6 840 2
19 12 2 105 5
3 6 17 161 5
20 6 19 877 2
15 7 1 376 2
2 12 17 44 1
15 9 14 225 4
10 13 7 175 5
7 11 18 154 3
6 11 19 126 3
20 19 14 796 5
9 17 4 637 3
17 17 18 809 4
10 10 5 558 3
10 20 16 884 1
18 6 5 854 3
8 5 8 66 5
18 18 20 245 4
1 9 20 733 2
5 13 16 603 1
15 19 16 583 2
8 4 2 1008 5
8 19 19 440 3
3 2 9 464 1
1 16 9 307 3
6 9 3 774 3
10 16 13 579 4
18 16 8 911 2
16 14 7 866 4
19 17 7 972 2
3 13 19 951 2
2 3 1 253 1
13 13 16 1018 1
9 16 11 557 4
1 19 14 486 5
4 13 14 658 1
8 6 20 1017 2
11 7 1 264 4
8 14 7 738 2
10 13 20 414 4
12 10 7 748 5
14 18 4 151 2
9 1 16 378 4
20 16 2 475 1
3 10 13 642 5
2 16 9 253 2
13 16 11 194 5
20 18 4 81 5
13 17 19 485 5
2 10 19 874 4
5 16 3 761 5
5 9 14 376 5
16 2 2 97 2
8 2 13 327 4
8 8 17 627 2
20 12 12 737 1
1 17 11 93 3
1 5 4 179 2
10 4 8 716 2
17 19 11 80 4
18 15 18 563 4
13 9 12 348 2
19 7 12 694 2
1 3 3 826 1
1 2 1 87 4
20 1 13 143 4
3 17 5 359 5
17 5 5 490 3
17 14 1 459 2
10 17 6 620 5
4 15 9 104 4
18 8 1 838 5
12 18 5 317 2
14 19 2 1010 4
6 10 18 133 4
4 8 5 975 2
3 12 6 239 5
4 15 6 509 1
16 1 7 817 2
12 13 17 352 5
4 15 12 967 3
11 12 20 985 3
12 15 15 600 2
9 13 8 530 3
4 1 13 666 3
17 2 8 245 1
14 5 14 365 2
6 11 11 372 3
17 12 3 393 1
8 2 5 600 3
4 5 6 965 1
3 17 20 713 5
20 8 11 447 4
6 12 13 751 2
11 8 1 839 2
4 17 6 897 4
3 5 8 565 4
17 19 19 823 5
15 11 4 426 3
7 10 17 330 2
3 7 4 425 4
16 18 8 1038 5
14 6 15 246 2
12 18 1 982 1
19 14 14 160 4
1 15 11 894 2
16 14 8 437 1
13 4 2 359 4
9 1 5 229 3
7 6 17 219 4
19 19 13 808 4
17 5 5 85 2
15 1 14 658 3
5 16 13 469 3
15 4 12 775 3
11 6 8 215 5
19 8 4 864 2
7 10 5 434 3
5 10 17 142 3
18 20 14 80 4
20 1 8 240 1
11 16 18 521 1
19 10 13 603 4
18 1 4 114 1
5 10 20 548 3
16 15 6 1015 5
2 12 3 474 5
16 10 9 313 3
20 12 1 778 2
15 4 7 99 1
8 6 1 223 1
8 18 17 535 4
18 12 2 952 4
1 14 6 570 3
2 9 19 600 4
1 7 20 512 3
5 1 12 684 4
16 12 13 557 4
16 4 3 425 2
16 8 16 657 3
20 11 17 365 5
5 19 1 43 4
7 14 16 54 5
14 11 20 691 5
13 1 13 195 4
16 11 17 146 5
12 16 2 982 3
15 5 4 964 4
13 13 11 375 3
16 2 4 998 2
8 11 20 809 2
8 4 6 449 3
18 7 4 901 5
8 7 4 610 2
4 18 20 363 1
3 10 15 33 3
4 2 16 348 3
11 1 20 581 4
7 5 3 124 3
6 20 1 318 2
17 6 9 490 3
1 10 2 78 1
10 11 19 827 2
11 10 14 653 5
15 20 11 441 1
8 2 13 816 5
14 13 14 953 4
17 6 18 952 5
17 16 5 442 1
1 12 1 173 3
5 14 16 146 4
6 17 2 310 4
5 14 16 714 1
14 14 13 93 2
13 7 11 611 3
11 2 10 510 2
11 18 4 880 2
18 10 8 807 5
13 3 19 843 5
11 20 17 608 1
18 15 12 657 2
9 5 1 527 5
16 13 11 265 3
15 15 15 554 4
16 13 10 301 1
6 20 11 849 3
18 10 7 843 1
16 16 13 626 2
8 18 7 141 1
6 8 12 642 3
16 20 1 80 1
11 4 2 990 4
3 16 1 122 2
6 5 2 796 5
19 19 7 546 5
6 6 19 991 2
6 10 15 759 4
19 13 12 1004 3
13 2 8 122 4
9 11 13 790 4
10 18 5 649 3
1 8 15 296 4
9 4 9 312 5
9 20 18 675 5
6 4 9 987 3
8 9 13 128 1
