400
13 12 15 211 23
13 4 3 243 67
16 10 7 422 42
16 9 14 760 11
2 17 13 261 69
17 8 14 613 91
5 18 15 759 83
2 9 7 676 57
1 8 19 632 67
6 5 1 250 63
8 2 12 436 31
5 9 10 585 7
1 14 10 462 70
9 3 20 398 95
8 13 17 340 64
9 2 1 313 45
3 18 13 639 73
18 20 2 97 14
14 20 16 696 64
6 13 7 732 58
16 16 7 409 84
1 19 8 721 37
13 5 16 369 15
15 8 6 653 29
1 14 12 25 33
12 6 19 106 73
20 1 17 564 6
1 11 10 243 70
3 7 5 312 49
10 4 17 71 31
12 2 19 592 57
9 20 17 617 25
8 17 3 352 6
19 7 14 711 76
16 20 19 447 80
7 1 10 697 29
10 12 16 131 2
13 7 10 491 29
9 5 6 572 68
3 11 15 797 24
18 7 6 215 84
7 7 4 501 59
3 2 12 584 10
13 3 17 742 61
17 17 18 30 56
5 7 12 185 39
5 9 3 62 42
5 16 10 352 98
16 14 5 574 92
18 20 1 395 88
10 9 11 84 74
7 13 13 739 13
18 18 8 219 35
5 11 13 239 64
7 20 9 344 95
8 16 11 151 54
16 4 11 173 92
9 11 15 243 8
11 8 10 576 82
5 1 19 677 11
14 1 10 563 28
17 4 16 801 30
2 11 2 72 87
20 4 16 753 75
18 18 2 493 39
19 17 20 626 12
18 20 4 436 74
18 16 17 32 51
8 1 9 678 5
10 5 8 794 26
14 5 8 348 2
5 18 6 253 25
5 20 7 157 45
11 20 9 191 34
5 6 5 155 59
7 1 19 266 28
1 12 20 517 60
3 1 15 77 27
20 3 13 555 58
3 19 10 771 88
15 12 16 212 42
5 15 9 567 90
16 20 11 770 43
18 14 16 772 37
19 8 19 455 7
20 1 5 390 64
9 8 6 435 47
14 12 7 494 18
5 14 17 717 28
18 19 6 28 97
8 8 13 109 59
6 12 12 414 24
4 20 9 805 61
5 13 20 27 62
15 4 18 621 48
17 3 12 51 7
3 15 11 418 52
4 13 7 739 85
16 19 12 315 98
13 8 18 593 68
14 12 13 329 30
3 2 8 185 29
18 8 4 353 23
18 2 16 581 90
8 15 3 103 36
3 2 15 55 75
14 18 5 436 21
2 7 16 157 71
11 8 13 247 22
3 11 20 325 97
6 17 2 604 45
15 13 3 665 15
15 3 8 14 76
10 10 5 800 78
5 15 11 661 34
19 1 17 13 21
16 11 13 451 3
7 12 4 567 87
5 12 5 378 15
5 12 17 717 37
13 2 6 769 51
19 19 10 380 57
8 12 2 521 79
3 3 13 332 39
1 13 7 289 87
5 12 12 404 53
2 16 3 91 29
8 13 7 574 11
4 10 9 456 78
2 19 3 772 60
16 20 10 336 87
16 10 7 262 39
17 17 19 617 73
2 17 1 395 82
16 20 17 266 55
11 20 1 573 67
19 18 14 665 58
2 17 14 226 67
7 19 19 378 84
8 10 12 171 76
20 11 4 151 56
5 9 10 355 61
6 9 9 595 38
6 7 16 591 94
15 14 8 340 54
6 11 17 681 74
6 8 15 252 17
9 18 15 748 91
16 19 11 441 58
3 17 16 702 90
3 2 14 439 50
3 11 13 735 86
4 12 8 361 74
4 19 19 483 88
4 9 17 238 61
10 11 9 423 46
20 16 11 459 33
19 11 4 638 40
13 10 10 409 45
3 5 20 662 79
20 7 12 84 42
6 16 15 290 6
1 12 3 485 100
12 7 2 685 22
16 4 13 701 28
4 15 13 433 98
18 3 15 729 21
13 11 19 503 59
15 20 5 467 41
1 9 4 473 92
17 6 17 43 57
13 13 3 396 32
15 18 17 305 68
4 18 8 552 93
5 14 15 395 49
5 8 15 461 8
5 15 5 603 41
3 12 12 814 68
18 17 19 406 23
6 9 10 422 40
14 16 17 816 88
5 10 13 17 27
11 4 18 75 94
17 13 3 640 24
1 18 2 324 11
2 9 7 241 51
8 19 6 175 4
3 20 5 372 2
18 18 3 570 74
8 19 1 514 31
20 10 2 143 88
8 7 14 399 17
8 17 16 462 27
17 4 3 370 18
13 12 20 236 28
17 5 18 298 53
18 4 14 443 100
16 11 16 173 40
6 7 11 424 3
9 3 8 109 6
3 6 17 434 73
8 18 2 197 52
1 9 1 94 67
3 12 16 766 11
5 16 2 191 61
14 16 9 242 67
17 10 18 560 37
11 10 13 156 56
11 7 5 759 40
2 13 19 25 72
12 14 4 322 20
12 12 16 126 14
4 2 10 760 34
8 15 11 718 80
19 13 18 538 25
1 12 11 16 100
10 7 13 722 97
3 6 14 733 47
7 16 19 310 19
20 3 3 552 90
10 2 9 471 58
11 19 10 737 16
20 11 7 540 33
8 12 2 709 80
6 19 6 610 85
17 6 14 516 81
9 7 19 472 68
3 8 9 801 92
13 16 9 618 52
20 16 2 384 20
11 19 17 493 38
2 2 19 270 86
16 1 11 573 56
19 4 5 403 3
10 17 5 324 57
2 9 13 365 64
19 4 8 346 90
4 3 14 324 50
17 9 10 663 79
14 10 2 195 27
17 17 5 597 36
17 19 3 396 50
7 15 16 430 80
9 5 3 145 8
15 2 8 552 35
6 6 12 42 92
20 3 12 232 59
4 8 18 795 74
1 18 8 745 24
12 3 7 173 52
3 12 10 763 69
16 7 11 506 57
14 6 20 111 51
10 10 20 659 89
12 17 3 481 52
3 15 10 67 88
4 3 4 494 60
16 3 19 287 47
13 13 9 52 58
15 15 14 213 93
14 2 1 533 3
16 15 5 165 45
8 5 3 135 48
4 17 2 769 94
18 7 20 743 17
16 20 19 223 67
16 9 4 243 49
2 5 4 751 51
2 15 9 629 12
9 12 11 725 44
4 10 12 724 4
3 20 14 204 20
2 15 14 122 94
14 7 7 448 94
18 20 4 771 55
16 2 15 99 91
3 3 1 83 58
4 15 10 112 49
4 1 9 132 43
1 12 6 580 56
12 20 17 94 59
19 19 18 318 94
10 8 2 436 4
13 3 9 274 7
16 20 13 220 50
12 12 8 722 64
20 12 16 806 46
18 11 17 829 37
1 18 3 189 12
11 9 19 674 55
6 7 8 455 64
13 10 3 264 48
19 11 2 74 57
7 9 9 264 64
1 12 5 190 40
17 13 10 480 88
14 4 12 18 71
8 8 7 514 14
7 17 12 497 57
4 4 1 735 9
19 9 13 462 8
20 12 18 742 96
4 19 20 183 7
15 18 14 172 27
15 18 13 656 29
16 18 6 164 43
14 15 15 96 76
14 4 19 149 55
15 4 9 576 68
15 4 14 609 91
13 8 4 768 64
7 5 11 321 34
7 5 18 575 59
15 1 20 286 92
17 6 2 562 11
19 4 6 514 52
9 19 3 227 3
8 15 12 387 30
1 13 18 626 41
16 4 10 226 15
7 10 6 400 71
16 2 2 778 81
10 7 15 74 10
16 18 14 781 45
6 18 3 703 61
15 9 16 214 18
6 7 1 731 15
13 11 15 439 9
10 5 13 579 5
2 3 2 272 71
15 2 10 734 53
19 9 20 2 55
18 6 11 418 65
16 2 5 386 43
17 15 1 166 90
4 14 3 700 28
14 17 13 437 38
5 14 17 367 21
8 4 10 283 32
7 6 8 589 49
16 5 1 649 14
9 3 3 49 47
10 1 1 187 10
11 14 2 379 74
15 3 5 803 1
18 3 3 687 48
14 20 1 647 92
20 19 1 613 56
5 9 8 427 52
4 5 8 274 38
11 8 1 785 88
7 16 1 379 87
9 3 13 347 68
20 12 5 466 71
6 14 10 634 36
14 10 16 711 56
14 15 11 524 86
7 1 13 258 15
18 1 5 163 42
13 12 6 160 16
19 19 9 333 4
12 14 11 206 99
5 7 3 57 67
6 1 9 454 75
19 3 10 827 24
5 16 9 567 60
2 9 2 30 38
10 19 5 332 2
16 9 20 300 87
8 5 11 167 63
17 6 1 673 67
18 8 18 695 58
18 16 6 356 15
9 7 9 278 58
18 13 4 406 47
10 9 13 573 12
7 6 10 254 10
18 17 2 616 36
8 14 4 259 22
20 13 20 11 68
14 19 15 125 52
4 15 14 317 55
16 8 15 293 91
9 12 15 358 1
11 15 1 728 51
7 18 7 545 41
4 8 4 305 84
1 16 9 672 37
8 19 6 29 34
16 11 12 554 52
9 4 19 459 35
15 16 9 521 47
16 11 10 494 100
4 11 11 713 32
12 10 4 813 77
17 15 8 687 22
10 17 10 221 53
2 9 9 183 96
3 1 17 795 29
12 16 19 336 45
