300
9 9 19 225 54
14 9 8 353 55
4 13 11 590 65
1 10 6 403 60
14 1 12 424 53
9 9 3 291 6
20 17 10 107 35
12 4 2 239 90
19 14 8 503 67
5 2 18 484 66
17 8 8 632 66
9 10 13 451 78
13 5 20 135 19
16 14 19 262 81
6 2 4 442 3
14 19 2 327 49
11 18 19 366 14
11 18 10 423 30
11 11 1 418 8
2 2 3 361 89
13 8 6 280 3
17 10 12 455 13
9 3 18 436 61
14 14 2 257 16
5 20 19 231 13
4 9 8 594 4
8 14 19 51 17
13 17 18 109 98
16 9 6 507 56
12 4 7 122 52
17 11 8 52 78
17 10 15 503 6
6 11 15 165 83
17 19 8 278 36
11 11 1 105 15
20 4 5 544 26
16 19 18 508 87
7 1 10 234 66
11 19 6 102 60
6 11 2 379 29
4 7 8 477 34
18 20 6 398 70
3 9 12 266 10
5 11 20 560 87
6 20 3 400 55
6 3 5 311 73
18 7 12 262 8
1 17 16 442 3
2 19 4 116 30
8 13 1 450 9
6 4 10 244 22
3 16 11 165 50
13 4 20 43 97
9 3 11 185 81
17 5 3 126 56
11 16 5 172 59
5 8 2 9 64
4 8 16 253 20
7 2 7 477 8
4 14 14 120 84
8 4 13 217 25
10 9 9 480 39
7 20 1 439 81
4 6 14 380 75
17 19 10 353 46
13 17 10 630 95
5 14 19 152 54
13 2 20 354 38
20 16 3 66 91
5 9 4 5 77
1 18 18 346 73
17 16 15 174 52
5 9 2 332 20
4 15 20 340 55
8 15 13 552 8
7 13 5 16 14
13 1 7 33 1
19 7 15 423 5
11 20 1 503 20
19 18 2 91 97
15 7 19 12 60
1 12 14 238 32
12 7 6 397 75
11 2 11 497 83
11 13 14 377 80
13 14 14 448 87
5 6 10 480 12
14 11 6 218 90
12 13 5 280 50
8 12 3 38 71
13 18 10 608 59
15 6 8 62 31
1 6 20 365 72
2 3 9 101 34
20 20 10 396 65
9 19 6 410 29
7 1 5 291 26
6 5 20 242 9
17 7 16 237 19
18 8 11 560 10
7 1 9 586 89
10 3 3 373 100
18 3 15 64 50
9 17 19 209 18
2 3 3 413 13
5 17 14 450 41
12 14 8 500 51
1 6 15 220 17
1 8 8 493 21
12 5 13 161 87
10 12 4 426 24
4 19 10 406 5
20 9 20 464 45
1 12 20 521 81
18 1 17 378 17
18 2 19 290 35
6 19 19 376 22
1 15 15 231 99
19 7 4 105 16
16 13 2 498 7
3 3 17 264 63
5 7 8 363 79
18 13 13 44 41
5 6 15 566 85
2 14 12 372 63
3 19 3 268 18
7 14 12 256 92
10 19 8 340 37
20 14 19 549 76
5 9 5 416 39
11 8 4 520 11
9 11 13 313 19
13 19 13 157 36
7 10 15 334 71
7 18 5 443 91
10 12 5 264 34
3 5 18 294 57
12 16 16 596 77
6 8 8 212 72
2 9 13 374 86
4 8 4 535 60
7 15 2 523 34
6 17 9 252 54
20 12 20 71 15
7 3 9 79 69
13 16 18 507 68
15 10 1 229 65
18 12 15 631 15
14 18 9 494 52
14 6 4 575 54
11 10 1 254 54
4 20 9 194 25
3 16 20 313 81
5 20 17 630 50
7 2 7 284 27
11 11 4 103 62
5 20 15 36 92
9 12 5 246 46
4 19 10 632 42
18 4 14 489 91
12 13 4 161 44
5 6 8 243 19
16 7 14 257 7
19 12 13 304 66
8 5 19 273 55
5 4 14 424 63
9 13 5 52 11
5 3 14 598 25
11 15 17 145 57
11 16 4 193 62
4 5 20 85 57
1 14 5 508 27
16 2 20 382 34
16 15 15 204 63
1 8 11 8 27
17 11 11 303 33
5 19 12 462 11
3 5 2 470 71
20 10 20 479 56
3 4 3 337 31
16 8 5 68 12
7 6 11 266 13
14 13 15 248 32
17 5 13 592 8
11 14 7 445 45
3 1 16 233 32
6 17 10 262 12
19 18 15 299 73
4 5 19 579 34
10 13 13 104 37
20 6 18 199 69
14 8 19 499 36
18 15 12 365 76
6 12 8 482 34
20 11 8 559 63
5 5 7 272 84
20 8 10 217 24
17 4 12 321 15
19 10 16 476 8
18 15 3 62 50
10 11 18 130 7
16 6 9 565 85
5 1 1 399 61
2 15 4 471 7
13 4 11 57 92
3 5 11 169 2
8 9 17 60 90
20 4 4 400 95
18 11 7 136 40
10 19 19 548 29
9 7 4 238 87
4 9 8 13 95
20 6 14 213 13
4 4 13 111 10
4 2 4 378 6
12 20 9 66 23
7 2 19 210 30
16 20 15 443 12
17 8 9 36 85
16 10 7 230 27
1 7 2 80 78
12 18 16 297 41
18 6 3 50 15
15 18 12 8 32
12 5 13 453 97
13 10 18 7 80
13 8 13 259 16
19 7 19 172 32
8 20 13 369 64
12 2 18 57 73
20 8 2 362 34
20 11 12 263 91
18 9 18 459 48
7 2 19 519 21
7 9 15 529 27
4 12 14 257 91
13 18 14 337 86
19 9 13 151 23
11 19 8 346 45
12 13 4 570 73
8 18 11 67 71
20 3 20 513 54
17 20 18 621 78
10 19 1 458 80
17 14 15 83 27
2 11 11 211 15
3 13 5 230 50
16 5 7 132 61
1 5 10 604 85
4 1 2 71 84
14 6 15 71 51
9 9 14 111 13
1 2 3 403 53
6 4 9 9 65
13 1 7 400 67
15 19 9 94 79
18 17 10 134 69
11 8 2 164 38
11 6 7 343 43
9 11 3 13 58
8 9 6 408 14
6 2 20 211 45
6 8 14 251 49
8 18 12 493 49
20 8 5 18 6
16 12 15 180 70
4 17 18 595 90
7 3 5 246 30
8 14 15 90 93
3 14 16 594 29
3 10 14 606 34
5 14 17 204 2
1 1 5 207 61
19 9 18 294 72
19 20 12 554 63
1 1 13 220 99
20 15 4 493 21
20 10 1 10 1
9 6 16 391 99
18 4 8 119 84
19 15 18 561 37
13 5 10 622 77
5 7 20 493 78
15 7 14 30 36
1 20 13 329 71
6 16 7 72 61
9 10 7 207 13
15 5 20 374 3
10 3 15 204 33
11 18 18 478 23
7 16 12 221 51
1 5 9 423 26
7 8 2 590 82
8 4 1 27 17
18 16 4 253 70
18 7 2 285 63
17 13 2 211 21
16 6 12 74 10
3 10 4 74 44
3 8 6 462 78
