250
14 20 12 143 8 
8 20 6 121 48 
4 9 8 64 47 
12 17 9 102 31 
20 13 20 69 9 
2 10 7 114 47 
5 10 4 117 14 
13 20 17 50 19 
5 4 16 125 25 
6 12 8 32 19 
5 1 18 130 13 
5 21 16 61 39 
13 1 11 121 32 
4 7 20 57 3 
5 13 13 110 20 
2 11 14 81 43 
12 14 8 88 31 
17 8 4 144 18 
15 1 19 44 38 
13 7 18 81 2 
13 2 19 79 18 
21 21 2 63 5 
19 2 3 147 37 
19 16 13 117 27 
8 9 9 50 6 
10 9 8 134 47 
4 9 16 96 32 
11 15 12 141 33 
8 15 21 114 22 
17 12 3 88 10 
9 15 21 104 7 
6 10 2 101 27 
4 18 1 34 36 
3 4 12 52 4 
4 10 12 71 31 
21 7 12 85 25 
2 6 10 90 9 
12 21 12 131 21 
19 8 21 93 25 
14 14 11 57 40 
10 2 17 133 14 
6 6 10 95 24 
21 16 5 64 11 
14 9 3 145 22 
20 9 2 83 9 
6 17 6 129 2 
14 18 9 76 18 
15 1 6 52 14 
12 14 4 95 7 
14 21 4 56 19 
20 3 3 58 30 
11 4 1 64 43 
16 6 2 144 47 
1 17 18 128 2 
17 15 4 77 15 
11 10 14 131 2 
17 7 13 147 8 
13 15 4 152 29 
10 9 1 91 28 
21 19 14 131 7 
1 17 3 141 24 
6 2 18 77 4 
4 15 10 61 6 
16 9 12 98 41 
16 20 2 49 45 
6 5 10 58 41 
17 21 19 122 46 
11 9 16 65 6 
5 6 18 29 18 
10 13 6 48 24 
15 6 8 37 23 
3 21 13 37 4 
16 5 14 41 19 
8 2 2 66 46 
7 1 6 78 2 
9 1 21 41 27 
10 5 13 28 3 
17 5 11 87 18 
12 11 1 109 5 
11 14 7 39 7 
17 12 10 47 5 
19 11 16 104 24 
4 10 1 42 17 
12 14 11 153 20 
1 12 7 72 17 
5 16 6 100 41 
15 9 12 74 23 
6 1 15 62 26 
18 20 12 151 50 
3 21 21 131 10 
17 19 11 150 13 
20 2 17 88 11 
13 10 19 71 37 
1 19 9 115 39 
4 19 20 84 9 
4 2 14 43 37 
21 9 17 65 27 
19 6 21 54 31 
1 2 13 87 5 
21 18 16 82 4 
9 9 11 127 38 
19 14 9 126 50 
16 13 14 129 38 
3 3 19 70 45 
1 14 1 46 30 
13 19 3 147 38 
5 4 15 69 49 
20 16 18 94 39 
4 14 6 53 39 
4 8 16 82 6 
5 17 8 50 31 
3 3 7 100 33 
19 11 9 100 28 
11 7 11 90 25 
3 7 20 123 16 
17 19 17 125 8 
4 5 15 29 5 
13 3 4 85 22 
10 20 12 115 41 
14 17 19 65 24 
12 13 10 92 2 
20 5 10 86 49 
2 4 4 132 24 
17 2 1 20 32 
14 21 13 107 33 
7 5 6 47 38 
16 12 17 101 38 
7 8 7 76 4 
19 17 8 147 3 
1 2 18 79 47 
18 3 4 136 5 
9 13 16 50 21 
4 2 21 102 29 
13 11 1 111 33 
9 14 21 125 29 
21 4 3 65 21 
10 6 2 98 5 
8 16 18 84 17 
18 4 2 84 42 
8 14 8 35 11 
21 1 8 61 20 
18 3 16 128 25 
18 12 4 129 24 
20 17 1 65 30 
6 5 16 61 17 
5 14 13 113 26 
2 1 11 16 30 
13 15 21 49 43 
18 2 9 96 46 
9 4 3 124 12 
9 17 5 103 34 
10 3 9 96 1 
19 5 17 125 7 
19 12 1 98 3 
2 21 17 141 39 
18 20 17 128 5 
1 11 16 151 9 
8 9 8 87 36 
14 19 12 64 19 
21 19 19 132 35 
3 7 2 25 32 
8 5 20 149 5 
1 18 3 69 29 
13 1 18 133 15 
1 18 12 51 13 
17 1 5 144 3 
3 14 10 89 9 
10 11 20 125 35 
13 3 20 69 2 
5 10 4 91 49 
10 9 1 126 36 
6 4 8 51 36 
10 2 15 101 36 
1 20 5 148 13 
4 2 14 111 11 
11 4 3 103 11 
3 7 16 148 41 
16 1 5 50 48 
13 17 5 113 23 
10 17 21 123 40 
19 17 1 65 38 
10 14 4 37 43 
20 19 19 58 35 
9 5 7 21 45 
16 21 5 162 13 
17 16 21 81 5 
11 5 8 148 23 
4 19 3 137 33 
1 21 16 56 33 
6 15 18 105 5 
3 12 16 76 48 
18 16 6 143 16 
4 8 21 137 18 
18 11 2 70 41 
21 12 3 41 41 
5 20 16 85 16 
11 6 15 97 1 
15 19 1 101 38 
10 10 6 129 36 
10 15 21 55 12 
10 6 15 76 50 
2 4 12 37 4 
3 16 8 35 18 
19 12 5 135 42 
6 15 20 79 26 
9 10 6 72 22 
11 3 12 146 7 
8 5 21 70 39 
17 8 14 89 38 
3 10 19 64 48 
21 21 2 99 44 
19 2 7 130 10 
17 5 6 149 30 
5 11 21 97 23 
8 13 8 132 7 
19 6 17 139 11 
17 13 11 117 16 
13 7 16 150 41 
7 4 13 149 34 
19 3 4 71 13 
18 1 17 108 20 
1 9 17 87 24 
1 20 1 117 45 
12 14 12 160 17 
15 9 19 149 2 
6 19 20 61 13 
20 21 21 184 15 
14 21 6 84 5 
8 6 9 23 8 
11 10 18 69 40 
12 19 15 155 12 
6 14 7 66 3 
19 16 8 120 10 
3 7 5 77 39 
16 3 21 48 4 
12 9 3 73 32 
20 6 20 49 42 
15 1 1 30 11 
18 10 2 89 44 
2 15 10 124 13 
19 19 18 100 27 
6 3 9 19 4 
18 11 4 131 16 
18 21 4 68 30 
17 3 17 72 48 
2 13 17 102 38 
3 18 3 88 19 
11 3 2 94 26 
16 12 18 66 8 
20 14 3 55 19 
