300
4 17 9 161 28 
2 12 18 50 11 
7 3 14 136 9 
13 9 19 138 58 
6 2 10 118 37 
1 19 19 129 50 
15 14 8 158 9 
8 15 20 151 56 
11 7 9 80 11 
10 3 14 63 2 
20 20 16 154 28 
19 21 11 169 17 
13 7 18 85 51 
20 20 8 159 11 
11 2 16 158 16 
2 5 16 79 48 
8 13 9 164 57 
7 9 20 136 17 
15 12 16 137 33 
2 15 7 116 47 
12 9 21 124 20 
9 6 14 36 54 
20 16 8 73 47 
2 20 7 36 2 
13 3 10 53 12 
9 18 1 84 13 
9 20 7 147 17 
13 21 9 67 58 
12 9 4 161 36 
12 14 3 123 6 
18 7 20 92 36 
15 8 19 126 54 
5 15 2 153 58 
18 7 18 106 15 
18 12 1 126 58 
1 7 13 117 5 
7 9 11 173 61 
16 12 14 144 23 
8 3 9 35 42 
15 9 1 105 31 
3 7 9 116 12 
7 5 8 136 44 
9 11 14 131 51 
3 16 6 29 16 
20 5 14 45 56 
19 9 18 99 57 
10 1 6 165 53 
2 2 13 95 16 
21 16 9 133 25 
15 17 12 51 45 
20 17 17 180 39 
3 6 13 129 48 
18 4 20 182 59 
3 8 9 40 9 
9 6 18 122 27 
12 11 2 78 9 
19 14 14 189 3 
6 8 11 65 45 
5 9 5 150 32 
10 7 12 32 24 
19 7 16 119 43 
15 8 13 163 43 
17 5 16 129 52 
14 1 13 152 42 
13 6 9 35 54 
2 2 10 139 13 
20 13 9 56 26 
14 4 11 130 61 
13 5 12 107 46 
21 6 5 47 48 
8 3 7 48 28 
10 18 4 42 13 
21 20 21 125 29 
15 5 10 133 52 
10 2 16 99 61 
10 7 11 67 24 
10 12 9 162 60 
4 7 3 139 20 
10 20 20 157 52 
20 14 21 136 54 
3 21 11 83 31 
4 15 15 95 16 
15 19 14 89 40 
15 21 15 154 41 
3 19 17 136 22 
3 11 5 32 47 
12 15 13 88 45 
20 20 15 74 30 
12 1 17 89 8 
7 10 7 166 42 
4 12 3 65 5 
8 3 4 34 16 
20 12 11 184 43 
5 21 21 112 25 
21 21 21 197 35 
14 11 15 66 22 
6 7 17 50 29 
4 20 17 72 58 
13 8 14 87 20 
7 4 8 147 49 
19 15 21 196 1 
17 11 4 155 2 
8 18 1 48 52 
17 20 8 104 25 
5 20 6 78 32 
2 15 1 118 30 
8 6 10 168 44 
9 13 6 163 28 
17 8 17 181 27 
15 19 15 67 38 
10 20 7 104 42 
3 21 11 40 43 
2 17 7 84 28 
1 9 17 74 32 
11 14 9 171 26 
3 8 3 17 18 
20 1 19 185 8 
7 17 11 54 50 
8 3 18 87 53 
7 7 1 153 12 
13 16 6 36 21 
21 11 16 99 15 
5 3 7 82 17 
18 1 14 87 28 
4 12 20 142 29 
5 1 2 10 13 
7 3 3 158 4 
11 21 21 132 52 
13 13 7 117 25 
4 9 16 105 2 
12 16 20 102 11 
17 9 21 78 58 
12 16 19 92 19 
21 18 2 165 28 
20 3 7 118 58 
17 18 16 134 59 
13 10 14 137 26 
11 13 20 123 49 
1 9 12 31 26 
19 17 20 161 42 
5 2 6 34 59 
14 21 4 122 46 
20 20 20 131 8 
12 16 17 158 18 
4 12 6 28 40 
3 20 16 138 52 
8 13 2 98 58 
14 11 2 31 6 
11 11 2 68 59 
7 7 19 65 2 
15 3 11 97 32 
7 18 21 105 50 
12 18 5 141 18 
4 16 19 115 46 
20 18 16 122 17 
15 20 7 165 35 
8 9 9 60 58 
7 18 14 49 51 
4 4 11 104 22 
12 8 16 61 42 
14 14 17 132 28 
21 7 21 88 31 
21 10 4 42 52 
6 5 8 55 10 
17 15 17 107 33 
9 6 19 73 26 
11 2 4 129 26 
18 10 12 184 15 
19 17 4 126 35 
13 13 18 85 50 
1 14 11 171 61 
11 18 19 172 28 
2 3 18 49 24 
14 10 2 37 8 
16 16 3 143 18 
3 19 13 143 23 
20 19 17 147 29 
19 18 8 145 20 
10 16 17 49 61 
2 5 16 27 46 
5 9 3 113 56 
10 18 17 72 57 
19 12 12 85 23 
7 8 14 70 46 
19 15 15 109 47 
3 20 11 111 25 
21 7 8 38 61 
19 15 9 77 16 
19 2 8 48 45 
4 16 7 162 56 
20 11 12 190 3 
5 13 12 130 49 
20 12 15 68 24 
19 5 3 117 46 
9 14 1 62 41 
21 9 15 154 54 
15 1 16 181 2 
2 13 19 113 55 
8 11 2 133 33 
5 10 12 130 38 
1 15 1 18 28 
2 1 20 126 10 
13 17 4 35 41 
12 6 8 29 45 
4 18 20 79 16 
17 3 15 48 50 
10 14 4 166 34 
9 21 13 170 13 
18 6 3 159 36 
3 16 7 103 24 
6 20 12 141 42 
6 1 4 101 49 
20 19 4 117 16 
2 18 6 141 5 
10 11 12 158 38 
19 19 20 88 3 
4 2 9 76 57 
5 9 20 91 24 
10 19 20 173 16 
16 2 6 29 43 
19 16 3 105 61 
9 8 13 163 10 
17 18 8 85 29 
16 12 20 58 45 
13 2 16 179 8 
19 13 15 124 17 
6 1 7 31 52 
9 6 20 155 32 
1 21 4 122 51 
12 7 9 45 57 
3 18 8 128 53 
7 8 19 158 2 
19 7 20 167 36 
18 9 14 102 14 
18 20 14 190 39 
17 8 21 92 27 
4 4 21 149 6 
20 20 16 153 37 
6 15 13 164 12 
11 20 20 75 8 
16 11 6 167 22 
1 16 12 179 59 
12 2 10 107 58 
7 10 1 54 19 
13 19 19 59 38 
8 12 2 131 38 
12 6 10 102 11 
10 8 2 165 33 
4 11 18 85 55 
7 12 21 175 7 
15 21 20 113 6 
15 2 19 164 10 
19 19 14 145 39 
20 21 19 187 48 
17 8 17 151 52 
10 2 14 124 38 
11 2 17 177 40 
18 1 19 59 40 
16 7 17 159 47 
14 6 10 53 2 
9 18 4 170 3 
5 15 10 82 4 
1 16 1 89 18 
2 2 20 159 57 
1 1 19 40 25 
15 18 10 143 38 
1 2 20 78 12 
18 6 21 131 45 
2 17 19 118 4 
1 15 19 45 9 
18 11 7 40 16 
12 7 4 101 38 
12 1 6 125 22 
9 9 12 104 51 
16 11 15 121 18 
5 9 5 128 24 
1 10 3 85 14 
15 11 17 161 5 
10 20 4 97 13 
21 8 1 53 30 
12 9 15 117 17 
12 5 7 112 8 
16 3 17 123 41 
9 13 11 83 31 
19 8 1 126 9 
11 5 7 170 36 
4 16 15 57 40 
10 11 18 105 53 
1 19 21 150 23 
10 5 21 138 43 
12 13 5 55 40 
16 7 12 58 56 
11 7 13 118 42 
2 19 1 23 18 
20 8 18 187 46 
11 2 12 162 55 
7 20 7 44 53 
9 21 12 159 45 
10 16 19 189 58 
7 13 18 165 34 
