200
1 9 8 497 2
10 1 2 122 2
6 3 9 622 5
5 8 5 734 5
10 1 8 1112 4
6 4 7 868 2
2 4 9 135 4
10 4 3 241 4
8 1 1 547 4
6 8 4 227 3
7 3 2 936 2
4 7 6 657 2
3 9 6 352 1
5 9 3 278 5
5 10 3 348 1
3 4 4 266 5
3 9 9 108 2
7 10 3 748 5
9 7 6 870 1
8 5 2 465 2
1 6 5 707 3
4 1 6 781 5
8 1 6 700 1
1 1 3 993 3
10 3 5 621 2
4 2 4 235 3
5 1 7 232 2
8 9 9 1036 1
9 8 1 569 4
6 1 5 29 3
1 5 5 905 1
9 4 3 92 1
4 7 9 1085 2
8 10 1 161 5
1 8 10 696 1
9 10 7 1074 3
4 8 2 464 4
4 6 1 187 3
10 10 8 1167 1
2 2 10 773 5
4 8 7 656 1
1 6 8 183 5
9 5 4 930 2
6 7 9 327 1
2 5 9 801 5
8 8 3 712 1
9 9 9 993 5
3 5 4 733 2
6 2 7 948 5
5 5 8 556 3
7 3 9 810 5
7 5 5 1166 4
3 5 3 243 2
10 1 10 236 4
2 6 7 426 2
8 10 3 730 2
7 1 10 1140 2
4 7 10 550 2
1 4 1 638 2
2 7 8 463 2
10 4 9 459 2
8 9 3 976 5
9 5 8 868 2
3 8 2 766 5
4 6 5 924 4
5 10 5 897 4
5 4 6 853 5
2 1 8 16 1
8 10 3 678 3
6 10 3 862 2
1 9 2 381 3
6 3 8 1007 1
9 1 3 732 3
5 10 4 607 1
5 5 5 894 5
1 7 1 452 5
1 9 8 333 4
7 7 10 219 2
10 1 4 426 5
6 10 10 104 5
2 10 7 726 2
2 10 1 690 1
7 10 10 531 2
9 8 7 581 2
10 2 1 28 1
6 1 7 908 3
5 8 10 729 3
4 8 6 1089 2
5 9 7 533 2
7 4 4 293 3
7 7 8 460 2
10 7 10 472 2
3 4 2 1021 3
8 9 3 350 3
1 5 8 129 4
5 10 8 859 2
1 9 7 647 3
4 4 5 229 2
2 6 9 213 3
9 4 10 465 4
8 1 1 456 1
5 9 2 1063 4
3 8 7 350 3
10 4 4 818 3
10 10 2 156 5
1 10 10 1025 4
10 1 1 273 2
9 2 4 157 2
7 10 9 556 3
8 10 10 738 3
3 10 3 208 2
8 4 4 196 1
6 10 10 824 2
3 10 6 754 2
5 8 7 595 4
3 9 2 397 3
9 1 10 390 4
2 3 6 563 1
5 5 8 563 3
1 1 3 1021 3
4 8 4 56 5
10 2 3 1033 3
1 1 9 993 1
7 4 2 690 5
5 2 8 740 2
6 6 4 563 2
5 7 5 842 4
4 5 9 849 5
7 7 1 680 4
5 3 3 974 1
8 10 6 232 3
8 10 8 315 4
3 2 10 595 5
2 4 10 704 2
3 9 7 1126 1
10 5 4 379 5
3 7 4 1141 3
10 8 10 854 2
5 2 10 677 4
2 5 7 790 2
5 4 6 333 3
7 4 4 267 3
5 6 6 401 5
5 3 4 30 4
10 6 7 159 4
10 10 10 174 4
2 2 3 440 1
2 9 3 909 3
4 10 2 1017 2
5 10 7 180 4
5 9 5 330 3
10 10 1 779 3
10 2 10 1077 5
3 6 2 306 5
8 5 2 1089 5
5 5 7 341 5
10 5 3 712 5
4 6 3 526 4
3 4 1 23 4
8 2 2 61 2
4 6 3 1047 3
7 7 7 464 4
2 6 9 948 2
9 8 5 122 2
5 8 3 966 5
3 1 7 975 5
2 9 3 417 1
4 10 3 428 3
6 8 2 1042 5
5 10 2 958 1
7 1 2 602 2
9 3 4 702 1
6 10 9 849 4
9 8 8 717 1
8 9 2 42 3
7 10 2 299 1
4 6 7 404 1
10 1 1 916 3
8 2 10 1167 5
3 4 5 258 3
2 8 9 557 2
8 1 8 74 1
7 2 7 979 2
6 7 6 780 4
5 9 4 1084 3
3 9 2 20 1
6 10 3 1041 5
1 9 4 338 3
4 4 6 690 3
8 7 5 429 5
3 1 6 1066 3
5 10 10 564 5
1 2 7 125 4
6 5 7 1123 4
2 1 3 60 5
8 8 6 85 2
9 3 6 729 5
10 5 1 944 4
8 10 6 667 3
7 8 5 955 5