450
6 17 14 288 30
5 1 12 763 96
15 9 8 843 56
5 14 6 234 85
18 16 14 929 5
4 6 2 299 82
20 4 17 918 44
8 4 10 766 43
12 17 5 356 9
11 8 2 153 80
9 11 6 458 85
9 7 10 119 63
3 7 19 314 84
20 5 18 473 11
19 13 7 95 39
7 6 4 198 66
18 9 13 769 65
7 3 13 465 92
4 13 12 880 10
13 11 15 906 98
2 6 3 1 95
17 20 2 369 6
3 14 7 137 91
6 17 8 610 24
9 8 16 794 82
4 7 15 330 29
9 16 4 384 7
18 7 12 304 45
18 10 14 574 15
18 7 9 488 72
5 12 19 557 83
10 17 5 75 52
3 14 6 797 93
2 9 8 94 65
7 5 20 289 85
7 3 1 629 74
5 6 1 142 57
11 19 3 303 95
5 8 7 714 46
12 10 17 892 75
6 10 9 323 70
18 5 9 265 92
8 20 11 525 32
12 19 10 721 29
4 5 16 791 24
20 20 6 323 15
9 14 17 349 83
9 2 4 46 84
9 11 8 332 60
1 19 12 536 17
1 8 18 448 10
7 19 5 605 73
5 1 11 759 88
11 11 16 756 57
6 19 16 23 79
15 5 20 152 51
17 12 20 921 9
17 1 10 252 83
12 16 14 413 31
7 13 20 330 62
9 10 9 771 18
3 2 1 221 25
10 2 15 886 86
2 6 8 354 14
6 7 3 608 97
20 14 16 288 52
3 9 9 76 23
1 4 5 177 97
2 15 20 616 49
17 7 13 557 45
20 1 11 64 13
15 20 3 442 59
6 11 19 767 13
13 12 3 686 70
16 13 15 806 62
18 4 19 802 83
1 6 6 753 23
10 12 17 164 43
19 6 19 712 90
9 5 9 277 5
20 12 4 344 65
14 5 20 422 37
18 13 20 168 20
12 2 1 159 26
18 18 12 537 5
19 2 13 463 66
15 18 11 329 46
10 4 20 225 57
17 2 12 187 82
5 16 6 710 28
1 12 3 329 1
2 13 16 916 32
3 20 2 362 40
4 11 11 696 33
4 20 5 738 20
19 12 19 590 63
7 8 18 548 44
3 8 12 520 12
1 17 4 620 58
13 19 1 106 7
9 12 12 66 23
20 12 15 739 60
3 7 2 498 93
18 14 7 299 62
14 16 18 20 11
18 4 7 256 23
5 7 3 120 9
3 5 17 141 39
13 3 18 636 34
8 8 5 171 71
7 20 3 432 58
16 10 10 850 18
16 12 13 192 76
9 2 13 231 9
11 12 9 306 82
6 4 16 444 22
7 8 15 52 59
12 7 5 66 8
9 5 9 617 28
3 4 11 611 4
13 6 18 183 80
3 8 8 325 35
13 14 12 270 39
19 20 13 194 87
12 1 10 231 60
13 20 5 619 88
2 2 19 534 44
11 16 7 146 57
8 7 20 826 5
20 1 13 481 46
11 13 11 645 99
12 20 6 266 18
18 12 4 106 22
13 8 11 81 90
10 6 16 745 85
18 4 7 409 15
7 14 9 915 53
5 4 11 476 6
16 6 6 395 35
3 11 2 389 90
16 18 9 208 44
12 20 2 741 34
2 3 3 224 50
7 4 1 537 71
19 17 9 49 91
2 5 1 525 74
4 20 12 362 22
11 15 17 252 65
7 2 3 761 55
13 19 6 525 48
19 7 6 453 5
7 11 1 230 74
2 15 15 401 21
17 15 13 945 43
7 13 20 577 33
8 6 9 616 25
13 11 11 114 41
17 9 8 805 39
1 10 7 352 66
17 13 13 37 24
18 8 4 271 27
13 15 9 57 51
17 7 16 89 56
4 18 10 648 60
14 14 5 209 77
8 3 16 335 96
1 12 13 920 61
5 5 16 859 2
15 18 10 769 19
6 10 7 635 56
1 8 15 694 57
20 16 18 631 60
16 5 1 568 17
11 3 5 807 97
19 1 14 167 45
4 15 7 430 41
10 4 15 339 29
13 16 18 229 75
19 17 13 495 16
18 3 20 767 65
1 17 6 692 34
14 14 18 638 28
18 20 2 149 60
10 12 7 767 36
3 3 16 551 99
3 7 1 460 41
5 4 8 29 10
13 11 9 129 51
1 4 10 6 87
13 20 16 297 94
11 7 5 652 12
10 4 18 760 27
14 2 18 375 10
7 9 1 152 26
9 1 20 556 59
17 9 17 365 15
7 8 17 537 96
1 9 15 13 97
7 3 17 688 28
10 8 2 250 48
8 8 16 226 24
11 1 12 865 73
1 1 5 900 66
11 16 12 395 82
3 15 15 814 3
1 19 11 361 45
14 12 18 699 64
1 14 6 216 37
6 12 16 682 67
2 11 19 407 28
20 12 4 428 87
12 1 15 690 77
1 15 4 264 65
14 20 15 386 27
18 12 15 119 34
16 7 8 537 97
12 12 17 391 6
1 4 3 448 67
17 15 18 308 16
14 17 1 570 69
13 15 16 237 43
15 17 8 604 62
6 10 11 176 18
15 18 4 678 75
1 12 4 194 51
1 16 2 781 11
17 3 4 852 30
6 4 3 148 74
15 11 16 885 34
15 7 13 167 20
5 3 16 188 82
8 19 13 195 85
1 15 20 853 1
1 9 1 90 25
3 20 10 621 72
10 16 7 915 16
17 12 14 309 21
14 18 7 902 91
7 15 5 797 87
3 8 2 402 89
14 3 4 628 63
19 18 12 629 21
7 5 18 293 19
9 2 6 382 86
12 3 7 681 39
7 15 7 803 23
4 5 8 56 62
10 10 4 842 40
9 18 11 233 91
2 18 7 763 9
9 15 5 902 40
12 17 15 557 88
4 15 14 777 42
10 5 7 387 69
1 14 4 95 63
12 2 15 797 12
6 9 16 828 35
1 17 16 109 45
20 17 6 11 58
2 9 20 545 75
7 17 18 227 28
19 17 20 31 65
1 13 18 119 70
1 20 9 551 24
18 3 10 646 45
12 16 19 18 26
7 2 12 662 88
16 4 7 62 86
10 15 14 722 69
11 1 13 514 69
1 19 9 500 77
1 1 3 240 53
8 16 4 711 93
4 12 17 790 91
11 3 3 819 4
18 18 8 551 100
4 4 17 206 21
20 2 10 73 41
9 9 20 277 61
13 15 11 424 46
3 16 2 37 37
7 3 6 879 66
11 11 4 775 86
4 16 3 139 46
10 10 2 136 97
18 11 2 392 50
13 9 2 399 68
1 13 19 618 13
16 17 2 882 33
4 9 13 61 56
5 8 18 673 6
5 5 4 374 43
14 19 11 431 33
1 14 17 520 1
8 20 19 759 72
8 19 11 215 89
13 14 20 288 10
6 11 20 569 97
9 7 7 385 64
2 2 8 47 63
6 16 18 921 5
8 10 17 411 81
11 9 9 101 90
9 15 15 771 44
12 20 4 538 95
1 14 4 89 15
13 11 17 287 51
20 19 8 230 26
20 6 18 181 68
12 12 3 853 38
10 16 12 327 68
11 4 13 372 37
11 6 6 494 47
8 16 6 788 91
9 18 7 600 76
9 1 20 810 43
18 18 12 909 89
2 12 11 218 14
2 6 15 147 15
13 4 4 761 47
7 9 6 751 75
4 11 12 222 53
6 3 1 104 96
8 10 18 469 6
3 13 7 189 100
5 20 5 648 16
1 20 4 718 72
18 12 18 58 43
4 13 17 645 54
14 1 10 859 42
2 19 11 178 96
10 16 1 6 97
11 4 19 206 38
18 5 7 598 75
4 11 20 644 12
3 19 14 762 24
16 20 5 7 52
8 18 12 167 3
7 4 5 567 23
15 6 19 241 58
6 13 14 238 78
5 16 11 794 69
11 4 15 79 82
11 11 10 103 69
14 19 18 27 16
10 19 6 116 51
4 10 16 161 29
5 17 1 871 82
11 8 5 824 28
16 5 19 939 75
15 8 20 804 1
18 15 18 267 72
12 6 6 36 16
9 12 12 60 39
13 19 4 123 6
5 4 9 168 75
15 19 1 38 94
12 20 8 929 54
11 4 11 138 23
15 17 10 111 39
2 4 17 723 94
18 17 7 927 41
4 19 10 666 74
19 7 20 554 60
9 13 11 799 39
15 9 7 533 93
8 1 6 10 46
15 1 8 797 89
17 1 8 902 72
7 9 3 98 15
19 9 3 333 30
11 15 5 369 57
8 7 10 845 87
13 16 17 865 30
8 1 4 147 67
13 7 15 67 37
19 6 15 194 24
1 19 8 418 80
5 6 9 168 1
11 10 1 247 47
11 13 12 437 30
4 15 14 722 97
18 19 13 130 55
18 20 20 707 30
16 12 13 806 82
7 19 17 852 50
13 8 12 417 79
2 5 8 460 61
16 13 13 675 24
20 16 11 111 92
20 4 5 168 88
7 15 3 629 90
16 12 18 474 43
10 8 14 296 26
8 15 15 95 30
7 4 10 789 28
16 4 18 52 77
17 11 4 144 31
3 1 15 171 7
4 9 11 131 51
16 9 1 177 30
1 3 19 598 29
8 6 18 212 92
16 9 7 465 44
14 14 18 649 51
2 20 9 686 29
3 19 15 288 89
6 11 15 685 18
16 1 19 489 59
15 2 18 415 31
5 10 17 124 84
14 6 2 532 2
10 6 11 655 97
12 5 6 107 26
14 9 12 892 92
15 14 16 256 20
1 2 14 759 43
7 1 20 5 66
17 13 9 357 19
8 10 10 148 49
16 15 20 681 51
2 7 16 320 53
7 17 12 435 43
9 8 6 757 85
17 20 8 856 26
4 18 4 839 59
14 17 10 412 14
16 11 20 340 64
5 20 15 7 25
12 3 14 922 54
17 4 10 203 63
17 1 11 687 29
9 16 15 341 58
12 18 8 913 27
2 1 12 403 85
2 5 5 519 45
5 20 11 342 33
17 9 6 292 98
18 11 13 556 77
19 13 17 278 21
17 16 13 756 36
19 20 12 324 70
17 13 10 375 3
4 4 13 327 29
9 18 12 882 35
1 15 11 343 58
1 15 8 10 92
11 20 1 34 74
11 3 19 4 62
2 8 17 444 26
