100
14 10 5 219 5
11 7 8 235 5
2 15 2 387 10
15 1 15 114 5
15 9 2 184 5
12 5 7 422 4
10 10 6 351 5
13 14 10 122 4
9 12 15 116 3
13 9 1 286 9
8 1 11 451 5
13 8 12 326 2
1 9 2 116 3
11 12 6 429 10
6 12 1 158 4
12 13 6 58 8
14 15 14 461 10
2 14 4 156 5
2 2 5 48 3
15 5 13 460 8
12 2 12 498 2
7 2 8 497 4
11 6 11 387 3
6 11 14 403 2
9 7 8 162 5
9 4 5 112 6
8 2 15 427 3
14 3 6 340 2
7 7 13 162 1
11 11 4 215 3
4 11 7 367 7
7 5 13 315 7
9 9 9 96 3
3 2 14 20 5
2 15 4 336 8
14 13 12 274 9
9 5 9 328 3
9 14 2 325 4
9 7 1 143 10
10 14 7 479 3
5 8 14 340 6
4 14 1 149 3
4 13 14 422 5
6 12 4 228 6
10 15 12 411 3
15 2 14 302 2
11 9 2 379 8
8 14 2 67 2
5 13 8 121 9
7 7 1 446 7
4 3 4 355 6
10 12 3 289 3
14 8 1 252 6
6 5 13 150 8
1 12 5 267 7
9 10 7 299 7
8 4 5 215 8
3 14 11 222 3
3 5 8 172 5
10 13 12 92 10
10 14 7 477 7
9 2 2 179 1
6 8 2 35 6
6 5 3 323 7
11 3 2 407 10
9 7 11 374 7
3 2 5 480 7
5 1 13 147 4
15 5 10 34 10
3 5 12 451 4
2 1 9 112 8
15 15 12 331 2
2 6 7 209 7
14 9 5 323 1
5 4 11 356 3
6 4 5 423 10
11 10 2 160 6
9 11 10 401 7
7 5 4 188 6
3 15 1 444 10
14 4 4 130 2
14 14 7 413 10
9 13 15 168 2
6 15 11 167 7
3 11 9 296 7
15 11 9 138 7
1 12 6 255 8
1 4 12 464 1
7 7 6 424 3
11 6 12 492 10
15 7 10 209 4
15 15 10 175 8
12 15 13 413 9
14 7 4 177 3
7 12 14 55 6
1 9 14 429 1
12 6 14 256 6
12 9 11 377 10
2 8 6 72 1
8 6 11 311 10