500
3 13 4 5792 4
18 2 5 1641 22
1 19 22 6207 8
1 19 21 3985 12
21 22 22 2299 22
25 21 6 1408 14
24 2 16 1342 1
4 25 16 3506 21
6 18 5 1943 9
9 1 1 2622 16
1 6 21 4362 13
15 10 22 2866 22
3 18 17 3087 23
3 1 4 5629 1
14 25 13 5005 23
16 18 16 5551 24
17 8 13 5410 7
18 18 17 4003 11
12 5 8 1066 1
10 24 8 3788 20
20 1 2 4947 8
17 24 16 4985 6
22 22 2 5425 17
14 5 8 2082 11
17 13 22 2538 18
6 24 4 808 10
22 7 20 5030 11
12 15 5 1210 23
11 19 13 4184 24
20 7 11 5362 15
7 21 16 4909 1
5 4 16 179 10
11 5 10 2947 22
22 1 25 753 16
23 22 8 1175 2
9 4 11 2546 13
1 24 14 1126 8
16 8 11 1351 6
2 17 8 6235 4
9 25 22 4465 3
3 25 2 6165 15
15 12 1 6388 19
17 5 12 3416 11
18 10 3 3848 18
4 21 4 6347 9
7 13 18 2492 15
15 8 21 1714 18
12 25 10 6246 9
19 18 18 6014 1
19 25 22 4868 25
11 7 4 1989 17
20 25 25 861 15
20 7 10 4137 20
19 23 21 4105 17
8 19 7 1285 15
4 5 5 205 18
1 23 19 5765 17
16 8 16 2858 16
11 1 4 6405 25
2 22 1 5205 3
23 2 21 3652 3
12 5 9 5427 2
17 13 11 6089 25
10 15 2 2247 3
14 14 12 3416 24
4 22 12 6330 17
19 17 15 1691 21
20 19 10 5446 4
18 20 23 1112 6
15 14 23 4045 10
4 21 11 4380 1
22 9 13 4100 13
12 6 5 2875 1
5 16 17 4689 13
23 16 25 4168 8
9 6 19 3639 20
22 25 20 4390 21
21 12 15 5728 10
17 15 11 5933 5
4 25 15 3002 24
11 8 20 401 21
5 23 14 1690 15
18 11 8 646 1
8 25 8 4800 20
1 13 17 2496 9
10 3 11 704 23
10 10 1 437 2
11 8 5 6202 17
16 14 5 4355 1
4 13 18 5061 7
20 12 10 194 23
13 14 11 1425 17
23 5 11 1769 19
10 5 19 6306 14
19 13 20 5080 20
3 24 4 2283 11
6 25 18 3924 2
7 13 19 5457 18
1 24 17 5921 8
5 5 25 502 1
22 4 24 672 25
5 8 16 5506 14
18 15 5 293 25
1 13 9 4943 4
14 3 3 2373 25
3 25 23 4377 1
22 5 1 3276 18
15 4 14 6037 14
22 23 16 1156 10
12 22 2 243 11
14 23 18 5626 6
13 25 9 3957 9
5 20 5 1385 18
12 25 8 5292 21
3 17 8 241 22
1 19 2 3609 19
25 7 23 5538 3
24 13 25 2171 15
7 6 7 504 11
21 5 17 936 11
7 8 1 2907 6
2 7 21 1986 4
22 23 13 4087 22
20 19 9 4422 4
7 5 25 5490 5
13 23 23 801 23
7 16 13 5951 25
13 22 16 180 16
7 18 1 2278 21
17 15 11 3430 9
9 12 21 2051 4
25 10 1 2807 16
1 3 20 3667 20
25 13 17 6121 17
21 8 6 5623 4
17 15 15 3242 13
1 21 14 3753 11
18 9 15 5681 5
22 9 22 862 19
4 17 2 3609 20
21 16 15 5450 18
14 15 18 768 15
3 20 24 277 23
12 23 13 993 17
24 9 10 3938 19
5 8 6 4113 17
16 13 19 984 16
20 20 22 1662 23
14 5 10 2150 17
18 24 19 392 5
3 15 20 6028 16
19 22 22 699 15
8 22 23 518 13
3 15 17 6205 16
23 10 4 6495 7
6 5 13 4141 14
20 19 5 5494 2
22 12 3 6308 12
6 14 25 5404 25
11 17 22 605 12
19 8 10 2637 16
14 16 12 411 8
19 6 20 1701 18
6 4 2 3488 6
24 9 4 5021 11
12 4 5 1189 8
8 24 9 3711 11
12 7 15 5689 5
23 16 18 379 4
16 12 1 3341 17
24 4 8 4950 9
17 15 19 2917 6
20 23 4 4225 19
12 11 12 5362 8
13 13 8 2795 24
2 4 2 5412 4
10 22 12 3884 7
25 2 4 2157 18
17 15 9 4203 23
12 3 25 3261 21
5 23 20 6087 24
19 15 9 2743 9
19 14 15 1051 16
7 12 12 3318 24
15 6 6 2966 6
4 18 13 6043 3
5 13 5 4127 20
19 6 18 4913 18
20 22 18 3824 23
7 22 25 2347 24
5 8 13 6021 14
7 16 17 746 11
24 15 21 5184 7
21 4 5 2969 10
9 16 24 4442 5
1 11 1 2261 6
15 2 1 3452 22
2 1 5 5274 23
5 20 3 5179 13
23 8 1 5354 10
3 18 22 4803 8
10 17 7 3613 14
16 19 21 2112 21
9 11 25 6464 15
18 24 13 1298 13
11 23 15 2794 8
12 21 21 6016 14
23 23 20 359 12
10 21 14 4182 7
9 23 10 2201 5
14 24 16 1761 11
24 15 16 2910 22
9 20 13 1333 18
24 24 14 1962 21
18 9 20 1230 22
18 20 18 3572 2
3 4 1 6193 21
10 1 20 2316 1
23 3 16 3815 23
11 24 17 785 21
21 14 9 410 22
8 22 15 5540 24
7 22 5 2727 12
22 3 18 3377 1
8 11 16 3893 17
3 13 24 4740 18
12 9 21 652 9
7 6 20 860 17
19 1 7 2792 10
21 21 5 2350 2
20 25 21 5975 6
11 6 8 5907 2
25 23 3 6158 12
24 7 22 1882 21
24 21 25 6276 10
14 5 22 6047 4
17 18 6 5927 22
18 6 11 5309 22
25 22 4 1827 14
4 24 6 609 13
21 20 25 2906 21
5 15 15 1418 22
20 20 22 2047 25
1 2 16 2216 20
11 1 20 3962 18
22 23 10 708 3
24 14 24 2210 22
2 22 10 1954 3
12 5 21 5021 6
18 24 25 2336 16
2 11 14 728 3
14 7 19 121 2
18 16 1 5970 11
20 8 12 4034 5
4 12 22 4520 11
4 11 14 2357 21
7 16 17 337 21
4 15 11 5144 23
20 23 25 2032 13
8 18 23 2512 8
15 11 20 3589 22
5 3 17 4928 20
21 20 25 1270 16
22 2 17 4221 21
9 5 22 694 18
25 15 18 5505 12
7 12 19 552 24
17 8 17 905 8
8 17 7 4585 15
10 6 22 1931 12
5 2 20 390 24
9 25 3 6327 21
23 10 20 4719 18
25 18 14 3532 5
2 20 8 1114 17
11 18 23 6384 9
9 14 11 323 22
10 3 11 3533 7
8 13 21 6147 3
22 7 1 3499 21
17 16 6 2354 16
13 3 9 964 7
14 24 20 857 8
21 3 24 582 5
22 24 14 2915 6
16 3 20 1142 10
2 3 4 4201 9
22 14 4 3765 15
5 6 15 3354 25
18 17 7 5992 7
1 5 2 3056 18
24 5 11 5022 15
10 2 13 4531 23
20 14 3 4957 20
19 23 5 5173 3
15 25 2 1600 16
19 4 24 5291 23
2 5 25 2317 10
15 21 16 5832 15
5 17 1 5720 21
9 4 12 737 8
5 10 19 4366 4
4 12 15 6310 21
8 8 16 2258 5
18 20 4 3971 23
20 7 10 5947 16
3 1 18 5355 21
23 25 5 1039 11
14 22 13 1957 19
15 9 19 481 25
8 5 24 873 7
1 19 5 5737 15
15 7 22 2703 19
17 14 10 6453 20
1 10 11 4680 21
15 1 19 290 12
13 2 10 2997 19
24 4 13 4525 8
14 14 6 3241 6
15 10 11 5245 25
4 6 13 3285 20
18 5 9 570 15
6 12 21 2961 17
12 19 5 3459 6
9 12 23 2793 14
13 19 13 2900 2
7 21 6 6427 4
16 7 9 4172 23
23 14 18 4429 16
14 5 9 1573 3
21 23 2 3834 2
16 16 13 3903 1
14 23 10 2876 6
23 12 22 3384 6
3 18 21 2545 5
2 7 25 6019 2
9 5 11 1109 24
2 3 19 5787 21
11 4 13 4875 25
3 14 4 925 8
22 10 10 3054 24
24 10 10 3729 6
25 11 21 6192 10
19 11 4 4885 20
11 17 18 5002 17
14 12 14 709 10
3 15 6 3147 3
10 16 5 1181 18
14 3 15 4763 16
17 23 7 5859 4
17 15 8 315 21
14 3 5 3226 22
2 6 13 5434 24
9 7 8 3428 23
20 11 7 944 21
1 24 13 5511 9
24 25 8 5735 18
3 2 17 3648 9
13 23 13 4367 4
1 21 17 4784 14
18 24 11 3982 16
21 7 16 4022 5
14 7 23 777 3
18 18 8 1341 9
9 8 11 4269 1
7 22 25 3907 8
7 12 2 4399 24
20 25 16 179 13
12 1 9 4648 22
11 2 4 1368 14
12 18 13 3909 14
19 12 6 2626 24
7 13 2 4821 6
4 9 25 3334 17
13 14 8 2712 20
2 7 15 2189 19
18 7 9 2226 11
9 20 16 5458 5
22 13 13 3321 5
10 13 10 5750 14
19 2 23 2911 14
12 12 25 6179 6
9 9 20 832 20
24 21 7 240 20
16 16 21 2076 17
11 1 21 2315 19
12 15 19 1236 12
17 9 2 2470 1
1 4 15 4752 9
15 20 13 1804 13
15 14 11 5808 6
6 18 4 274 18
1 11 5 4464 9
5 10 21 6004 18
8 25 6 4013 21
16 4 25 3955 23
12 11 13 1736 21
1 23 7 2494 11
18 22 23 1181 2
18 14 18 5135 22
12 3 4 3916 3
24 25 18 4058 16
18 3 9 4165 8
15 1 1 4652 21
20 16 21 3950 12
7 21 25 5687 21
5 15 14 2915 11
4 2 9 4046 25
6 12 6 970 23
14 7 8 2983 17
21 3 7 673 9
12 7 21 5723 4
16 18 24 3204 24
3 24 4 3400 21
13 7 2 3097 13
24 1 2 1230 17
7 23 9 189 10
11 4 12 5473 14
9 7 18 1860 11
6 13 5 737 15
24 5 9 3699 15
23 7 17 2484 1
23 16 11 2315 8
16 19 8 5403 12
19 18 10 514 5
23 16 3 2641 4
15 17 9 4361 20
5 3 23 1791 19
1 17 21 3626 2
10 4 24 140 15
19 24 14 612 18
5 25 17 824 22
23 1 6 3025 5
22 10 4 4127 25
25 1 9 2912 4
7 14 14 573 21
11 4 24 1713 18
23 8 20 999 13
2 9 22 5043 23
24 15 21 1633 20
7 16 14 3698 23
9 12 8 2041 24
5 1 18 705 10
11 6 5 414 5
6 9 17 2870 22
8 25 8 6429 10
23 18 22 5250 5
10 12 25 319 5
25 9 5 69 6
11 8 7 995 10
15 5 21 5642 21
8 25 3 1079 8
12 21 15 2500 25
10 16 1 359 13
25 20 25 5840 3
25 19 10 2278 21
2 12 2 493 2
7 20 8 3123 12
13 8 23 2276 25
15 8 14 5462 9
12 15 12 2599 16
2 16 4 6425 21
14 19 2 2688 2
3 5 21 4931 18
3 25 1 945 14
18 13 6 1547 24
2 11 9 6025 13
7 20 15 5575 16
11 15 8 5652 19
25 15 12 2383 10
9 7 18 1094 8
14 13 25 5143 1
1 12 17 6441 4
6 20 6 5540 17
13 10 13 4634 15
25 19 17 5324 12
18 22 15 3489 9
8 1 7 497 3
4 5 20 4402 21
24 4 18 6255 13
21 25 23 4961 11
13 22 7 4075 12
21 9 5 3696 2
7 3 18 105 4
4 9 15 6147 15
7 11 5 790 10
16 6 4 794 20
14 8 3 2686 3
14 15 23 1643 18
3 20 4 3304 11
11 23 24 564 21
3 5 15 856 22
8 11 19 2255 4
21 21 17 1542 5
3 2 25 1803 15
20 10 21 402 2
24 4 24 3145 7
25 4 1 208 5
23 1 3 3420 14
4 20 12 4349 8
