400
5 9 12 2338 10
2 11 11 934 16
10 19 18 2528 11
4 8 12 3031 6
15 1 10 3383 20
1 14 4 2444 9
15 19 5 774 10
7 14 11 2124 14
16 12 2 2071 20
8 8 10 2097 13
10 1 1 3212 6
3 9 10 3158 13
11 11 18 3150 7
17 14 16 2616 3
15 20 16 506 2
14 18 2 2787 3
7 12 1 3390 7
11 8 3 2493 6
19 8 16 3570 5
11 7 2 2956 9
8 1 9 3530 17
5 10 4 612 14
13 16 10 666 5
18 6 19 2408 20
6 16 8 2767 14
6 14 16 852 4
6 12 2 1307 6
15 11 6 1919 2
13 19 5 3865 12
5 14 3 3455 13
18 17 2 287 19
13 7 4 1639 4
9 15 10 2488 18
18 4 1 383 8
4 10 2 2220 16
9 11 8 789 7
13 16 4 2456 17
13 15 13 4318 4
9 20 2 900 17
3 9 18 4256 8
9 16 8 1096 4
1 16 11 1713 15
20 16 6 1414 1
5 8 14 4187 10
12 11 4 313 6
4 1 3 366 20
9 16 20 1775 7
10 18 11 3844 19
14 13 7 1737 3
17 9 2 949 18
14 20 12 3952 9
4 16 18 55 6
15 18 1 2325 8
7 17 13 3288 6
17 14 8 1708 2
17 20 6 515 19
13 9 17 3490 15
17 5 17 3927 19
8 4 19 335 14
15 14 13 3359 3
11 13 20 701 11
5 10 2 688 20
18 12 3 2370 11
19 5 3 92 5
5 16 3 786 7
1 14 19 2480 2
15 1 8 1166 11
12 7 2 2600 9
2 9 16 1311 13
3 5 8 3574 10
1 5 4 1294 7
19 12 18 3540 12
16 12 6 3083 9
4 4 17 3836 5
4 2 12 609 17
13 1 15 1554 13
19 12 2 2717 18
11 15 7 3271 6
4 13 8 3403 1
15 12 11 4028 3
6 16 17 2265 1
3 19 5 1268 8
1 4 6 2080 9
11 9 8 3838 6
13 1 10 2048 11
19 20 17 3897 5
12 15 7 488 11
12 11 2 348 10
14 7 2 3658 17
5 15 3 2678 13
15 10 4 3042 12
6 20 4 203 5
1 6 15 2080 6
6 12 6 3435 7
10 17 7 2676 17
15 20 10 2508 13
18 20 3 1593 11
15 10 4 2446 13
4 16 5 1615 20
19 12 14 4187 11
19 20 6 1317 4
7 12 3 200 3
20 17 3 1921 8
3 15 7 1535 14
6 17 1 1217 5
20 15 14 1298 6
14 11 6 949 6
17 14 14 3280 10
12 8 16 598 12
11 19 16 598 17
3 16 19 4273 17
15 16 18 3552 10
9 19 5 2557 8
20 19 8 335 15
4 13 15 2717 3
10 15 19 4261 3
7 2 10 4175 1
10 11 17 2204 14
9 12 20 1752 4
19 12 18 3300 19
18 18 1 2008 2
19 1 12 3551 4
1 11 17 1241 5
8 1 11 2413 3
9 20 10 1874 7
7 4 7 1529 20
19 12 3 1315 9
13 14 19 3749 1
19 11 1 1453 13
9 19 6 3164 15
2 9 12 2060 17
12 13 15 2445 17
19 6 17 1058 6
14 2 13 845 11
14 17 11 770 14
12 18 12 3531 16
5 20 1 3970 13
2 9 16 1307 3
1 6 4 86 15
20 13 18 1509 13
9 9 1 1192 6
19 14 7 2637 9
12 16 10 104 6
1 17 7 407 4
17 12 16 2532 2
5 20 19 999 5
3 2 6 1005 7
6 14 8 1113 16
3 6 3 1582 18
7 19 15 447 10
2 13 2 2720 12
7 2 14 4059 10
15 6 16 2297 8
14 6 11 3298 6
16 2 14 1394 4
18 5 13 1526 14
19 10 17 1037 9
20 3 8 1531 17
9 8 2 3989 6
9 13 6 2067 20
16 17 3 2126 17
19 14 20 469 10
16 5 9 1478 11
18 7 14 2962 7
2 5 7 618 12
8 1 10 1820 1
11 20 5 1526 3
12 8 2 1013 20
15 4 6 572 10
5 14 5 2945 4
14 11 7 3499 20
9 20 16 2634 15
4 17 19 2126 17
4 6 14 789 13
9 14 4 707 13
17 1 15 1913 6
14 13 9 4233 2
2 2 10 2274 8
17 16 7 1190 18
7 13 19 4249 10
7 11 7 3160 17
15 7 9 1794 17
9 1 18 3503 7
18 11 19 3911 1
11 3 4 2071 9
20 10 7 1829 4
10 16 20 650 14
6 12 7 299 20
17 11 15 2145 12
11 4 19 1058 15
7 14 1 423 17
19 10 12 929 2
17 10 15 413 2
4 6 18 2026 3
5 19 16 768 16
13 6 14 2652 2
1 3 10 1824 8
20 12 18 1886 3
3 19 16 520 11
16 11 17 3400 10
3 4 19 2511 19
18 11 20 1359 1
9 12 13 1241 19
2 1 19 3059 7
17 2 4 1001 18
6 17 19 3164 18
15 6 9 2936 14
4 18 13 1645 2
6 8 6 2151 4
18 13 1 3431 5
19 15 15 2206 12
14 10 15 3422 12
11 3 12 2092 4
5 3 9 3388 3
15 8 10 924 11
10 5 17 1789 6
14 9 9 4049 3
6 18 6 3587 1
13 1 10 2093 14
17 13 12 170 16
9 17 1 2252 16
9 11 7 2947 5
3 5 15 3006 17
19 5 17 2789 12
15 10 18 3989 14
17 3 8 1616 10
18 20 14 4235 20
5 10 4 1287 13
7 6 11 798 19
10 12 5 3604 11
17 5 20 2363 7
13 17 8 2150 20
14 6 18 3652 3
16 8 5 357 2
2 14 5 2485 17
6 16 13 1991 5
18 7 9 4226 7
12 11 4 320 20
6 11 9 412 12
20 16 10 4022 19
19 15 13 101 3
13 2 12 2538 11
5 14 9 2168 20
5 3 12 1179 2
13 8 19 1748 2
2 12 13 1949 19
12 12 12 149 13
13 10 15 3070 9
11 17 3 1672 13
6 16 3 2084 7
9 12 20 3889 6
8 5 9 3737 19
3 11 11 1365 13
17 4 5 2629 1
11 18 20 2407 15
17 2 12 897 4
17 6 7 2896 8
17 9 3 3244 11
11 19 15 3690 3
10 3 11 4225 8
4 8 2 965 18
8 7 15 3529 18
18 11 10 2845 10
1 7 7 2185 8
11 9 1 4282 4
4 11 16 1472 2
13 20 8 1272 13
9 11 6 2841 6
9 12 14 2566 10
7 2 7 2408 15
9 1 13 2295 16
6 5 9 3923 10
4 17 3 4173 13
20 4 7 985 12
15 6 6 2542 18
17 9 20 62 12
3 8 7 1254 3
2 13 19 911 19
3 6 12 552 8
13 15 2 966 4
18 17 18 3607 14
12 19 10 2386 16
12 13 7 1608 6
1 17 13 3858 16
13 17 5 1035 15
9 16 3 3633 17
4 12 12 539 7
9 5 10 2008 13
4 8 16 3593 20
9 17 13 4027 5
16 6 5 1584 20
20 13 8 1180 16
13 11 18 207 20
7 20 16 603 20
18 12 5 1911 2
6 1 3 3592 5
18 9 9 2815 13
10 14 1 3506 6
14 8 8 2026 4
19 5 3 3294 13
1 1 11 4032 17
2 16 3 649 7
2 1 12 1820 1
10 12 7 1398 9
18 18 20 2799 1
7 19 18 3235 3
1 14 16 926 8
7 4 16 2501 7
9 18 18 1556 15
4 18 13 476 5
18 13 12 4021 9
20 19 2 3604 13
11 6 1 3595 16
12 8 3 4262 5
12 5 6 4228 8
14 6 5 1652 11
17 7 7 2898 2
1 18 2 3297 18
18 20 20 2043 4
16 17 14 3527 8
14 1 15 2086 18
9 14 19 2932 5
13 13 2 750 19
11 19 15 1702 8
1 1 5 3559 12
10 20 16 2001 8
5 6 17 3514 8
6 14 20 1242 4
4 13 18 4139 5
1 16 12 4251 2
8 10 8 1191 17
12 13 4 2383 10
19 14 12 1185 10
13 4 19 105 8
19 3 18 681 16
17 16 16 2688 3
8 14 16 813 7
9 8 6 2632 15
7 19 5 3955 19
2 20 19 2461 18
5 17 10 493 15
4 20 14 1880 14
7 18 10 2270 19
16 4 14 2696 19
15 1 9 3487 10
16 13 2 3494 18
3 8 13 4177 1
5 11 12 1161 8
14 9 8 297 6
10 6 14 135 8
16 6 7 1074 6
4 7 5 705 7
13 14 5 2322 14
16 9 5 2039 8
9 10 13 285 17
15 2 19 2456 20
16 17 9 2100 4
3 17 4 1508 12
19 18 3 2821 2
3 20 17 2068 16
20 3 15 4031 10
5 18 9 1761 6
16 11 17 1293 14
12 4 12 2003 2
2 11 16 2280 12
18 15 17 3931 9
13 14 16 2924 16
17 10 15 2712 13
2 13 6 4276 16
3 6 1 266 1
20 8 8 163 6
13 8 14 1562 2
17 11 12 2803 13
16 14 2 688 2
3 16 10 723 4
8 12 10 3326 7
1 4 6 3687 12
19 17 7 540 7
3 18 17 3762 12
20 7 3 162 8
17 15 2 2678 19
16 17 20 561 11
8 1 13 2938 10
19 11 18 100 9
9 5 14 742 16
2 20 20 2616 7
14 14 10 3993 18
4 14 20 785 9
19 19 19 1429 15
18 10 6 3241 10
11 10 18 75 20
8 1 3 3081 13
18 18 2 123 7
8 18 4 2700 6
6 15 1 2827 3
12 18 16 3473 8
6 4 12 1274 14
3 12 20 3854 3
8 19 13 2693 6
4 2 13 1156 17
