400
10 13 7 506 6
10 1 9 1478 2
15 15 3 130 4
2 4 9 1412 7
15 1 15 137 10
1 1 9 908 3
5 6 12 340 10
11 2 11 1313 4
10 3 12 428 3
8 1 8 236 1
5 12 12 959 8
1 12 5 1882 7
13 15 2 386 4
11 3 8 747 10
6 8 8 851 8
1 11 6 1674 3
7 13 4 878 3
6 14 12 225 9
7 4 12 850 2
11 3 12 1924 1
9 11 3 1058 8
15 7 6 690 8
4 3 3 1232 8
2 14 7 44 3
8 15 13 1526 9
13 6 5 1008 3
13 5 14 842 8
10 3 12 402 3
3 8 11 1481 8
7 13 6 298 7
6 2 1 48 7
9 9 8 627 8
15 10 4 1625 2
13 15 15 1317 8
12 8 13 94 5
1 9 6 699 4
7 9 14 1102 3
10 4 6 444 2
9 13 1 547 8
4 7 1 740 1
4 4 15 872 4
15 11 6 362 6
15 12 3 1814 4
10 5 14 1123 5
2 11 12 1105 8
1 11 1 557 9
5 13 8 522 2
8 11 9 1520 4
15 5 12 1601 1
5 3 9 1080 9
11 9 4 788 6
13 15 13 1823 10
15 8 4 572 3
9 10 11 1239 6
15 6 15 1550 4
14 4 13 545 7
12 10 2 666 5
1 4 3 552 1
6 12 5 1540 4
12 12 6 1838 4
6 11 10 1140 10
2 14 4 588 6
1 4 2 1086 7
1 2 9 326 4
12 6 1 1273 5
9 8 2 665 5
7 10 10 1629 1
13 5 3 1638 8
2 7 15 1775 8
10 14 10 243 4
5 4 4 1815 3
4 13 15 91 10
4 6 6 52 2
11 1 7 1064 6
8 4 4 854 1
10 10 5 739 2
12 13 8 1475 2
5 7 9 1143 8
6 9 7 89 3
14 14 15 1451 2
8 3 11 564 8
8 10 2 774 7
8 7 13 268 9
15 6 2 806 8
9 14 7 146 2
2 11 9 146 7
4 12 1 247 6
9 4 11 399 5
4 1 8 800 1
12 10 2 1322 7
7 14 8 651 6
13 6 7 1831 5
4 1 1 304 10
8 13 2 1500 2
4 4 2 572 8
8 11 6 1840 9
9 10 5 1633 8
10 6 4 678 7
12 12 7 142 2
9 10 1 705 7
8 8 4 1774 1
3 6 10 697 10
13 7 3 1137 4
2 11 2 586 1
10 13 2 201 2
15 8 10 1602 3
6 10 11 1909 9
3 14 5 1243 5
3 10 15 211 5
4 8 14 1241 4
4 11 10 885 9
9 10 1 790 2
15 4 3 231 10
9 2 14 430 9
13 15 11 1884 7
5 6 2 880 3
2 13 5 1810 5
9 13 7 432 7
10 3 4 1349 3
11 2 15 260 6
2 3 13 135 10
4 14 5 1678 8
13 9 7 417 5
13 14 7 196 5
2 10 5 449 8
14 8 9 1457 5
12 10 2 960 9
11 7 8 1474 10
9 4 11 60 1
7 14 4 855 3
11 6 9 1583 9
14 13 8 1443 9
5 3 15 324 9
2 7 6 1314 6
7 12 1 1093 7
11 13 7 1025 9
11 5 12 873 1
15 11 10 1024 9
14 7 12 693 7
1 5 14 1741 6
4 9 7 430 5
7 1 6 327 1
12 8 3 1679 5
13 1 4 953 3
15 12 7 707 5
12 3 10 504 8
2 8 10 1372 10
13 11 1 539 8
5 12 8 346 9
5 13 9 52 7
8 6 6 728 7
11 12 10 499 4
14 4 12 1686 10
2 14 11 404 8
11 6 4 1620 7
5 8 15 1858 7
11 13 4 439 4
5 14 12 1315 10
1 14 12 337 6
4 8 11 1471 1
11 14 8 1806 6
8 2 12 952 5
6 12 7 1633 6
6 5 6 792 8
15 15 5 1097 5
12 11 11 970 8
9 4 10 318 8
9 4 6 1411 7
3 11 2 115 8
8 14 2 1587 3
14 7 7 1884 7
8 7 9 1535 6
12 13 9 1925 3
6 9 6 299 6
3 4 11 1021 9
2 13 5 1530 7
3 10 7 1801 6
10 6 4 969 6
6 10 4 1361 9
9 4 5 186 8
2 5 1 1870 3
5 1 12 1072 9
5 3 9 182 8
15 1 8 621 7
14 13 3 1059 5
6 5 3 1292 7
9 4 14 675 1
4 4 14 1557 7
2 15 10 416 10
8 3 6 1253 9
12 10 6 355 3
10 2 12 832 7
13 15 12 1423 3
5 14 10 1660 8
13 13 6 773 6
12 14 8 610 10
2 8 11 1745 6
2 1 7 1587 3
10 8 5 1089 2
7 15 7 1360 2
5 11 1 1500 1
14 15 12 327 2
1 2 10 823 6
8 10 9 819 4
10 10 9 1263 4
6 13 9 414 6
13 7 13 1719 1
5 7 1 1600 4
2 6 6 484 8
10 15 9 597 6
10 5 12 931 2
3 7 2 1401 5
7 9 13 637 7
15 8 3 514 2
9 15 4 1797 5
9 8 6 1903 3
9 6 3 1671 2
9 4 6 762 8
14 1 11 847 6
7 14 8 334 8
3 4 2 989 6
8 5 12 1751 3
8 12 2 194 9
2 7 12 1908 8
6 9 3 1035 1
11 8 14 1195 2
5 8 12 241 4
8 7 7 1209 4
4 15 15 370 1
15 8 14 790 7
10 15 10 1617 8
4 14 13 1538 1
1 4 10 1700 1
1 9 11 949 8
9 8 11 406 5
9 14 11 507 6
12 9 7 1591 7
6 11 4 1809 9
14 11 13 1741 5
5 3 4 1039 4
5 9 14 585 2
4 14 8 547 1
2 14 6 266 1
2 4 9 1081 4
15 3 5 1670 10
5 10 5 1228 5
10 2 3 1603 7
1 11 10 1663 8
7 12 15 1158 2
1 11 14 1158 7
6 1 9 1870 8
10 15 1 1546 2
14 15 14 398 4
5 4 12 721 8
14 3 7 735 9
2 15 7 1035 7
2 4 8 872 1
13 7 6 1272 8
7 12 8 1495 7
1 13 4 373 2
10 5 2 1747 5
2 5 8 1866 1
4 2 14 427 10
12 15 6 412 1
11 13 9 846 7
13 6 14 1940 8
3 8 3 1106 1
11 4 9 308 7
7 14 2 1292 4
6 13 11 701 5
10 15 5 762 3
3 3 2 39 5
3 8 9 1780 8
1 4 10 1473 9
4 6 3 1805 2
13 4 15 1451 1
14 10 15 496 2
9 4 6 75 7
6 9 9 965 8
2 9 12 523 6
10 9 3 580 2
3 1 13 1870 1
8 4 14 907 7
1 15 14 187 1
14 12 8 499 2
8 2 6 1276 2
4 14 12 936 1
11 6 11 780 8
3 3 12 1274 2
10 5 11 386 1
12 15 13 683 8
5 6 9 1482 3
7 2 6 1330 10
8 2 10 1902 7
1 2 11 855 6
10 13 14 41 6
11 11 10 589 3
10 5 11 685 5
8 6 7 893 1
11 4 9 1250 6
5 6 4 1402 1
8 5 6 924 7
3 7 2 1094 1
11 9 3 1807 9
2 1 12 687 2
4 12 10 922 4
14 11 13 230 3
5 11 7 1882 7
6 1 9 1013 9
10 6 12 1743 2
6 9 8 1416 9
11 2 15 1219 10
5 10 1 162 2
9 14 1 1452 2
7 10 6 1582 10
13 12 6 1705 6
1 6 13 1777 5
8 14 3 300 2
13 12 1 1410 9
10 15 4 1899 1
4 1 10 1049 9
9 14 11 551 4
11 14 8 509 9
4 4 2 651 8
8 13 6 1470 7
10 3 8 1469 8
12 14 8 1932 5
15 7 6 176 4
3 5 3 1482 7
3 14 3 190 2
14 8 15 72 10
10 15 1 104 1
5 9 4 1451 10
13 1 10 50 1
13 5 13 882 5
12 7 6 1588 7
1 15 4 1184 4
2 14 6 946 1
15 4 11 1069 10
8 15 12 996 2
13 5 14 717 7
4 8 7 1160 9
8 3 14 1641 5
6 1 15 1552 9
8 7 7 1719 2
11 2 1 1457 4
10 1 5 1502 6
2 9 5 1900 2
12 14 6 478 8
1 3 14 335 10
11 9 12 1767 10
6 5 10 73 7
2 12 2 728 4
7 9 14 1641 3
14 13 9 784 7
13 13 10 1945 2
12 13 5 1043 6
14 11 2 1911 3
13 8 15 1391 3
4 3 12 596 2
3 15 9 136 5
5 6 6 1277 7
6 2 10 1281 9
15 6 6 814 4
1 14 12 1378 10
13 5 6 652 7
1 9 10 1579 9
9 8 9 654 4
10 13 9 1551 1
11 3 1 1790 10
8 4 7 1095 1
7 15 6 107 5
2 11 13 926 5
7 9 10 1573 5
13 2 13 30 3
2 11 9 1296 6
4 14 14 738 4
5 7 11 92 9
3 8 13 1110 8
5 5 2 323 7
10 7 1 352 7
6 7 13 497 4
14 13 10 986 10
6 9 11 1178 1
14 14 12 1068 5
11 4 11 1511 1
8 7 8 382 4
1 13 11 790 6
12 2 4 969 4
14 5 8 1010 7
6 11 7 1210 3
14 9 4 1945 3
11 8 10 1249 4
1 12 1 960 9
6 8 3 1793 7
8 15 8 1141 9
4 4 5 761 6
4 10 7 1631 4
8 9 3 1592 2
9 10 4 496 9