200
20 9 7 107 1
10 10 20 510 2
4 8 14 390 3
15 16 1 307 3
14 9 16 386 4
10 19 20 449 3
17 17 13 49 4
20 5 7 492 1
9 13 11 63 3
6 14 13 460 1
7 19 5 482 5
8 3 11 396 5
16 18 11 516 1
3 19 3 187 2
5 3 9 61 1
2 15 12 455 5
5 8 8 81 4
13 20 14 496 2
9 4 7 194 2
12 4 2 96 2
20 12 11 323 2
1 4 13 419 2
17 7 14 131 2
20 11 10 316 1
4 14 3 203 1
13 20 5 317 2
17 19 20 62 2
2 17 5 236 5
16 15 19 502 5
10 6 13 274 5
13 19 18 416 4
5 13 14 274 3
15 19 2 88 3
17 16 8 287 1
8 9 9 421 4
6 6 13 395 3
3 18 8 221 2
15 20 9 160 1
20 7 14 330 1
19 10 20 363 3
13 11 13 183 2
11 6 8 227 1
2 5 3 110 3
10 2 10 408 4
17 6 8 239 5
20 16 3 211 5
6 20 16 517 5
16 2 18 356 5
20 20 1 194 1
18 5 17 508 1
17 10 6 333 3
15 18 15 478 5
10 15 1 356 5
12 15 11 242 2
18 12 17 450 3
14 20 18 296 1
11 3 11 494 2
3 6 3 475 3
18 13 15 127 3
8 1 17 392 3
8 12 16 129 3
16 13 1 337 3
5 14 11 42 1
18 12 4 233 3
14 1 11 519 3
4 19 7 326 1
5 20 10 179 4
6 3 13 69 1
10 1 19 292 2
18 7 4 172 3
10 7 8 347 2
12 10 19 337 2
20 3 12 531 1
10 16 20 61 2
13 5 14 470 1
3 13 12 353 4
4 2 15 338 4
4 12 2 304 5
12 12 18 227 2
10 8 3 392 2
18 13 3 293 3
8 17 17 288 4
9 20 2 389 5
11 20 4 178 3
20 20 3 527 1
12 8 10 423 3
4 20 8 94 3
12 6 7 474 1
18 11 17 396 1
13 7 6 297 4
13 19 1 70 5
4 15 17 355 4
2 3 12 90 5
13 6 4 59 3
2 17 16 78 4
19 2 19 281 2
6 10 6 102 3
4 13 17 487 3
13 15 10 505 4
13 9 13 222 4
2 6 7 75 4
2 13 10 514 1
16 6 12 314 2
16 3 2 36 4
12 20 15 390 3
1 14 10 90 3
14 18 14 410 2
14 14 9 526 4
14 10 15 235 2
19 8 10 113 2
3 17 12 511 1
17 6 5 281 2
8 10 8 170 1
4 1 8 171 2
2 7 18 517 5
15 16 17 489 5
20 5 13 183 2
18 16 3 370 4
7 10 6 92 4
1 7 16 506 4
8 19 16 209 4
2 14 18 70 3
12 7 18 367 2
12 7 3 347 2
20 9 3 339 2
12 5 8 476 4
13 2 6 178 4
10 17 19 420 5
4 15 18 242 4
5 20 13 143 1
17 11 2 467 3
20 7 4 392 2
16 14 15 313 5
4 6 16 344 1
9 13 11 396 2
3 16 1 453 4
6 5 13 296 1
17 20 17 417 3
17 10 11 212 3
3 13 7 406 1
1 4 13 277 4
3 2 18 321 2
4 1 9 328 5
2 12 7 164 2
2 3 12 292 1
11 14 8 170 5
9 6 6 233 3
16 4 14 275 4
19 4 18 103 5
18 13 10 162 4
20 17 11 209 4
2 11 11 326 5
5 20 18 174 5
14 16 8 405 2
7 5 7 187 4
10 6 11 457 5
10 3 10 145 1
4 14 12 146 1
1 3 15 135 1
9 11 3 331 4
1 16 15 378 3
4 1 10 208 2
14 2 20 351 3
16 5 13 222 3
8 4 1 267 3
11 13 16 90 2
10 1 5 226 3
17 15 15 514 2
4 1 10 446 4
4 1 13 409 2
8 14 9 32 4
3 18 6 287 2
18 13 14 431 5
12 7 20 67 2
4 13 8 122 1
19 8 19 508 3
8 19 7 77 2
16 1 13 171 3
10 10 20 364 4
14 16 7 299 4
13 17 17 506 4
20 11 16 130 2
14 12 19 350 2
1 10 8 133 2
17 17 16 340 2
7 14 14 222 3
15 16 7 262 1
5 10 20 512 4
20 20 13 458 1
1 7 9 466 2
10 20 17 231 2
1 15 2 343 4
16 17 5 183 5
5 17 9 308 5
13 20 17 427 2
18 5 9 314 3
15 18 6 98 5
3 15 20 530 2
16 9 9 277 3
11 9 17 174 5
