450
17 10 19 52 65 
15 21 4 237 44 
13 12 10 176 13 
10 21 2 103 56 
13 14 18 122 54 
21 11 8 213 51 
21 16 17 179 29 
10 20 14 121 89 
11 9 19 74 33 
15 8 14 57 22 
5 1 17 233 83 
10 8 21 91 2 
16 12 5 215 28 
4 9 13 199 50 
5 20 12 254 18 
12 21 18 56 41 
9 18 21 236 25 
13 9 18 191 35 
6 5 4 182 1 
17 18 17 172 13 
2 11 17 237 81 
3 9 19 89 12 
6 14 3 82 16 
12 3 7 131 35 
18 7 2 245 52 
2 2 17 205 73 
5 7 10 137 45 
5 16 12 218 45 
16 12 2 183 45 
13 14 10 210 73 
6 12 21 130 71 
1 17 9 118 71 
3 15 18 163 54 
6 11 2 97 42 
18 10 8 74 88 
3 12 3 62 4 
10 2 1 44 72 
10 16 21 157 85 
11 6 5 222 69 
19 8 4 111 31 
20 18 5 72 81 
18 5 10 96 25 
19 12 10 207 51 
10 10 4 80 47 
14 3 8 164 21 
15 19 5 174 44 
9 14 6 127 32 
12 19 17 272 41 
20 5 6 73 11 
18 8 13 247 18 
19 6 9 51 66 
20 21 14 253 71 
19 5 19 213 63 
7 3 13 59 37 
10 12 11 232 82 
5 13 4 84 31 
9 18 3 190 34 
17 15 17 64 24 
16 20 4 191 7 
17 5 15 129 38 
9 3 15 218 57 
14 12 1 236 57 
10 11 10 98 88 
4 3 1 212 88 
16 14 5 44 64 
18 19 8 184 34 
19 9 1 121 2 
7 4 11 126 59 
15 2 4 179 71 
16 1 13 89 67 
7 5 6 94 61 
2 18 9 94 41 
4 10 15 91 57 
8 5 21 236 6 
2 4 9 223 4 
14 14 2 124 30 
6 1 15 57 84 
2 12 12 79 21 
8 21 1 87 18 
14 18 12 69 89 
14 8 17 54 64 
3 11 10 123 66 
1 2 14 23 90 
15 9 16 110 22 
15 15 7 225 14 
21 8 8 246 70 
14 16 12 48 35 
21 6 5 106 83 
21 13 5 214 76 
8 8 19 146 8 
16 5 9 122 81 
18 19 18 182 56 
18 11 16 254 67 
16 18 15 102 51 
3 18 16 261 33 
21 1 6 158 50 
3 20 20 144 13 
11 6 5 199 32 
21 8 1 63 52 
8 12 5 58 31 
5 17 20 111 27 
15 20 17 225 65 
17 11 8 82 6 
15 11 1 195 1 
11 14 19 168 20 
18 6 19 52 35 
7 9 9 68 35 
17 21 9 201 62 
14 11 10 253 17 
9 17 6 161 76 
11 12 3 204 23 
17 20 13 118 76 
10 20 7 182 61 
13 4 8 189 47 
18 18 10 253 10 
12 19 20 196 29 
4 17 14 134 49 
5 7 14 129 18 
13 17 13 98 58 
16 14 7 44 83 
21 13 3 223 35 
8 17 20 162 78 
7 8 5 238 40 
15 2 10 32 11 
19 17 16 242 42 
18 17 9 85 5 
19 8 13 148 51 
13 14 5 42 41 
4 8 10 112 7 
9 12 3 232 2 
1 7 8 97 43 
9 5 3 146 77 
7 1 20 205 6 
11 11 19 203 37 
2 12 13 252 58 
6 18 19 140 16 
9 3 17 253 40 
14 2 13 137 10 
1 18 10 64 83 
10 7 8 106 78 
7 8 7 27 36 
11 10 10 75 51 
10 15 13 174 89 
8 19 10 47 15 
15 18 11 224 38 
15 20 15 240 84 
7 16 10 235 75 
8 8 3 95 87 
16 14 18 250 3 
8 13 10 157 8 
4 3 1 209 56 
7 11 9 72 35 
6 4 16 203 20 
4 18 18 45 14 
12 14 4 191 30 
19 12 1 53 35 
18 3 10 227 49 
3 16 9 242 32 
15 14 2 46 42 
15 13 6 225 77 
1 9 20 99 27 
18 2 2 178 9 
8 19 10 211 47 
6 9 2 191 91 
16 18 8 245 66 
14 17 15 133 58 
6 7 3 213 2 
11 10 17 76 69 
10 15 2 217 91 
15 21 2 225 55 
14 15 2 60 40 
6 5 20 176 32 
7 2 8 173 62 
3 9 13 75 47 
20 3 12 88 9 
1 1 17 124 87 
19 4 1 32 36 
20 12 4 199 39 
1 4 1 94 87 
17 2 21 202 80 
5 21 14 108 29 
5 2 14 64 35 
14 5 6 170 68 
4 3 3 95 86 
11 19 5 112 43 
21 9 19 165 37 
2 13 3 55 22 
6 4 4 87 5 
10 8 8 42 90 
1 19 16 52 59 
15 2 8 73 12 
5 4 9 180 14 
6 9 17 87 15 
2 4 7 60 66 
10 10 5 63 6 
20 2 16 215 41 
4 19 2 43 43 
13 21 7 102 65 
19 17 7 105 46 
14 20 16 147 32 
10 6 5 89 88 
10 4 3 151 8 
9 3 18 238 89 
21 2 8 112 47 
12 13 13 67 6 
9 16 20 122 67 
13 11 13 216 86 
17 13 18 149 48 
20 1 5 124 14 
6 18 4 148 74 
6 2 4 114 21 
12 16 8 126 21 
18 1 14 188 48 
1 10 10 86 17 
4 12 8 27 88 
3 14 16 53 2 
6 21 4 34 8 
9 7 15 148 41 
7 4 15 104 52 
13 18 12 238 58 
3 19 11 255 51 
13 19 19 84 91 
14 14 2 96 79 
6 9 19 219 57 
7 5 4 122 47 
16 20 15 232 87 
2 2 12 181 75 
15 2 3 151 63 
1 8 8 139 25 
21 15 6 205 20 
6 3 4 106 39 
13 17 2 150 24 
11 15 11 234 4 
12 2 15 229 31 
1 19 5 161 67 
2 13 21 105 57 
7 2 11 120 6 
7 12 13 120 1 
3 15 7 161 17 
18 3 9 235 24 
18 5 6 232 48 
7 11 20 60 56 
11 4 9 222 21 
14 16 5 218 63 
18 11 6 113 65 
13 13 7 102 57 
16 4 21 168 79 
18 14 16 70 89 
1 18 7 178 36 
5 2 19 131 31 
1 21 13 61 50 
11 18 10 208 33 
1 20 2 177 25 
1 2 11 131 82 
13 11 7 236 30 
16 4 10 239 19 
2 14 3 166 81 
3 10 12 145 24 
17 16 11 229 39 
15 20 17 53 52 
20 1 16 164 42 
11 10 6 64 68 
12 18 5 156 38 
21 7 18 242 82 
13 3 20 257 50 
17 16 12 257 38 
11 15 7 220 64 
6 20 6 95 86 
16 4 16 136 3 
18 16 3 167 6 
11 7 19 212 75 
11 10 16 211 59 
16 11 20 221 33 
14 10 10 249 89 
11 7 3 201 71 
10 11 20 121 38 
2 19 14 166 62 
2 8 13 203 79 
21 21 9 237 72 
9 6 8 167 33 
21 15 6 131 38 
14 17 1 135 69 
16 10 16 91 22 
3 13 12 145 16 
21 20 12 143 16 
15 2 5 186 85 
18 8 15 43 66 
20 10 16 77 10 
15 1 20 104 56 
8 16 17 113 84 
20 7 15 134 45 
13 8 9 70 73 
14 16 12 176 31 
9 16 6 129 36 
5 3 3 169 22 
1 4 6 230 39 
3 2 19 46 15 
17 3 12 155 62 
21 11 5 226 23 
20 6 12 208 49 
8 9 8 196 24 
13 19 15 161 41 
20 12 17 224 84 
9 19 20 195 17 
5 12 3 225 86 
11 8 17 253 59 
1 20 4 200 40 
8 19 20 191 9 
18 20 21 78 58 
11 2 14 168 25 
1 11 3 132 54 
16 20 7 145 86 
11 10 15 90 67 
2 11 9 203 84 
12 17 4 217 2 
4 6 21 127 14 
16 3 2 189 18 
1 16 11 161 65 
12 3 10 191 29 
21 15 11 207 20 
5 3 2 186 82 
13 21 14 145 15 
5 4 13 188 54 
6 13 11 52 17 
13 15 6 92 19 
7 4 2 130 38 
12 17 2 56 12 
16 14 17 222 31 
16 19 18 210 72 
9 8 13 42 84 
19 3 6 217 86 
15 13 7 248 39 
13 2 20 152 72 
2 2 11 21 74 
10 15 12 37 78 
16 1 18 251 86 
20 14 17 261 28 
13 2 17 218 54 
14 14 18 199 87 
2 1 15 203 45 
2 14 7 61 44 
19 19 1 223 4 
18 8 17 64 50 
3 17 18 138 4 
1 4 13 186 44 
20 13 13 56 23 
16 14 7 38 42 
18 1 6 217 78 
15 7 6 137 33 
18 13 19 133 24 
21 18 18 173 28 
6 17 2 222 35 
12 12 1 178 85 
16 21 10 218 47 
9 14 4 185 52 
9 7 6 232 88 
16 1 10 130 15 
13 9 5 58 54 
8 15 21 267 45 
11 6 6 140 87 
21 15 2 111 20 
1 21 12 98 78 
11 4 8 234 90 
6 5 13 194 62 
5 9 19 188 68 
17 16 13 70 48 
3 17 11 135 32 
4 16 1 129 14 
9 15 6 164 87 
4 11 7 84 67 
17 15 20 142 3 
17 11 20 145 27 
16 16 5 110 80 
17 17 11 203 56 
10 14 2 179 64 
21 7 3 238 56 
19 5 4 171 4 
10 3 18 239 35 
1 6 20 216 73 
5 7 20 200 15 
21 6 7 57 29 
15 16 17 211 30 
12 1 7 118 22 
10 8 17 124 43 
11 7 14 90 24 
1 12 14 88 14 
15 13 16 141 66 
11 19 18 108 69 
21 2 6 68 62 
7 8 8 243 11 
19 9 6 97 45 
2 12 17 53 6 
16 3 1 41 36 
14 20 9 208 24 
16 19 19 130 44 
11 21 7 202 80 
5 10 8 214 63 
5 12 20 170 26 
13 7 3 230 61 
7 13 10 243 50 
17 1 17 166 67 
10 1 4 91 47 
6 3 20 86 3 
14 16 20 101 81 
3 1 11 124 63 
6 11 3 228 46 
7 3 8 48 53 
8 5 12 131 18 
9 18 12 222 89 
12 17 6 253 3 
16 6 2 93 38 
11 1 4 130 22 
4 2 2 37 4 
8 16 9 49 11 
14 6 5 152 36 
16 5 20 49 71 
2 15 5 116 75 
13 12 4 215 52 
17 11 9 227 8 
3 14 13 225 4 
4 11 20 136 9 
11 4 12 101 12 
14 8 20 127 27 
18 6 6 240 5 
15 21 5 95 90 
7 6 1 123 29 
10 2 19 177 11 
14 19 19 175 32 
3 17 18 99 58 
5 12 19 107 21 
3 20 12 253 60 
4 8 20 105 20 
1 10 5 196 84 
8 12 2 140 20 
2 10 7 63 53 
2 2 18 171 88 
19 21 9 94 9 
15 4 19 44 1 
13 9 14 169 78 
10 10 19 154 23 
17 11 8 109 73 
8 17 18 126 8 
20 5 20 265 52 
14 15 5 70 70 
11 4 3 102 85 
6 18 12 51 6 
21 12 1 242 50 
7 19 12 199 53 
20 10 5 158 74 
13 16 8 210 26 
