150
2 4 11 91 28 
1 18 15 90 30 
18 9 3 82 28 
20 10 21 118 13 
8 20 8 41 30 
21 20 14 121 29 
12 2 10 56 9 
16 20 21 100 2 
15 14 7 101 5 
9 6 12 79 19 
16 16 1 52 24 
8 13 1 24 30 
20 18 14 95 27 
20 5 21 98 6 
19 16 18 69 11 
2 3 3 61 9 
6 20 15 109 17 
5 3 18 48 18 
14 14 14 97 6 
7 16 1 33 31 
1 15 16 38 13 
7 13 1 55 5 
21 2 11 99 4 
15 15 19 95 15 
4 6 19 46 3 
11 7 8 30 12 
3 3 19 87 18 
13 7 21 112 26 
17 17 19 62 28 
21 7 18 52 28 
4 13 21 81 25 
4 16 3 69 9 
3 14 6 44 24 
8 10 15 68 25 
9 21 13 50 15 
20 19 1 94 10 
13 3 14 73 27 
3 15 20 110 20 
12 13 18 88 9 
4 15 10 48 19 
12 18 9 76 27 
1 14 1 66 22 
7 18 9 79 6 
4 3 9 60 1 
17 6 13 67 22 
11 16 17 81 13 
16 17 3 63 4 
8 18 17 89 23 
1 12 18 54 7 
14 7 5 48 26 
6 5 20 57 2 
21 11 12 101 24 
11 1 17 92 6 
1 11 14 64 14 
4 8 20 47 16 
18 9 7 106 2 
18 5 14 73 22 
2 16 11 71 3 
5 19 10 93 18 
3 4 16 32 26 
7 5 6 72 18 
7 13 21 74 3 
5 12 20 66 14 
8 20 12 72 6 
10 8 10 65 30 
10 1 10 91 9 
20 3 4 88 8 
6 2 18 66 12 
9 4 11 87 1 
10 2 9 38 31 
7 7 21 48 13 
5 5 1 72 15 
11 12 7 86 8 
5 7 8 61 11 
5 21 21 48 23 
1 18 17 95 31 
2 3 18 59 27 
15 20 14 102 17 
9 17 20 79 20 
9 11 18 82 30 
2 1 12 58 6 
15 3 19 93 2 
16 1 11 94 17 
3 10 13 77 4 
15 13 9 57 9 
17 5 2 34 14 
17 12 11 65 22 
20 12 16 58 30 
6 15 10 35 28 
4 15 17 68 14 
5 7 17 103 7 
1 6 21 47 4 
16 3 19 84 10 
14 6 3 63 26 
21 19 20 79 10 
18 8 21 65 14 
13 14 1 56 8 
4 3 12 44 1 
18 6 9 64 20 
19 5 10 53 29 
7 13 5 72 1 
5 9 1 18 20 
7 10 12 32 20 
5 15 13 39 31 
17 17 10 67 21 
17 8 7 98 21 
19 5 18 64 29 
8 13 18 50 6 
7 3 20 40 13 
11 3 5 50 27 
15 3 4 83 21 
17 15 7 48 26 
12 12 7 63 2 
20 6 14 113 9 
8 2 1 58 13 
16 12 21 97 26 
8 7 20 93 21 
6 1 13 21 14 
20 1 8 44 5 
10 1 18 104 12 
5 12 19 39 31 
13 11 12 41 30 
4 3 19 45 29 
18 17 21 111 11 
15 19 9 105 2 
5 13 12 88 2 
3 13 13 83 17 
11 1 1 23 14 
14 12 1 65 13 
12 6 2 57 11 
20 11 11 80 21 
15 19 2 56 30 
10 6 4 72 25 
19 13 14 94 11 
14 13 16 89 3 
18 3 11 71 10 
20 3 4 27 20 
2 1 5 70 19 
14 20 4 50 6 
16 19 15 76 5 
16 15 4 41 24 
10 20 15 116 9 
12 20 6 79 26 
16 19 15 121 8 
1 17 13 79 28 
12 10 20 69 7 
21 7 13 45 19 
14 9 16 110 2 
19 19 13 106 27 
14 10 11 66 21 
