150
11 15 17 398 9
16 10 18 1257 20
18 1 16 1220 11
9 1 7 1144 3
2 15 6 935 3
8 14 15 1553 13
11 16 10 1223 7
9 13 16 146 9
6 1 4 175 2
14 1 8 952 11
17 4 7 634 11
4 6 7 1337 19
9 3 6 757 4
1 13 13 174 4
14 18 20 629 15
5 3 20 46 15
17 6 20 1300 16
1 8 15 227 1
14 18 15 925 14
5 14 17 1250 13
20 20 15 945 6
2 3 3 350 20
18 13 9 1347 19
12 10 14 1526 16
9 19 15 508 1
6 13 13 1160 9
5 6 9 917 1
20 4 14 1065 20
4 5 15 1173 10
4 19 19 1192 15
5 13 14 976 6
14 7 2 1445 7
19 6 12 919 4
11 18 9 219 9
6 12 11 499 15
2 5 12 108 3
6 11 1 460 4
15 12 6 630 6
6 15 9 994 8
15 11 7 832 15
17 5 13 1036 11
6 11 2 1124 20
1 9 4 653 16
16 17 8 719 14
12 10 1 1202 13
2 11 6 1006 16
8 12 14 1283 10
8 6 3 1045 20
20 6 20 640 9
19 19 5 1189 10
4 2 13 1061 15
4 1 6 1361 2
12 20 13 112 10
7 2 1 1230 6
17 13 4 1579 18
11 4 16 1133 12
17 10 8 1487 8
9 6 2 1115 7
6 1 9 681 15
5 16 11 300 5
14 3 20 213 20
2 12 1 209 16
6 14 8 765 12
5 18 16 610 15
15 1 7 1143 11
17 1 4 681 16
3 12 14 468 17
12 9 3 633 20
8 18 11 499 2
5 5 20 912 14
11 10 7 622 16
5 16 3 727 4
5 18 16 154 14
17 11 11 97 13
5 18 17 1046 16
8 17 5 215 15
16 17 18 1488 18
3 5 3 355 8
10 20 10 854 17
1 14 8 1228 17
6 5 17 775 6
17 1 12 1147 2
12 12 12 813 4
1 15 17 106 4
6 12 10 115 16
16 7 2 1401 15
9 13 20 1069 15
14 13 12 299 3
11 16 20 839 5
5 16 1 1093 2
7 10 20 55 20
10 18 15 920 1
20 10 7 969 1
13 2 20 806 10
11 6 16 1570 7
14 13 16 724 3
10 3 12 372 12
16 9 16 774 14
12 9 11 1236 12
13 11 1 317 17
16 16 2 1319 18
10 17 6 496 6
9 9 13 821 17
8 11 15 317 10
18 13 7 1091 3
5 9 3 1252 15
10 6 12 209 20
11 14 15 236 15
7 13 2 117 2
10 1 19 596 18
11 13 12 1237 9
16 14 13 988 10
11 12 16 217 19
2 3 3 664 16
10 18 4 943 19
11 17 18 1583 11
18 10 20 762 15
8 15 6 725 4
19 1 19 407 7
15 12 20 855 11
5 10 20 1484 9
4 19 15 385 5
17 3 10 942 8
6 1 7 1368 15
15 13 9 1405 10
17 1 6 839 13
15 8 6 586 1
2 1 3 119 3
19 9 11 553 20
19 4 16 790 10
2 11 20 328 16
6 18 4 110 8
6 4 1 355 15
7 20 7 1512 1
1 4 19 467 13
4 12 13 746 14
16 2 10 1487 8
12 9 17 482 5
3 10 3 483 10
18 1 12 407 18
18 14 16 140 14
14 9 8 525 5
16 13 12 1373 16
19 3 17 1557 3
15 7 12 568 13
4 1 14 260 12
15 10 9 431 14
6 17 9 1583 11
8 2 14 1525 16
14 3 14 1472 19
