200
3 9 12 210 80
19 20 6 45 32
15 14 11 267 7
1 19 8 136 32
1 7 6 324 30
7 8 7 198 21
2 8 2 229 4
2 18 4 398 58
9 8 3 409 70
14 17 14 272 70
7 12 14 200 92
20 7 3 145 46
16 19 1 270 20
9 13 11 265 82
10 7 20 179 93
3 14 10 389 100
12 11 6 399 28
1 1 6 238 46
10 15 2 119 49
3 4 6 34 25
7 3 1 257 58
14 20 19 35 42
9 17 8 405 42
8 13 13 166 27
12 19 3 16 78
14 15 6 127 60
13 15 11 185 78
5 15 7 1 44
11 5 16 31 38
12 11 3 236 29
16 10 6 296 3
14 1 10 182 5
11 14 10 45 76
15 1 8 115 41
7 8 12 245 19
13 20 14 129 91
3 17 18 279 24
8 15 16 51 50
20 15 9 338 54
2 7 6 254 61
11 6 4 141 40
7 16 9 175 25
9 4 12 165 44
8 18 6 251 21
8 15 1 332 73
14 15 20 260 4
7 4 18 416 15
15 20 4 364 53
15 17 11 414 99
8 15 11 396 77
1 4 18 324 70
4 7 4 98 77
9 7 7 123 66
6 5 18 390 38
7 8 14 230 51
11 17 1 302 37
8 16 11 23 100
2 20 18 133 17
16 2 17 23 83
3 4 3 93 16
17 18 14 216 18
18 18 1 288 4
14 10 8 74 96
9 20 18 154 26
14 9 2 206 69
18 13 16 318 50
15 3 12 125 67
4 2 14 260 40
2 13 15 236 44
10 9 6 302 59
9 1 7 338 2
19 11 8 119 43
11 1 12 277 81
9 7 4 372 44
17 3 8 395 2
16 3 8 383 51
14 17 7 178 18
11 13 4 351 38
10 3 18 307 42
11 1 13 80 87
20 16 8 50 91
15 13 3 149 37
16 4 4 417 89
9 16 20 65 75
13 3 13 44 2
9 5 17 336 42
17 8 8 199 19
2 5 13 36 52
9 20 19 256 92
7 12 18 75 79
11 18 1 231 59
15 20 8 334 70
19 6 11 264 14
8 20 5 88 41
19 15 10 59 91
12 16 15 402 87
1 8 8 289 27
17 1 6 354 37
3 3 15 136 28
5 13 20 223 12
16 12 12 118 87
19 9 18 27 70
15 9 17 179 84
1 17 19 216 40
2 19 18 352 95
7 12 11 167 77
10 11 14 285 85
11 8 11 87 81
11 3 4 203 89
10 17 6 362 36
18 15 17 88 86
9 3 8 367 32
3 10 14 380 70
20 19 10 196 52
1 3 19 47 86
18 6 11 240 75
4 14 17 125 4
10 9 11 335 98
8 7 9 268 68
6 3 8 160 99
15 1 4 97 68
14 20 17 435 99
3 11 3 267 21
1 7 13 56 16
18 3 15 120 40
12 9 13 319 47
12 15 9 199 83
20 2 7 425 82
9 1 13 192 69
11 16 14 414 80
9 1 15 183 23
2 14 11 156 89
12 15 19 327 8
15 2 15 262 79
6 3 14 337 92
3 3 1 146 100
6 10 9 382 32
7 6 14 44 28
16 5 15 236 6
3 17 8 182 97
14 14 14 412 53
12 20 13 106 34
16 16 1 240 11
7 18 9 410 95
5 12 3 37 10
3 13 12 30 16
18 2 11 182 86
14 1 20 7 93
11 12 7 417 45
5 16 12 424 44
20 17 13 27 11
4 1 15 350 82
3 5 20 377 84
2 4 18 137 30
9 17 3 117 58
10 20 18 394 49
15 3 19 337 36
11 10 9 288 18
9 16 9 278 10
19 17 6 137 45
17 1 9 124 75
10 10 2 362 23
16 5 15 288 61
17 17 13 283 1
20 12 8 295 43
9 18 5 210 50
5 8 11 412 48
10 19 4 202 92
4 12 20 263 72
6 6 16 7 66
14 13 7 258 89
16 4 8 40 26
5 16 11 26 34
7 12 3 10 15
15 8 11 217 22
4 2 10 10 75
6 6 16 88 10
15 13 7 13 78
11 11 16 365 56
8 7 15 428 73
4 3 6 211 42
17 1 8 232 67
18 18 20 433 60
19 6 18 376 16
10 8 18 202 86
1 17 17 95 40
15 3 8 56 32
1 10 1 211 76
9 18 3 155 23
8 14 11 207 96
13 19 7 159 79
6 5 5 292 26
11 7 9 174 62
5 14 12 70 18
9 6 8 219 77
18 7 4 137 58
20 9 11 56 61
2 17 10 42 78
15 7 11 157 2
10 11 18 407 86
