300
11 2 2 271 2
12 20 16 631 5
2 14 3 490 1
10 9 7 484 1
8 16 13 277 1
6 8 4 654 2
12 6 1 77 3
8 7 10 233 1
13 10 11 570 3
6 6 11 620 1
7 18 4 44 5
2 17 3 124 5
2 11 10 632 5
6 11 18 352 3
16 19 7 261 4
10 11 12 199 2
8 19 7 722 1
19 1 20 278 2
9 17 12 475 1
1 13 11 163 1
13 13 13 521 3
17 20 8 544 1
10 12 10 649 4
10 14 13 373 2
19 1 2 748 4
13 5 12 106 2
16 5 9 270 1
4 13 10 54 2
18 13 8 715 3
12 6 9 178 1
4 15 4 517 5
12 3 11 170 1
7 17 17 364 2
1 7 3 147 2
10 6 3 706 4
18 16 15 196 3
11 2 5 228 5
17 3 5 486 5
6 8 5 285 1
15 3 7 292 5
4 5 7 600 5
13 11 8 167 1
6 11 5 307 3
2 13 13 429 4
5 17 3 747 4
7 2 18 339 3
3 17 11 646 4
10 11 13 79 3
11 10 3 300 1
20 5 3 751 4
17 19 2 175 5
4 20 15 502 4
3 20 18 455 2
12 15 13 92 3
8 8 9 103 5
11 9 3 602 3
8 16 20 217 5
14 14 7 198 5
18 14 12 678 3
18 2 15 449 3
3 13 19 300 2
11 5 2 226 5
13 2 10 510 4
2 4 1 168 4
18 4 6 471 1
12 1 10 596 1
3 10 6 695 3
4 12 2 137 4
17 17 19 733 3
20 18 12 304 5
5 5 19 57 4
1 17 11 736 5
5 15 5 713 3
17 13 3 705 4
6 14 6 141 1
20 2 17 692 3
10 13 19 249 5
17 11 6 720 5
1 10 17 323 4
19 14 15 792 3
19 13 17 401 3
7 3 20 757 4
11 10 9 46 5
17 3 10 339 1
13 10 17 392 5
15 17 13 560 4
6 2 2 173 4
6 20 2 657 4
8 16 4 374 3
17 13 17 393 1
11 15 14 705 1
20 7 9 747 5
19 4 20 71 3
8 11 1 514 2
4 17 15 578 5
19 8 1 453 3
5 7 20 261 3
20 13 19 728 4
8 20 3 107 4
1 5 5 195 1
20 12 5 717 5
14 8 18 736 5
4 5 17 384 2
14 6 19 327 2
13 2 15 37 1
3 9 7 428 2
1 20 1 674 4
14 11 4 602 4
2 17 6 446 1
10 5 5 761 4
14 3 6 211 5
16 19 5 233 5
7 2 5 435 1
7 13 12 462 3
13 12 16 460 4
15 11 9 38 5
18 10 18 375 4
7 6 1 119 2
8 14 19 388 3
16 15 5 74 5
14 11 15 181 2
7 8 8 406 1
2 15 9 621 2
4 13 19 365 2
17 19 19 99 1
2 1 7 475 4
16 19 7 764 3
13 15 20 225 3
14 2 7 647 4
11 4 3 456 1
14 3 2 109 2
11 19 6 638 3
2 20 7 441 4
16 13 1 182 4
7 12 16 269 4
18 13 6 48 5
18 6 20 205 3
17 4 19 116 3
3 8 6 110 3
11 6 13 203 1
9 5 9 432 2
5 5 1 312 2
5 9 13 149 2
20 11 5 180 1
16 1 17 131 2
15 11 3 326 3
6 15 18 154 4
2 9 9 500 4
4 7 9 736 1
11 8 13 516 2
10 15 5 534 4
12 10 19 404 3
11 4 19 610 2
9 10 3 174 1
3 12 12 630 3
3 16 14 125 5
14 1 2 723 4
14 19 7 159 4
5 5 8 355 5
2 2 13 301 2
16 2 10 585 1
5 19 15 215 1
1 11 10 342 3
9 1 16 687 3
20 14 7 354 3
4 10 17 176 1
12 2 14 149 3
13 5 4 760 2
1 8 6 503 4
18 3 11 258 3
15 18 18 399 3
14 12 16 240 5
18 11 6 529 1
16 11 16 592 3
3 17 14 465 1
5 15 17 227 4
19 8 4 324 3
19 2 3 198 4
4 10 20 374 2
4 9 13 761 3
2 6 20 260 1
12 4 4 326 5
18 13 16 455 1
8 2 3 507 4
17 11 17 127 5
20 5 8 60 4
19 6 6 373 5
4 1 13 475 2
18 5 3 125 1
6 15 5 582 2
6 3 9 637 4
7 1 4 80 4
11 20 7 62 1
13 9 1 494 3
19 10 15 474 5
17 5 14 713 5
20 17 3 756 3
3 5 10 205 3
10 4 1 157 2
4 2 12 622 4
16 8 19 630 1
16 9 15 560 3
8 13 10 448 5
8 5 17 753 1
12 14 11 298 3
10 3 10 620 2
10 4 7 531 1
2 10 14 618 4
3 3 18 314 3
6 12 16 519 2
5 17 20 241 2
11 5 19 704 5
4 5 6 755 3
12 19 11 417 2
18 13 5 778 5
5 12 8 241 1
6 11 3 654 2
9 19 13 488 4
10 16 15 65 1
20 20 14 598 3
9 20 8 297 4
16 20 17 432 3
1 11 10 582 1
16 4 20 473 5
8 15 16 392 5
3 10 6 443 3
2 11 6 730 2
15 7 2 515 5
13 17 13 675 4
3 4 9 365 4
9 14 2 557 5
9 19 15 628 2
6 6 9 345 3
12 2 1 660 1
6 9 8 177 1
15 18 19 224 1
9 14 18 85 2
8 8 6 148 4
18 18 8 775 1
17 17 13 211 1
8 15 2 465 2
11 11 10 409 3
12 19 13 552 1
9 16 3 681 4
9 7 4 404 5
5 3 9 348 4
5 15 6 176 3
2 6 8 688 5
1 3 8 27 4
2 18 18 405 5
18 10 11 455 4
5 11 9 383 2
15 5 17 208 3
16 2 19 433 5
14 14 7 248 2
3 5 11 156 3
6 12 12 272 4
16 18 3 778 3
10 6 3 562 4
8 18 17 767 5
16 17 7 662 1
3 5 6 485 4
13 8 15 390 1
6 18 17 77 2
10 18 11 549 5
19 4 12 648 1
14 11 9 599 4
3 3 14 369 2
16 2 10 677 5
5 16 18 735 2
7 3 4 126 5
17 1 16 670 2
1 20 7 321 5
15 5 8 399 4
14 20 12 747 2
5 3 10 29 1
9 11 6 737 3
20 11 20 250 4
20 10 4 563 2
6 4 2 215 1
7 3 11 133 5
19 13 18 800 2
14 20 1 132 2
17 19 12 542 5
5 17 18 151 4
6 13 2 690 1
6 9 8 37 1
17 19 10 87 5
2 5 16 629 3
13 9 9 759 2
6 4 20 422 2
4 12 20 169 2
2 19 20 685 1
12 11 9 401 3
8 7 17 498 4
1 2 6 623 2
4 16 2 160 3
4 9 18 408 1
8 14 5 741 4
15 18 14 472 4
