350
20 5 7 144 38 
2 21 16 159 71 
8 7 8 154 28 
1 11 16 136 39 
12 5 20 128 52 
18 14 12 128 16 
9 21 10 136 56 
1 8 2 125 3 
13 17 17 92 10 
12 9 6 35 47 
15 9 4 84 17 
11 18 13 61 70 
21 13 4 211 7 
7 15 17 127 32 
3 2 6 62 29 
4 19 18 164 9 
13 13 3 170 17 
19 1 18 162 18 
19 19 13 169 4 
19 3 15 38 52 
19 15 19 175 59 
1 9 7 58 70 
14 2 5 176 52 
21 12 16 117 7 
10 15 13 173 44 
11 4 3 121 6 
17 13 20 181 22 
3 11 17 158 2 
2 16 14 173 38 
3 3 3 104 20 
7 2 15 91 69 
11 6 1 180 51 
1 5 7 13 2 
14 16 9 78 17 
3 2 3 135 8 
16 21 21 198 22 
14 19 13 157 38 
7 11 6 24 54 
9 17 5 97 4 
11 5 10 123 39 
16 15 16 177 28 
7 14 13 45 33 
11 14 15 96 34 
15 3 1 125 29 
3 9 1 136 38 
10 2 9 27 43 
11 21 10 173 54 
21 15 3 42 46 
11 20 5 174 56 
17 1 5 124 66 
1 1 8 136 62 
6 15 6 104 2 
14 11 14 185 65 
17 12 1 69 23 
16 13 8 151 4 
15 17 8 100 60 
8 2 17 98 35 
3 15 8 183 70 
5 12 17 110 38 
1 4 3 69 30 
16 15 5 88 28 
16 1 12 174 29 
4 16 5 192 42 
15 1 12 186 2 
18 7 21 162 24 
2 9 21 114 33 
7 19 17 161 36 
4 17 8 109 35 
12 20 11 64 26 
14 6 16 47 4 
3 17 1 143 19 
20 11 17 182 24 
4 5 20 38 1 
21 19 17 122 27 
6 14 7 154 69 
6 10 2 100 32 
14 7 16 144 56 
19 16 18 88 27 
9 12 21 58 61 
11 5 7 37 58 
19 18 19 182 45 
9 15 20 185 57 
14 5 7 62 3 
15 11 9 94 34 
16 19 11 159 29 
15 11 4 199 42 
2 8 5 115 60 
21 1 17 69 56 
15 12 11 157 38 
8 4 8 59 12 
11 20 9 64 45 
10 18 15 205 39 
8 5 19 179 44 
17 20 15 191 61 
13 12 13 178 49 
2 9 4 160 49 
21 10 10 174 24 
3 2 13 127 56 
7 17 13 175 26 
1 1 21 171 28 
20 3 6 81 44 
16 20 9 127 62 
15 8 10 44 3 
12 9 4 166 68 
18 15 10 186 52 
8 20 3 187 1 
5 15 14 112 23 
12 12 15 39 13 
21 7 16 64 66 
6 19 1 93 10 
21 21 7 189 14 
18 3 13 141 29 
6 2 16 181 46 
4 8 11 179 70 
13 20 19 191 9 
19 16 5 132 13 
4 7 9 184 28 
20 6 16 182 32 
5 8 11 69 34 
21 10 10 134 22 
19 9 15 130 15 
20 4 10 149 8 
7 11 8 138 70 
17 1 2 112 48 
5 19 4 66 61 
16 21 7 191 37 
16 15 17 193 10 
17 21 9 166 47 
11 10 5 179 22 
21 7 2 106 17 
15 5 9 79 71 
6 6 1 139 64 
21 13 3 67 30 
12 17 11 145 21 
2 10 8 81 53 
2 10 8 121 28 
2 14 4 27 46 
8 18 20 69 66 
3 15 5 139 8 
10 5 2 63 53 
5 6 20 48 16 
10 17 5 168 39 
12 11 4 37 26 
8 14 19 102 42 
6 3 13 44 18 
18 1 8 63 17 
10 6 21 170 1 
7 21 16 115 22 
12 12 20 48 49 
2 20 20 138 65 
13 11 5 142 47 
10 11 21 172 24 
4 5 20 74 37 
1 9 3 163 50 
13 6 3 145 61 
16 21 12 201 51 
18 19 14 190 58 
17 13 4 45 61 
13 15 5 124 46 
8 17 21 97 18 
3 15 14 57 67 
17 21 2 204 59 
1 11 11 63 58 
4 21 2 172 6 
21 17 15 139 70 
10 16 3 109 18 
18 4 18 191 37 
18 15 13 174 2 
18 6 4 57 50 
6 21 15 104 19 
20 19 19 148 51 
11 8 10 55 50 
16 9 12 66 17 
5 13 8 63 37 
17 10 13 94 50 
20 7 8 178 41 
2 7 19 149 33 
1 18 12 125 55 
1 21 8 173 8 
11 12 9 90 42 
2 11 1 78 63 
10 4 1 56 21 
15 6 1 148 19 
18 5 10 54 66 
14 8 10 182 29 
17 8 9 93 56 
11 8 1 62 36 
16 10 1 128 38 
20 7 1 177 17 
10 2 21 77 39 
14 10 11 117 46 
13 8 8 120 32 
8 11 7 36 65 
16 20 15 75 18 
17 14 13 195 38 
2 20 3 173 16 
2 17 15 201 37 
13 20 5 130 18 
12 19 21 96 7 
4 14 14 142 30 
21 8 9 160 6 
6 17 18 145 46 
10 3 2 169 44 
11 1 19 132 8 
9 12 19 111 67 
18 18 3 170 59 
11 16 11 95 16 
8 8 17 90 4 
13 8 4 166 5 
6 15 2 120 26 
7 20 12 114 47 
13 13 20 108 55 
6 10 13 132 68 
18 21 5 87 52 
20 16 6 86 71 
13 17 4 154 3 
19 11 18 65 66 
11 6 12 55 34 
17 16 18 110 12 
6 15 13 119 17 
13 3 5 40 24 
17 1 6 30 35 
11 5 1 33 46 
14 6 9 182 7 
19 9 9 135 47 
18 16 17 54 5 
2 5 1 154 9 
2 11 7 63 52 
14 6 14 91 29 
8 18 12 86 30 
8 8 1 60 27 
12 8 18 172 55 
12 6 3 110 14 
14 14 15 149 66 
1 19 9 186 24 
4 3 11 183 42 
10 20 4 133 52 
2 4 6 37 48 
3 17 3 134 41 
2 9 18 179 1 
18 18 11 172 19 
15 4 14 101 62 
8 14 1 85 12 
19 3 13 161 71 
20 2 19 199 4 
8 15 14 188 32 
4 6 9 77 32 
14 6 6 126 56 
1 10 11 158 43 
9 10 16 53 28 
16 3 5 104 9 
7 14 17 158 22 
6 9 8 113 44 
10 10 4 44 62 
12 12 13 159 66 
18 17 14 114 32 
15 17 4 131 32 
2 3 1 79 46 
1 15 15 95 56 
13 5 14 142 6 
3 11 14 161 7 
15 1 4 77 48 
4 12 7 68 54 
20 15 13 124 11 
4 18 17 46 34 
2 21 15 56 42 
19 2 17 185 20 
13 15 20 68 64 
9 18 20 86 43 
15 9 2 147 55 
14 15 18 61 6 
7 8 16 182 11 
15 16 13 125 52 
8 8 16 51 66 
10 19 13 150 49 
10 21 8 60 70 
15 9 9 167 1 
2 10 21 181 13 
12 14 3 71 11 
10 19 9 202 32 
20 10 7 84 58 
4 7 5 164 66 
8 4 16 192 57 
6 16 8 68 71 
4 11 6 22 50 
5 8 3 130 33 
18 4 7 68 49 
18 13 4 115 32 
20 18 11 101 13 
9 5 7 37 62 
6 20 15 205 18 
11 8 8 177 69 
18 5 13 120 48 
20 17 6 87 20 
20 9 12 72 40 
18 9 2 111 17 
5 14 20 58 35 
1 8 6 45 36 
15 8 2 82 35 
14 20 4 43 40 
4 7 21 138 47 
20 12 15 69 65 
7 1 15 61 56 
3 12 15 128 27 
13 6 12 174 45 
18 1 5 134 15 
2 8 2 83 58 
19 13 3 126 14 
15 9 21 220 12 
11 12 17 114 65 
4 19 2 91 43 
17 14 10 119 35 
11 18 6 203 63 
16 2 13 173 40 
21 6 5 127 57 
10 5 7 166 2 
11 14 17 186 24 
7 8 9 150 59 
6 13 10 88 43 
2 9 6 79 66 
8 14 17 77 6 
9 14 20 162 18 
17 20 16 83 45 
9 4 7 164 45 
10 5 5 102 16 
17 19 1 165 47 
21 9 12 183 29 
7 19 6 66 23 
3 16 6 163 10 
12 8 10 54 65 
15 14 18 221 65 
2 7 12 88 43 
10 15 17 195 70 
8 6 9 83 56 
20 6 6 43 30 
14 10 16 155 9 
19 7 16 65 11 
19 2 19 97 26 
10 16 13 152 39 
14 19 9 155 20 
2 14 13 67 49 
15 9 19 62 24 
11 17 5 56 22 
3 7 18 129 32 
2 9 12 80 15 
6 14 16 86 68 
9 9 7 179 47 
4 9 8 137 58 
15 6 19 96 31 
7 12 18 174 71 
