350
13 13 2 1011 9
2 9 17 1130 7
9 12 1 3187 9
11 1 20 2276 10
1 5 9 1196 19
6 13 9 3495 4
4 13 19 2169 19
11 17 16 3526 10
1 18 8 2859 3
11 8 18 2334 9
9 3 1 2571 7
15 11 13 3093 7
7 20 6 2482 16
16 13 18 3043 13
1 20 18 1091 14
18 3 10 2225 1
14 16 16 843 11
2 7 2 2244 10
14 12 12 1062 1
8 13 10 3272 1
17 17 8 1950 16
20 11 10 3128 18
20 17 8 3345 10
13 2 10 1138 6
18 17 20 505 18
17 16 20 1116 13
16 15 10 3449 14
1 1 4 2783 17
11 7 10 2474 11
6 20 17 3504 17
8 1 18 1511 18
4 6 6 2817 2
3 2 14 2168 10
11 9 20 3552 9
11 18 19 2963 2
14 6 8 1144 14
16 18 1 277 12
20 1 6 69 14
14 12 18 1733 14
10 11 19 3127 19
8 17 2 239 8
3 6 19 2992 18
12 17 13 124 3
3 1 19 2172 19
13 17 18 3038 12
13 8 15 3084 15
10 11 13 3565 4
16 10 2 1307 18
5 1 17 1785 5
17 5 19 3264 8
10 6 1 2313 9
1 11 1 153 6
2 14 9 2288 15
8 6 13 505 7
9 4 20 767 7
17 3 15 2954 19
18 15 1 2579 9
18 3 10 402 3
15 17 20 3461 2
13 12 8 105 18
10 6 3 710 9
20 9 15 3189 10
14 11 20 1383 15
9 19 16 664 2
1 1 10 3595 19
7 10 10 1956 5
6 11 4 1048 19
10 11 13 3403 2
10 12 19 1771 6
8 1 6 3565 7
20 17 3 547 12
20 10 5 640 18
14 8 9 2399 12
4 7 12 1371 20
16 16 10 3542 12
1 15 19 913 16
20 5 19 1118 11
18 2 20 1223 19
20 2 3 1359 11
14 3 11 2186 20
9 20 9 2155 4
19 8 15 2987 6
14 16 12 704 4
9 2 5 2760 19
20 3 1 598 15
9 2 10 1930 7
13 1 5 1837 16
3 13 7 3170 5
5 12 8 2014 15
20 13 12 1034 14
3 12 7 1821 11
19 6 2 52 1
8 4 12 314 19
1 5 4 1542 2
14 13 1 1952 3
6 10 11 2517 9
16 1 17 1749 9
12 5 6 80 17
1 11 15 2204 10
8 14 1 3189 6
17 6 19 640 10
8 11 19 2213 5
9 12 15 2343 18
4 4 1 270 13
19 11 1 852 18
5 17 13 1136 7
3 13 20 66 2
4 4 9 3014 19
13 11 15 854 5
17 2 4 1631 5
16 5 6 36 16
20 19 14 2010 14
18 16 12 1114 7
14 9 13 3246 6
6 20 6 889 13
20 7 4 3451 4
13 20 8 2798 16
4 15 1 1885 16
13 12 16 1393 5
19 19 18 3300 11
2 18 8 1485 15
2 4 7 710 19
3 8 10 276 20
10 8 15 3437 10
7 9 6 365 8
13 16 9 1592 20
15 3 7 279 20
16 4 15 1199 7
4 15 10 935 19
12 2 13 2652 12
5 10 18 1616 3
3 19 13 2710 5
11 1 18 139 3
10 13 9 3116 18
1 4 11 2562 15
3 4 1 3117 12
15 13 11 1441 18
10 18 15 155 7
1 6 11 1025 13
5 1 1 2697 7
20 16 4 1914 19
4 6 11 788 1
4 17 12 66 7
11 5 9 676 5
11 17 19 2964 18
16 8 18 513 5
3 8 10 1778 13
19 9 12 1004 20
6 3 1 262 7
3 5 17 3454 9
16 1 17 2271 10
14 13 1 3093 9
2 14 5 2767 17
7 10 14 1520 4
4 5 7 3383 14
7 5 5 2230 8
15 4 16 3489 8
1 18 17 1202 16
6 13 16 1112 6
6 9 16 1043 11
9 18 20 278 5
13 5 6 217 6
16 12 19 1422 4
13 16 6 2931 8
1 13 7 2286 13
1 1 1 2897 16
5 15 2 2013 13
12 3 16 2261 20
14 2 18 2715 9
2 3 10 1712 16
20 9 3 2323 20
12 5 12 599 13
20 16 5 1071 12
6 8 18 1353 6
7 8 6 1233 4
11 1 13 3033 16
17 8 5 1947 13
11 4 6 2608 4
12 6 18 1990 16
14 8 19 2217 11
3 10 12 431 2
7 7 19 3572 13
6 12 11 3542 2
8 16 2 538 17
17 3 8 820 18
1 20 2 3219 7
12 7 8 3505 1
17 2 1 885 11
18 14 11 622 7
7 15 17 579 2
6 3 5 2466 19
1 19 6 2861 5
10 15 4 2725 3
17 13 2 3568 15
5 1 15 629 19
6 15 10 96 14
15 13 14 2630 12
9 1 3 449 2
19 12 11 785 14
16 3 18 2766 1
15 19 14 2393 9
3 7 1 1398 14
18 17 15 2337 5
12 8 4 1679 4
7 2 15 209 20
15 13 1 2195 14
2 11 15 2313 6
11 16 7 1086 1
12 1 10 3059 13
1 3 4 471 13
5 12 12 998 10
8 5 3 1916 18
4 13 5 2134 8
4 15 18 3361 10
8 17 20 2787 14
20 11 3 734 9
15 19 11 3272 1
15 9 6 2294 18
2 6 5 3045 17
13 5 3 3027 13
14 10 1 1395 6
8 14 1 108 6
11 10 9 2609 1
1 20 1 3076 11
1 14 20 478 6
19 16 8 1305 11
1 10 10 3288 6
7 12 7 2044 12
20 17 4 2168 5
6 13 2 1184 3
18 15 9 1466 7
2 11 19 2168 6
8 20 3 1636 5
16 12 5 580 9
6 13 1 1114 6
14 10 10 3448 17
15 18 1 2795 11
7 9 11 441 9
15 18 17 3347 14
4 5 18 838 16
16 15 19 2816 4
9 19 13 48 2
7 1 6 3263 15
18 7 10 1039 9
4 13 13 1009 2
3 19 15 1807 19
4 12 14 44 18
15 6 10 396 17
12 18 9 882 18
9 11 11 601 19
14 10 20 1850 17
18 12 8 1943 3
5 1 8 3036 4
1 20 8 1646 12
13 20 6 1414 2
13 19 1 2952 18
4 10 8 2335 5
6 16 5 3032 14
14 13 7 2296 19
8 17 8 1072 5
2 19 11 3082 12
11 11 10 3199 13
15 16 17 828 8
15 8 7 1230 19
3 16 18 1639 10
1 8 13 1586 5
13 11 3 1384 12
9 16 11 164 4
13 5 11 3353 6
2 3 5 613 1
9 18 18 483 1
6 12 9 1172 2
12 11 6 1959 9
3 9 20 990 10
9 17 10 1803 6
20 2 10 1604 3
20 13 11 2180 14
2 8 14 2889 4
4 5 6 1147 2
16 14 1 702 2
11 17 19 1578 6
11 16 17 249 12
17 20 8 548 19
5 3 10 1277 4
9 14 4 687 10
20 17 14 854 20
1 2 2 1688 12
2 12 10 2924 9
16 7 14 343 9
12 6 16 3048 13
15 19 16 2273 6
4 12 20 3069 2
19 12 14 2306 19
19 9 5 2788 7
16 16 15 3338 13
15 4 15 1536 14
9 4 18 1819 10
14 1 10 280 2
10 18 14 2284 3
2 17 5 527 16
13 11 5 373 20
4 5 6 2315 11
20 17 19 2455 20
12 2 10 1770 11
9 5 14 97 9
19 9 2 1726 12
3 3 5 1624 20
1 11 6 539 9
13 2 19 1084 3
3 10 18 2460 9
4 16 8 3261 2
20 18 3 463 7
18 8 7 1953 3
1 5 7 1914 19
14 6 12 3575 1
10 20 15 2427 14
18 10 15 955 14
7 13 4 1936 6
2 9 10 84 4
15 20 16 750 14
20 7 8 2345 12
8 6 2 1392 18
12 13 15 1150 9
20 20 13 3171 15
4 3 6 989 4
11 17 12 3299 1
20 5 7 3183 1
1 5 17 1476 8
1 11 20 3594 8
8 9 11 276 12
5 10 9 2659 2
4 5 6 2480 10
19 3 12 2255 18
9 17 11 532 3
1 9 12 2843 14
2 10 16 1146 6
16 20 20 708 6
8 11 2 31 14
5 13 14 842 1
9 16 10 420 2
9 4 14 1927 2
5 9 3 533 10
15 13 4 2815 9
14 2 8 450 2
19 6 4 1787 4
20 10 10 2244 19
17 1 5 1914 12
4 5 18 1855 13
18 17 11 1996 15
5 7 14 1473 6
