400
1 16 11 121 6 
19 18 15 192 64 
6 9 19 115 67 
15 11 2 122 71 
13 9 17 82 70 
5 12 20 134 79 
13 4 10 93 12 
6 19 10 230 19 
1 9 19 113 10 
6 16 18 180 19 
11 1 14 43 14 
20 14 1 129 15 
6 11 11 86 15 
9 17 15 88 43 
2 10 15 213 67 
10 1 17 226 47 
20 16 7 64 74 
3 2 3 194 63 
9 2 1 57 8 
13 6 2 116 24 
1 9 7 87 76 
11 6 21 142 77 
10 11 16 165 4 
13 17 14 149 19 
16 7 1 92 59 
1 13 19 144 74 
10 2 4 68 12 
6 1 7 200 10 
17 20 14 86 24 
16 13 13 189 77 
6 8 21 140 41 
7 7 17 171 22 
11 14 3 179 33 
15 3 13 125 2 
5 13 2 146 44 
16 5 18 104 10 
14 14 21 147 51 
2 4 21 92 19 
3 1 1 42 35 
15 10 20 131 47 
5 19 19 181 43 
17 7 14 195 62 
10 1 21 32 49 
10 4 18 171 51 
20 13 13 108 41 
5 19 20 175 31 
5 21 16 67 44 
6 12 17 128 72 
21 5 20 90 45 
1 8 18 142 6 
17 8 5 37 8 
17 6 4 221 65 
2 1 12 177 20 
1 19 9 100 16 
3 4 11 165 30 
13 3 15 159 12 
10 11 11 142 62 
12 6 10 138 44 
8 2 10 104 10 
20 5 12 221 19 
14 12 11 143 24 
14 11 19 89 78 
20 18 3 223 24 
9 9 21 225 48 
1 4 10 186 63 
21 19 9 100 66 
10 18 3 152 22 
3 13 18 102 53 
6 11 12 198 47 
14 10 1 46 69 
11 16 14 237 20 
16 3 18 75 16 
16 17 18 229 24 
1 8 4 127 57 
18 17 4 75 26 
19 20 18 115 24 
6 10 8 45 51 
7 15 9 162 4 
4 2 3 73 1 
21 13 20 62 66 
6 11 12 143 52 
3 4 2 18 8 
1 9 5 63 68 
15 12 2 161 41 
9 20 21 51 16 
12 19 4 59 23 
7 11 12 222 18 
5 6 14 195 41 
2 7 9 118 16 
20 8 11 200 68 
16 3 10 127 62 
6 21 9 198 35 
7 17 9 75 80 
20 16 13 68 40 
1 15 5 202 73 
7 6 8 109 11 
17 11 19 157 35 
19 19 3 213 14 
15 7 5 200 47 
16 5 2 204 54 
5 4 10 57 10 
6 11 13 219 45 
6 14 20 146 9 
2 8 10 70 80 
15 3 16 62 12 
6 15 15 128 23 
4 19 7 218 63 
12 15 16 169 60 
6 3 11 55 2 
1 10 11 209 69 
10 18 9 138 26 
4 2 13 148 8 
11 8 9 206 23 
11 21 17 107 80 
19 19 11 159 20 
19 5 12 128 14 
15 10 10 64 59 
16 12 10 194 47 
1 3 12 149 54 
21 21 3 243 33 
16 9 14 128 24 
21 10 7 43 4 
21 3 21 231 9 
9 6 14 148 49 
4 2 16 64 54 
18 5 10 189 56 
13 17 9 119 81 
3 8 2 74 18 
5 3 2 29 6 
4 14 13 39 21 
6 19 13 163 53 
14 11 4 50 64 
17 11 5 36 22 
16 12 13 82 79 
4 16 6 50 56 
9 5 20 55 77 
19 7 3 138 68 
20 2 3 47 37 
3 13 15 178 5 
3 3 14 109 68 
9 10 20 150 29 
16 15 1 182 48 
19 15 7 42 12 
14 9 21 166 42 
15 11 5 67 9 
2 15 3 175 19 
17 19 2 135 77 
9 9 1 101 49 
17 5 7 49 53 
17 4 15 130 63 
6 21 20 146 35 
2 13 18 152 54 
1 18 11 76 32 
11 19 19 247 66 
13 8 5 221 37 
6 4 4 68 8 
16 19 16 82 5 
20 21 11 226 68 
3 6 8 32 68 
9 13 16 88 24 
12 20 2 132 36 
6 20 4 223 65 
5 20 7 107 54 
7 17 9 78 19 
1 8 20 190 48 
18 19 2 145 59 
12 9 20 77 14 
7 7 12 70 19 
3 2 20 75 19 
8 3 13 45 6 
19 1 3 35 3 
11 6 14 205 78 
17 1 12 144 75 
10 13 18 55 11 
8 7 19 111 56 
2 3 20 91 26 
14 14 15 119 11 
13 16 2 140 78 
16 17 12 229 62 
21 14 15 221 57 
21 19 19 89 78 
12 11 13 97 57 
10 8 20 191 7 
6 18 7 164 55 
19 13 8 203 37 
16 20 11 56 1 
9 6 9 177 41 
3 12 9 60 44 
3 12 21 184 59 
18 21 16 183 4 
8 17 16 160 1 
11 12 1 177 42 
10 2 16 32 26 
13 16 17 171 19 
3 5 19 223 47 
13 4 20 179 24 
10 6 14 133 37 
17 18 4 227 40 
18 7 6 84 80 
17 7 8 66 79 
2 3 18 113 65 
5 12 4 138 79 
7 15 6 144 51 
17 9 10 140 49 
19 8 12 223 47 
11 3 5 45 65 
14 18 14 241 81 
17 18 6 106 59 
15 19 18 179 79 
12 21 11 49 29 
18 17 12 140 6 
8 11 4 178 11 
11 17 21 108 25 
9 3 18 210 60 
3 7 19 159 36 
6 21 13 185 10 
11 21 3 174 42 
1 10 12 194 78 
19 9 18 88 37 
10 14 6 50 32 
14 10 19 201 67 
15 9 3 72 70 
21 1 6 201 44 
5 17 6 30 77 
2 13 4 99 56 
6 12 21 187 49 
8 13 6 77 48 
18 9 1 216 11 
16 11 6 116 48 
15 3 20 204 12 
21 17 4 53 77 
1 15 7 174 73 
13 7 12 80 62 
18 2 20 83 16 
1 1 12 199 58 
17 13 15 244 15 
10 9 14 148 3 
19 15 7 141 74 
18 1 6 83 14 
18 6 17 234 8 
4 8 7 37 60 
13 11 8 34 32 
10 10 21 48 22 
3 16 15 34 79 
10 10 18 223 76 
2 16 15 116 74 
9 7 19 123 66 
19 2 11 127 32 
14 14 3 137 65 
9 10 10 118 50 
14 12 17 240 2 
4 15 3 142 3 
15 5 14 219 38 
1 16 21 207 79 
6 14 10 183 73 
21 10 7 67 8 
1 21 21 108 61 
6 3 14 166 20 
18 8 6 207 56 
5 10 21 135 26 
16 8 2 166 60 
6 5 19 31 33 
11 13 2 180 74 
6 17 12 231 46 
8 19 13 42 71 
21 9 5 134 36 
5 11 4 164 45 
7 8 10 77 44 
16 14 4 110 24 
14 18 14 87 58 
9 1 9 144 28 
20 14 6 144 35 
10 9 10 74 26 
7 1 18 198 4 
3 19 14 42 19 
18 14 14 115 5 
19 12 17 137 16 
16 20 1 134 27 
13 11 11 206 61 
4 5 13 157 69 
3 7 3 159 9 
20 7 5 156 78 
16 15 19 70 50 
17 9 13 239 48 
6 4 13 204 52 
16 4 17 38 30 
9 5 14 153 43 
13 14 2 223 18 
3 11 19 95 48 
15 20 21 89 20 
13 8 1 137 1 
4 16 6 38 10 
21 10 10 205 18 
5 14 20 95 51 
4 14 12 79 12 
6 14 1 133 32 
6 14 4 213 56 
7 4 9 143 24 
4 17 8 120 68 
18 7 15 159 74 
5 6 1 96 14 
6 20 14 44 51 
11 16 6 78 68 
12 9 7 70 59 
10 12 19 91 19 
5 9 9 175 12 
2 12 11 122 26 
18 16 3 117 31 
5 8 6 127 37 
8 10 19 151 22 
11 12 20 228 23 
20 16 17 179 23 
8 19 4 41 58 
2 6 2 63 15 
12 16 6 186 5 
18 18 16 96 8 
3 7 2 152 41 
3 16 3 163 79 
18 3 13 163 7 
3 9 15 98 27 
9 11 6 136 49 
14 19 19 212 35 
3 21 10 146 75 
11 1 6 86 75 
15 3 21 212 54 
2 5 5 200 66 
12 14 2 49 65 
11 4 2 48 49 
4 14 3 152 19 
19 17 9 45 76 
2 12 19 212 7 
6 3 8 42 59 
1 19 15 62 66 
7 18 7 185 16 
8 20 20 199 2 
1 6 3 92 41 
2 13 19 187 48 
18 12 1 86 35 
15 13 15 197 62 
19 21 4 237 1 
12 11 3 74 12 
1 11 15 182 55 
13 7 5 122 27 
4 11 19 190 25 
8 18 20 142 32 
14 9 2 95 12 
8 11 21 163 12 
10 15 8 201 77 
13 5 21 193 13 
4 15 20 44 29 
12 8 8 117 81 
7 12 2 128 73 
1 6 5 192 18 
19 1 17 83 55 
10 9 13 227 51 
21 11 5 113 33 
4 17 14 87 29 
5 10 10 37 25 
17 4 5 139 64 
13 15 13 89 62 
11 18 4 54 20 
21 13 18 170 34 
21 10 18 141 81 
7 1 15 83 53 
2 2 5 27 51 
17 4 20 161 13 
2 10 20 116 49 
16 18 17 206 63 
4 16 19 214 68 
18 10 14 93 68 
11 5 8 48 53 
12 12 17 219 67 
4 15 18 95 4 
6 6 13 213 26 
15 6 4 84 60 
16 13 21 233 68 
20 15 2 105 81 
20 12 17 198 7 
6 5 13 129 61 
11 1 1 115 67 
11 6 5 104 11 
8 3 9 203 15 
4 8 19 32 56 
11 15 8 109 17 
13 1 8 31 48 
2 20 7 173 7 
16 15 21 113 58 
14 5 17 133 52 
14 17 14 123 23 
8 1 13 150 34 
18 13 9 159 23 
1 4 7 142 20 
5 3 20 105 38 
6 13 15 218 46 
4 7 8 89 25 
5 3 6 48 75 
10 8 16 167 22 
2 7 7 173 59 
8 14 21 239 5 
5 2 21 166 63 
