500
6 18 15 812 79
11 20 18 62 63
3 3 4 320 91
19 3 16 731 89
3 8 4 561 60
18 7 3 1 25
10 10 1 525 27
19 8 13 179 40
3 20 9 355 2
19 8 5 839 6
9 2 19 752 55
13 17 3 246 77
19 1 6 253 87
18 16 15 168 75
6 7 20 728 43
1 16 16 44 54
20 4 8 486 22
6 8 15 465 37
10 13 11 85 25
9 15 2 334 99
4 7 2 6 91
8 14 3 348 93
3 17 8 727 97
12 7 8 383 21
1 14 13 98 62
6 13 15 325 68
6 15 10 589 68
13 19 1 419 22
18 19 19 529 75
8 14 8 192 58
17 20 14 330 2
11 9 19 147 34
4 18 3 827 90
11 17 4 555 74
1 7 12 622 25
5 12 3 866 62
7 20 16 410 50
8 19 6 951 49
2 3 4 536 41
20 2 10 451 91
3 10 2 751 7
10 11 13 688 24
11 12 3 165 58
3 12 16 753 30
8 19 12 480 96
2 6 20 447 66
20 11 2 602 42
1 2 14 396 50
13 17 6 890 65
13 16 9 310 36
20 17 5 779 41
14 1 4 27 90
20 5 1 646 53
20 4 3 222 63
19 10 2 787 54
11 12 12 329 83
20 6 2 651 54
8 18 7 13 100
17 5 1 896 14
5 10 3 38 58
10 18 16 572 81
2 19 15 967 76
12 18 16 58 57
19 6 17 273 15
4 5 20 115 21
19 19 19 573 25
13 12 8 828 32
13 5 12 142 98
5 7 10 415 92
14 18 17 895 63
10 15 4 598 15
20 15 13 83 71
14 6 15 127 19
19 10 5 439 94
8 17 5 587 31
9 18 7 193 91
4 8 13 904 61
4 10 5 797 43
16 11 13 367 37
14 6 18 870 29
14 20 17 483 2
3 19 20 740 8
6 9 11 634 33
9 3 14 203 50
11 3 17 88 77
6 10 17 358 63
6 9 7 1006 65
4 18 9 990 61
16 7 3 1024 31
5 16 3 398 86
9 1 18 695 50
2 4 11 470 5
4 19 13 106 67
10 8 8 693 10
7 6 14 126 62
1 5 4 80 73
12 9 5 941 93
7 7 18 991 66
5 10 10 706 2
20 9 3 422 71
5 12 2 361 26
7 20 10 538 27
9 8 13 747 22
13 16 14 882 63
7 12 13 629 60
15 20 3 459 24
8 4 11 331 70
3 5 19 1013 97
2 14 8 800 85
3 11 7 576 20
19 3 15 35 10
7 7 16 518 28
3 8 3 501 87
11 15 9 938 86
8 8 2 676 95
20 12 20 231 67
13 19 8 723 14
18 11 19 856 66
7 9 8 689 26
11 17 14 936 75
7 12 15 235 32
6 9 3 466 66
2 1 14 481 23
7 9 12 922 74
17 5 18 889 42
8 5 2 183 55
11 9 14 172 67
19 12 19 936 43
1 11 18 642 49
4 13 19 1005 19
9 3 20 62 22
15 11 10 588 91
10 8 16 332 72
13 1 2 351 78
18 7 14 529 87
5 10 8 726 17
9 19 7 948 35
4 18 15 725 48
8 19 6 368 89
13 7 15 388 96
14 14 18 912 99
19 20 16 663 71
12 2 15 777 16
11 15 7 128 43
11 12 10 773 19
12 4 1 726 4
15 6 8 295 95
12 1 4 551 16
20 18 7 591 22
16 13 11 789 92
9 20 6 2 78
3 14 19 515 32
8 19 14 383 27
17 9 11 651 4
12 9 1 971 21
17 14 4 5 11
12 11 14 660 68
14 10 17 298 28
9 12 15 488 90
18 11 16 755 20
18 7 5 780 18
17 3 15 799 73
5 2 15 687 33
6 15 1 882 8
11 15 15 853 32
3 10 1 860 52
14 5 20 99 33
18 9 11 240 23
18 2 5 600 68
17 19 1 870 75
14 10 19 807 3
17 7 20 38 62
2 14 8 1015 49
3 9 10 545 95
18 2 8 274 70
16 11 15 712 60
6 18 20 420 63
11 12 10 796 10
17 4 15 749 76
13 7 5 644 23
16 11 16 214 38
14 3 14 92 75
17 4 4 675 55
4 3 5 445 70
18 16 6 928 54
10 10 5 956 35
20 5 13 359 12
11 14 20 539 67
11 4 14 470 62
5 16 8 539 25
18 4 18 199 74
5 17 1 605 35
5 11 4 876 32
11 5 4 446 46
2 19 4 666 26
2 11 1 494 90
17 2 11 737 84
7 18 10 407 15
5 19 3 784 10
17 15 20 550 12
19 6 3 97 65
11 5 17 567 59
11 15 13 143 62
10 20 3 867 1
3 10 3 18 61
5 12 20 735 66
20 14 5 328 62
5 17 11 489 18
20 1 20 802 26
19 3 8 44 68
7 1 3 92 78
20 16 1 112 93
9 15 6 403 35
2 4 2 893 25
20 6 13 281 14
20 12 11 351 28
7 5 2 32 89
15 15 5 792 95
16 1 7 730 16
8 11 17 299 18
12 9 17 837 48
4 12 18 125 24
16 1 2 460 52
2 9 3 216 21
1 15 17 653 57
6 19 2 958 42
4 2 7 895 90
18 18 20 723 35
10 20 6 780 89
7 5 17 110 31
14 17 10 1001 75
10 9 2 721 87
18 17 19 831 45
6 2 14 675 61
2 3 20 84 17
11 20 4 275 37
12 13 12 669 58
2 9 15 538 25
18 20 8 135 18
19 9 13 33 23
12 3 10 941 44
10 7 20 602 74
18 9 6 85 13
7 14 3 615 90
5 8 16 353 86
3 16 7 43 19
17 14 20 114 85
5 18 11 267 99
13 14 17 145 80
9 11 16 284 42
18 2 17 985 25
4 2 11 123 34
20 2 5 750 44
15 8 3 773 52
1 14 14 912 6
6 4 20 10 63
5 10 15 64 73
18 13 5 456 60
17 4 13 1005 19
16 15 12 528 49
19 2 5 896 96
4 17 5 512 65
4 7 16 140 21
9 14 8 532 51
5 20 5 891 16
16 12 2 400 26
6 3 8 393 22
8 9 11 764 81
6 3 11 924 22
16 6 6 321 74
12 2 20 70 48
12 1 20 525 63
14 8 2 417 21
7 4 20 715 50
6 19 13 596 28
17 15 3 15 37
10 19 15 480 4
3 8 20 568 78
15 9 8 121 64
15 13 19 963 47
19 6 12 1003 76
11 20 10 129 79
10 16 18 924 21
12 1 7 1018 39
16 20 12 22 8
10 7 11 48 13
13 16 18 251 62
11 15 13 129 74
11 8 11 320 79
13 1 4 483 83
14 3 9 660 31
18 11 20 113 38
16 9 16 854 38
19 3 15 560 33
4 8 1 641 66
7 19 20 288 50
5 8 4 517 62
14 9 16 701 91
18 3 3 744 28
14 2 5 249 18
14 8 3 258 77
7 8 12 815 87
10 13 12 1015 55
1 7 20 389 15
12 5 20 465 96
20 8 10 141 66
9 11 8 738 43
2 17 5 1018 60
2 12 18 121 89
20 14 11 599 98
1 13 10 708 85
16 14 16 206 87
5 6 8 319 40
2 2 10 853 15
19 6 1 675 86
17 9 16 620 31
6 9 14 187 63
3 19 5 548 17
1 3 13 535 58
16 16 1 718 82
20 6 13 508 81
18 1 6 569 60
1 3 19 257 2
7 6 9 514 41
5 11 10 537 73
14 5 3 551 12
17 2 6 273 14
13 7 2 446 9
3 8 14 322 15
11 5 10 214 99
20 11 18 583 4
11 6 18 42 44
19 1 12 945 100
4 2 12 316 64
10 19 1 559 95
12 20 12 607 39
11 4 12 12 52
20 10 2 128 72
17 10 18 46 24
2 11 4 81 53
4 16 6 471 73
17 19 4 715 32
4 17 15 895 46
5 4 7 624 91
11 2 17 888 17
2 12 20 379 7
20 10 13 77 14
19 7 2 51 66
15 1 15 704 34
9 4 11 601 60
16 2 6 295 10
19 18 19 718 47
13 7 3 714 80
7 12 11 634 34
10 8 15 771 1
15 7 1 918 4
7 16 3 270 44
2 16 19 553 39
17 20 18 175 81
2 20 10 851 58
11 13 14 700 81
14 17 17 146 66
8 7 17 689 84
1 13 7 202 66
10 17 2 288 35
16 6 10 576 88
11 13 1 31 47
2 10 17 421 80
9 15 20 504 58
5 3 4 129 65
16 19 16 297 57
2 15 18 977 10
4 7 1 807 14
15 2 14 914 51
6 14 11 367 53
7 14 18 10 10
13 7 4 780 25
13 18 2 40 30
1 20 16 810 57
13 8 6 313 31
18 2 14 930 16
4 6 6 417 9
5 15 18 292 85
2 4 6 286 93
11 16 17 891 78
19 4 9 246 44
2 16 1 264 59
10 11 18 307 81
11 4 7 444 78
16 16 8 263 62
15 10 2 246 52
7 20 10 104 100
13 7 9 55 78
16 10 14 653 6
13 20 8 212 70
8 12 10 1028 28
19 18 4 628 100
6 12 10 793 46
18 5 16 511 96
19 6 6 884 86
2 2 7 266 48
13 10 2 878 72
18 2 7 125 45
13 19 7 694 7
20 5 11 151 95
9 9 2 63 5
15 3 6 711 11
16 3 7 928 15
11 11 8 655 75
6 4 12 217 76
20 7 19 485 27
10 8 1 856 8
14 8 13 1003 13
18 16 16 556 80
6 11 9 820 63
1 18 11 795 68
14 12 13 954 68
13 12 10 931 20
13 20 17 311 90
1 17 6 392 3
3 15 1 891 82
5 6 19 873 30
19 1 10 775 72
19 5 18 412 54
2 9 10 287 85
14 6 12 84 25
20 5 6 313 32
7 3 20 858 51
14 2 9 860 18
1 20 16 486 78
19 13 13 476 32
6 19 12 130 79
7 14 11 69 1
19 19 13 351 37
7 3 11 645 74
6 6 6 822 52
15 3 2 52 37
6 17 10 347 64
3 17 1 775 12
2 1 16 408 95
12 12 19 884 63
9 18 11 663 6
16 15 17 234 87
16 10 11 900 85
15 6 3 285 88
5 16 8 653 35
14 2 20 778 72
12 13 3 216 1
3 13 10 519 26
19 9 1 14 94
19 7 2 563 52
7 12 20 1030 49
8 2 3 951 56
2 9 1 119 37
18 11 5 965 49
9 1 13 999 10
8 1 20 243 29
1 18 2 99 92
10 11 4 12 18
9 2 14 597 27
19 15 6 804 31
6 9 7 366 92
6 8 4 887 55
6 8 1 300 61
6 5 5 807 71
16 1 7 616 58
15 15 1 84 30
13 1 20 477 15
12 10 6 634 54
17 16 13 749 88
1 8 18 844 89
3 9 5 67 57
1 9 2 522 29
16 6 14 794 9
5 1 5 805 9
2 9 11 114 37
8 4 16 14 3
20 16 16 1028 2
2 10 8 64 25
12 20 8 438 73
16 11 2 899 95
11 10 4 297 38
9 6 15 431 57
15 3 12 495 13
13 7 3 738 54
16 20 2 89 45
3 18 10 175 84
12 10 20 763 21
2 9 5 280 39
1 5 9 157 12
16 2 17 584 13
8 2 15 212 74
20 1 6 142 40
5 3 10 128 17
17 13 10 173 38
20 5 18 893 59
5 4 4 26 59
16 5 12 554 89
16 14 20 395 65
8 5 13 344 67
