100
1 18 4 994 7
18 9 6 686 8
14 12 9 803 15
12 15 10 977 5
19 18 15 922 17
6 2 13 520 15
20 3 5 1052 9
5 9 9 187 5
4 17 6 828 3
9 15 15 1046 8
9 19 14 402 9
10 15 9 833 7
5 18 12 398 6
9 9 15 257 13
18 18 6 210 4
18 1 11 1097 16
15 16 19 346 15
1 15 17 1075 9
6 10 1 73 17
17 6 2 956 16
6 12 3 102 7
9 9 19 600 4
16 4 16 333 1
4 5 4 318 13
17 10 2 171 11
5 11 6 195 4
8 12 10 745 5
13 20 3 749 14
4 8 6 951 15
9 2 12 212 7
7 16 14 775 7
2 10 14 365 8
10 6 8 956 16
16 17 1 971 12
14 5 13 478 18
13 19 6 167 1
5 12 9 862 16
7 3 4 1017 19
8 14 12 530 17
2 5 1 415 5
11 4 9 32 5
17 12 20 939 1
11 6 18 212 1
14 18 20 808 18
14 13 2 1019 8
10 17 11 257 11
16 17 16 125 18
14 20 19 415 2
19 13 18 776 19
1 4 6 752 13
17 18 20 356 15
7 12 17 923 16
6 20 17 871 5
18 11 5 429 10
6 12 18 881 17
8 10 1 559 4
9 1 18 1041 1
18 8 8 440 2
4 17 4 360 15
15 11 13 866 6
10 1 3 284 14
4 5 14 739 20
15 2 6 80 15
12 9 9 997 18
18 17 10 819 13
16 5 10 547 18
9 1 17 344 14
15 16 2 255 15
13 4 1 323 11
11 19 12 874 13
19 12 20 597 20
15 17 16 1106 1
14 17 2 798 17
10 18 9 716 13
14 15 4 961 10
8 4 13 223 9
19 7 16 406 9
2 5 5 597 5
3 16 19 490 1
1 17 20 395 14
17 6 13 1106 11
20 4 16 239 7
11 5 16 929 12
20 18 9 152 7
8 7 13 923 15
17 15 4 865 15
12 2 12 713 13
2 11 17 478 18
2 7 2 22 17
17 10 18 864 20
5 20 8 305 16
18 14 12 529 15
20 4 1 84 11
19 1 19 648 2
19 17 14 482 7
14 2 2 251 13
13 1 3 622 17
12 8 4 216 18
17 5 10 580 9
13 2 8 453 4
