50
8 2 11 152 10
9 7 7 252 2
3 12 10 78 1
11 6 13 202 10
14 12 4 238 1
13 3 6 176 5
14 15 2 175 4
8 1 2 79 3
3 1 15 44 5
4 6 8 93 6
9 9 13 118 10
9 13 8 96 1
14 11 5 202 6
15 9 3 231 6
6 2 5 40 10
5 14 5 260 8
12 1 15 264 5
3 1 12 50 7
14 3 7 75 3
10 12 10 70 4
8 10 13 137 9
11 7 12 123 6
3 7 14 145 3
11 3 8 87 3
5 8 2 117 10
1 6 1 179 2
13 7 11 152 5
12 7 10 118 1
7 9 4 205 4
4 4 4 20 8
15 10 5 174 3
5 4 4 214 8
1 15 11 129 7
15 5 14 124 9
14 2 7 63 6
11 10 3 98 5
4 3 2 86 10
14 12 2 216 6
13 13 10 64 6
9 8 2 107 3
1 12 3 228 7
2 4 1 199 3
10 3 10 228 8
5 10 15 133 1
9 9 8 133 9
7 12 8 257 5
5 7 10 113 1
15 7 3 84 4
15 8 12 75 8
15 10 14 175 4