50
19 8 13 110 77
17 12 15 33 23
5 11 10 19 64
4 9 13 40 30
4 1 15 23 39
12 17 8 78 75
9 15 6 6 4
6 20 9 95 92
18 7 3 31 31
14 9 3 41 25
14 5 2 88 35
3 2 8 72 28
20 17 20 148 69
3 13 17 3 56
18 17 18 111 7
13 7 12 11 37
3 16 5 44 100
20 2 1 47 29
12 19 17 110 98
18 5 10 78 19
10 5 12 111 24
2 15 18 48 43
16 15 20 58 10
13 10 19 114 71
20 12 1 128 46
4 3 15 16 82
8 17 11 5 36
5 2 11 94 9
11 9 15 67 23
2 13 11 123 93
1 12 19 103 43
3 19 11 91 67
13 8 16 91 22
11 18 10 128 8
7 15 8 116 16
14 17 11 136 35
20 9 2 99 32
16 20 12 63 59
6 3 6 42 60
19 9 16 18 83
13 18 16 18 46
3 5 1 75 37
6 17 12 118 97
4 7 14 100 28
5 14 17 117 76
3 4 3 71 68
3 4 13 74 99
12 14 11 84 75
12 11 19 107 84
17 6 11 54 24
