450
2 9 7 210 13
18 18 13 4528 5
8 16 10 1858 2
15 18 10 4352 5
18 15 4 1868 10
14 9 13 1636 10
17 6 4 1120 6
15 9 4 2639 19
4 17 9 2555 2
12 14 14 4336 14
1 5 10 2816 5
14 6 18 1577 8
14 6 9 469 12
6 12 20 4134 7
18 6 17 3650 12
11 3 19 2743 8
7 9 15 1984 6
11 9 15 524 20
2 19 17 492 13
20 16 19 1940 13
11 14 2 3951 19
17 12 14 1768 7
16 2 14 4462 14
14 4 1 2680 9
10 12 14 3817 13
17 17 8 4241 5
12 19 7 1285 10
2 7 12 2293 2
1 2 19 2011 8
1 19 4 957 10
7 15 1 1696 5
7 13 15 2085 15
13 3 13 1578 19
15 4 5 444 3
19 18 8 2498 16
20 10 18 2849 18
3 2 6 3981 15
15 6 9 268 5
14 10 8 4481 10
7 7 3 826 12
4 2 15 4391 18
15 4 4 1991 19
5 13 15 278 1
2 12 12 2121 5
2 11 14 2497 7
8 14 8 925 11
3 1 13 2828 9
17 6 17 3916 9
2 18 16 3172 10
12 6 11 1233 5
6 7 9 1384 11
9 19 16 3056 18
16 15 19 2609 16
3 20 15 3450 1
6 17 15 2593 13
16 9 12 4724 6
1 19 13 1073 20
15 13 5 4158 10
20 15 17 2388 4
17 20 7 1524 11
7 18 14 2934 8
4 14 20 3596 3
4 8 17 4439 1
18 2 15 3488 14
14 6 2 1877 4
15 2 12 4612 16
3 12 19 308 16
3 11 15 1259 5
2 5 3 464 11
12 6 14 1897 16
6 9 20 4477 10
8 4 6 3243 8
20 14 14 2668 2
2 11 1 2677 10
15 19 3 2649 10
14 1 8 1035 2
9 6 4 3233 17
14 1 14 2330 6
2 1 3 4617 10
3 8 5 3405 7
16 8 11 3617 8
9 19 5 1945 17
15 2 9 92 7
4 12 6 3461 16
11 10 2 940 9
15 2 5 2748 3
14 3 15 3346 3
3 17 2 4260 3
16 17 1 4614 19
6 6 1 2428 16
14 5 9 3595 5
5 3 20 1233 5
17 9 16 4569 16
19 11 18 1804 5
10 17 7 4039 6
20 14 17 3697 1
19 13 6 4225 2
17 8 19 1979 1
14 10 14 1237 6
20 17 9 3352 14
6 8 2 1818 6
20 8 7 1415 11
17 8 11 508 20
15 18 13 695 7
4 4 14 4418 18
2 4 2 1990 18
3 19 17 3780 7
11 13 16 1628 6
11 10 14 699 5
8 9 15 3884 18
1 6 11 2749 5
11 15 7 657 10
5 11 18 4518 8
20 15 4 2468 13
15 5 2 427 9
18 9 1 282 13
3 17 14 2083 11
20 14 15 3771 6
18 11 6 2452 8
19 18 4 3003 6
8 9 6 3585 5
1 13 4 2334 16
14 1 16 3315 3
16 9 8 346 2
11 16 3 4324 16
18 8 15 2143 18
18 19 14 2334 4
9 3 9 987 18
9 8 6 3283 13
3 20 16 2795 17
13 8 14 2022 14
8 12 7 4009 8
4 1 2 3390 15
6 17 16 2643 19
3 17 17 3696 6
7 3 20 1024 9
13 20 18 4325 13
11 15 18 1679 19
13 17 14 1933 15
16 16 19 3000 14
6 15 16 970 8
18 17 2 241 9
2 3 16 2422 16
4 16 2 2189 2
8 17 4 3390 1
2 19 9 4434 20
3 15 7 1166 9
5 20 5 495 12
1 15 1 2738 16
12 5 5 415 5
13 15 14 2852 16
13 14 9 774 1
16 20 9 2302 19
18 5 18 4046 13
8 6 5 4474 17
20 19 3 3036 15
15 9 2 2845 14
20 17 10 1572 13
18 14 7 3123 3
2 14 2 1183 11
11 20 16 4143 18
15 9 10 4689 9
4 14 3 3837 8
5 8 15 3461 20
12 18 13 3719 6
17 4 9 3817 11
9 4 3 3987 2
8 9 7 620 14
11 7 20 2379 8
1 15 5 182 14
17 4 10 4661 4
17 14 20 107 2
19 1 10 3883 17
12 6 11 4256 7
12 10 15 1620 13
11 20 16 3383 2
5 12 5 3372 8
18 10 18 1554 2
7 2 13 983 7
19 19 2 1944 8
16 1 14 3468 4
5 15 12 4666 16
6 1 9 76 3
16 15 3 4689 14
5 8 8 1287 4
3 3 20 4610 7
12 17 4 514 3
13 4 17 4298 12
12 15 17 4299 19
7 19 19 708 7
11 2 10 3311 15
18 16 5 3361 1
18 12 1 3486 5
10 9 9 2195 12
4 15 12 2916 16
14 1 3 2175 19
17 15 18 148 16
10 6 11 2531 11
5 19 1 2706 18
7 19 5 3445 17
1 20 7 4226 2
19 13 7 2764 2
7 13 16 721 17
2 3 20 2302 6
8 5 16 3628 14
1 7 7 4554 2
11 17 3 595 3
6 1 11 2606 4
9 19 1 4151 8
18 17 17 3386 3
12 8 7 3308 15
15 12 12 3073 18
9 6 20 3049 15
4 11 2 4310 11
11 14 11 1491 17
8 16 12 1389 13
15 11 9 2144 9
9 3 13 2704 7
2 14 3 3387 4
1 7 1 4374 13
4 3 12 2005 13
9 10 19 4117 14
5 6 6 1913 12
1 3 14 73 20
1 20 18 3858 1
20 1 18 883 14
7 1 10 140 10
4 19 12 1003 19
19 2 17 2606 1
5 18 17 291 20
12 17 6 3422 5
3 8 7 2164 11
4 15 7 2614 20
7 12 13 1649 11
15 12 8 2009 6
12 19 3 861 14
9 6 6 2281 19
2 1 16 2982 8
19 17 9 1589 10
20 5 4 608 18
16 3 16 1713 6
16 7 2 2234 20
8 7 14 1770 2
6 10 14 2774 6
15 6 5 3926 20
13 10 6 664 7
3 2 17 2232 2
10 16 1 3595 20
5 13 18 2877 14
8 4 14 3572 7
6 17 12 1608 2
10 2 8 4188 9
15 19 3 2144 20
15 17 9 1715 20
9 7 12 4646 3
12 13 17 724 15
10 1 17 3917 14
5 20 20 3315 15
18 14 4 907 14
1 7 17 1549 16
16 5 1 1181 12
6 9 11 2679 13
3 9 3 2745 15
20 2 1 1621 8
19 8 12 919 13
7 1 18 478 1
10 9 12 1593 11
6 10 1 1244 13
10 9 4 570 5
19 16 13 908 4
7 13 8 103 13
5 6 10 1330 1
17 14 6 2262 18
17 17 15 1422 16
13 9 6 4130 18
19 9 13 76 11
19 2 16 2403 7
12 11 1 3459 7
14 12 6 4703 11
5 13 18 3624 6
19 4 1 2254 18
12 18 18 4304 14
12 14 3 2294 12
19 16 6 4593 14
3 2 3 4650 8
1 13 18 1290 5
1 13 3 832 18
14 4 6 3388 8
13 14 4 3634 2
13 14 11 4196 4
18 6 3 1144 13
4 19 8 718 8
13 19 4 3283 14
17 19 14 207 6
16 16 11 3898 7
19 20 19 4661 16
15 8 7 2975 14
4 19 7 4188 1
18 3 17 1765 4
5 13 13 165 12
17 17 2 2737 20
16 7 15 3235 19
17 11 17 2746 6
9 10 7 1819 13
13 11 19 3855 3
13 19 14 1040 12
17 2 6 3779 16
18 16 17 4291 7
9 12 1 2931 13
4 3 13 3033 11
4 18 20 3847 14
5 18 15 946 14
18 14 1 415 10
4 19 5 3741 5
1 20 1 2752 11
17 9 19 2691 14
1 9 2 3869 4
3 17 4 702 7
7 8 11 674 11
11 6 12 4314 9
15 11 18 3549 14
7 13 4 4459 4
10 7 6 1177 13
9 20 3 889 1
1 9 13 870 10
9 7 5 1760 16
1 10 19 3078 19
10 14 1 2962 7
8 2 18 36 10
10 11 6 947 18
20 20 13 4628 9
7 14 12 4051 8
13 14 13 2130 11
17 2 16 425 8
16 17 4 4451 20
17 8 5 2110 9
19 15 11 652 17
20 12 3 3004 2
2 12 15 3439 13
20 9 6 1469 4
20 11 8 3783 14
15 2 5 3023 12
5 14 12 1636 17
18 3 4 2570 9
10 14 1 3039 5
13 8 15 2481 2
19 9 14 540 1
19 17 3 321 6
20 2 1 1844 16
12 14 13 1637 4
13 4 6 2747 8
16 14 1 2484 19
8 5 19 1123 1
4 11 18 2302 7
13 16 10 1350 8
17 15 20 112 20
14 9 16 3422 9
4 10 16 1126 17
16 2 6 3231 18
20 8 2 309 13
1 2 18 3122 2
5 5 5 3728 9
1 6 12 2763 2
6 19 7 1128 18
16 20 15 356 7
13 10 7 893 3
13 8 4 2559 15
13 11 18 181 11
8 4 3 2216 18
2 8 16 1451 20
7 5 8 826 19
16 3 20 1423 7
5 4 13 2150 9
3 19 14 1596 17
17 17 12 2227 10
1 4 4 4468 3
18 9 15 2723 20
11 15 13 2643 12
12 11 13 2139 15
5 20 10 63 18
9 16 13 4071 13
18 11 20 363 12
13 5 10 2790 15
4 7 3 4409 2
3 7 6 3664 13
12 16 5 1766 14
9 8 3 1656 12
15 10 1 1464 17
12 6 6 352 14
4 7 12 978 8
15 10 9 197 12
6 6 4 3255 13
6 5 7 505 18
12 8 8 3581 12
19 14 14 2731 20
2 14 16 3311 5
7 16 9 2186 11
17 3 20 2913 16
2 20 2 909 3
11 1 16 1484 17
20 9 1 145 7
6 17 3 1324 14
3 11 6 3227 20
18 18 6 651 4
3 13 12 3153 19
17 18 18 1030 2
20 11 12 2625 19
17 5 4 556 4
3 6 14 2579 10
18 4 10 3095 19
6 3 2 38 13
15 14 3 107 9
11 15 12 769 19
7 13 10 1769 9
14 18 3 3647 6
15 19 19 526 5
1 1 1 1227 14
3 17 14 4068 4
5 12 4 2231 3
11 3 6 3885 4
12 5 1 3068 10
17 19 20 3012 6
9 4 8 1592 18
6 12 5 2382 20
8 10 14 686 13
8 12 5 2810 2
16 12 18 1631 13
13 9 3 4562 4
13 1 4 1800 12
18 4 16 3937 4
20 17 5 1070 8
1 17 11 284 16
6 2 18 1214 15
2 8 7 4678 18
16 20 8 3447 6
10 2 13 567 3
11 1 10 1052 11
1 8 19 1796 8
11 16 16 1489 6
7 10 8 4551 11
5 9 18 589 20
14 19 18 3788 16
3 5 11 4174 8
18 3 19 761 13
12 4 20 781 9
8 20 6 3398 9
4 20 6 2861 15
17 5 4 3095 6
5 3 11 3703 1
1 10 12 527 1
