300
8 15 4 1119 4
14 3 7 246 3
14 12 11 808 4
7 6 15 531 4
11 6 7 344 7
12 13 2 1353 6
9 9 11 1203 1
4 1 14 180 9
15 9 12 120 5
8 1 4 1157 4
14 3 7 648 5
3 6 15 262 10
10 13 2 982 3
2 12 2 207 2
12 1 4 1144 5
15 3 15 662 5
15 5 11 347 10
14 13 4 212 3
11 3 4 1276 5
1 12 15 951 1
14 8 2 823 6
11 7 14 1309 4
9 3 1 884 4
7 15 2 1354 2
11 14 13 464 2
12 5 14 706 7
12 9 11 564 10
9 8 3 891 10
10 14 5 609 10
5 2 4 882 10
1 4 2 753 5
9 2 2 830 4
7 5 13 128 4
3 5 11 1234 4
8 13 7 823 8
9 12 9 810 10
13 7 4 351 8
6 10 2 757 7
8 9 7 822 10
13 6 14 703 6
13 7 5 1066 8
7 12 1 1064 4
8 11 5 222 7
14 10 5 843 2
6 11 13 698 5
1 6 10 1250 4
15 1 8 67 6
1 4 14 715 5
5 1 9 693 5
9 7 2 42 5
2 4 9 1019 6
10 10 13 424 8
14 3 14 194 6
14 5 2 884 6
9 2 8 738 2
11 3 8 1157 5
14 14 13 575 7
6 2 11 1323 3
7 14 4 1083 3
14 1 9 806 5
1 11 2 319 4
15 1 14 1063 5
7 3 2 1135 5
11 6 1 963 7
13 8 7 815 10
8 13 7 752 4
8 10 1 994 10
6 15 4 1009 4
1 9 1 210 4
5 11 13 379 1
15 1 15 1330 7
7 10 8 252 7
1 6 5 884 10
8 1 11 1065 4
10 7 14 532 3
13 14 3 279 5
5 11 4 763 6
6 7 7 739 6
3 7 9 379 3
9 11 10 1178 5
15 13 15 1097 3
9 5 3 580 5
12 1 13 1103 3
13 8 11 479 9
6 11 12 89 9
14 9 6 1355 6
1 7 3 186 2
9 14 3 843 6
2 8 3 1068 3
2 2 8 45 9
5 1 5 1166 3
4 2 7 126 4
12 10 8 758 8
6 1 14 1148 9
5 2 7 1053 6
8 9 13 1298 3
15 12 13 654 3
4 7 10 1194 1
8 15 2 670 4
4 9 14 665 4
3 1 6 414 1
12 6 12 1091 5
6 1 13 826 8
4 3 5 1384 8
9 1 6 473 5
5 7 10 105 4
3 6 9 684 4
14 4 2 221 6
4 6 10 1211 10
3 3 13 70 7
13 11 12 1290 9
4 3 2 26 4
15 5 12 720 10
15 9 8 762 4
6 7 11 1305 2
10 10 7 337 8
12 9 13 36 6
11 6 8 389 10
6 13 9 1326 2
7 5 11 389 4
6 9 1 1051 5
13 2 12 1185 1
5 9 9 882 9
12 10 1 180 2
3 13 10 769 10
7 4 13 1349 3
8 4 3 337 3
11 13 7 104 8
3 1 12 724 8
13 11 12 411 9
14 15 11 269 4
3 14 15 1126 5
2 12 5 414 6
8 2 12 1186 3
3 1 12 922 10
6 3 4 811 4
13 14 6 1331 1
10 3 8 851 10
6 7 12 1188 6
4 1 9 322 4
9 6 1 786 10
13 3 4 184 4
12 4 10 241 5
3 2 14 1125 8
6 8 4 1245 6
5 4 1 377 8
10 11 1 1055 2
3 2 14 1187 10
9 5 13 345 2
6 15 15 184 10
6 15 4 1405 6
7 13 5 944 4
13 14 8 658 8
14 2 8 615 6
9 12 2 633 9
3 5 2 639 7
8 9 14 863 7
10 14 5 1082 8
3 9 1 1254 2
8 1 9 406 2
6 11 15 1173 6
2 3 6 913 3
8 14 14 88 7
2 12 1 123 6
4 9 15 1078 9
7 12 12 497 3
8 11 5 752 3
2 15 7 1135 3
13 15 3 1396 3
14 11 12 736 10
8 1 6 148 8
6 9 3 612 7
8 2 3 371 2
15 10 14 998 9
9 4 8 1051 1
5 4 9 911 1
1 11 10 846 7
9 15 10 729 2
2 5 1 940 3
15 8 4 1260 10
11 3 9 1126 2
11 7 2 1343 4
13 9 9 1406 10
10 14 7 687 9
5 9 14 48 1
4 6 2 786 3
8 11 4 1174 10
2 15 11 648 1
13 13 13 1232 7
10 5 10 714 1
2 11 7 1378 3
4 13 9 1404 8
11 8 6 288 8
3 3 15 1080 1
2 5 5 1291 10
10 11 9 1119 3
4 4 14 425 9
1 3 14 1091 8
8 2 11 990 2
6 14 13 185 3
6 14 1 1182 3
12 6 12 864 2
12 9 4 1332 2
1 5 1 465 9
1 7 14 623 6
10 12 10 710 2
3 13 13 180 7
7 2 4 463 8
5 2 10 622 4
13 3 2 573 7
4 8 11 1369 1
10 1 1 288 5
10 15 15 722 10
1 8 2 649 7
14 11 10 336 9
9 12 7 655 10
9 12 8 820 2
3 12 7 1272 6
11 1 1 592 3
8 11 4 76 6
1 11 5 812 4
2 3 3 156 9
14 14 6 878 5
9 15 6 850 1
13 11 15 47 3
13 3 5 88 3
8 11 4 1188 3
7 14 13 1252 7
7 8 5 132 6
4 4 6 141 7
12 7 10 703 7
13 8 3 208 5
5 9 10 1019 6
4 6 15 1274 3
2 4 14 361 3
11 3 10 379 10
12 15 10 148 2
9 1 14 652 2
9 9 11 976 3
10 4 4 651 5
4 4 1 1257 9
10 7 15 1330 1
6 2 1 82 8
14 14 15 861 10
15 8 6 621 7
4 2 8 345 3
6 10 6 808 2
10 6 9 292 7
5 8 6 1090 4
10 1 14 146 8
5 8 15 168 3
12 7 11 1340 3
14 11 14 125 5
6 10 14 737 5
14 2 8 444 3
10 1 10 987 1
12 13 9 1039 10
4 10 13 1056 3
5 13 14 1209 7
12 1 4 802 9
14 1 15 813 10
9 8 4 1021 10
13 15 7 358 5
11 14 1 149 9
13 2 15 175 6
6 3 12 438 5
10 2 6 138 8
2 7 2 117 3
12 10 6 1373 2
12 4 11 765 10
5 5 9 656 10
11 15 15 783 8
6 2 13 558 7
11 6 4 378 5
7 10 6 377 9
10 10 14 1202 9
3 12 4 514 8
9 14 5 641 7
1 13 14 585 6
12 2 5 900 10
13 10 9 1051 5
6 10 14 188 4
2 5 10 1114 7
12 1 1 725 6
14 10 5 1322 2
6 10 5 670 1
14 2 6 1320 9
7 5 4 203 7
4 1 4 1170 8
1 9 1 66 1
14 6 8 1000 2
4 7 13 293 2
14 10 8 367 10
13 2 6 854 5
15 15 3 250 2
15 14 7 397 1
5 1 15 1295 8
3 6 8 941 4
6 4 6 1288 3
11 12 12 644 3