400
1 4 8 1279 3
3 9 7 847 2
1 9 6 1307 1
6 4 4 460 5
1 8 3 1850 3
1 8 6 586 1
1 1 6 1432 4
7 8 3 785 3
5 2 8 243 5
2 2 9 123 1
7 3 7 1543 2
1 2 10 1665 4
5 2 1 1120 5
9 4 5 871 4
10 10 4 1057 3
10 9 9 164 5
7 1 2 454 4
4 1 10 1064 4
6 9 6 1705 2
3 4 3 133 2
10 6 2 931 1
6 8 5 1688 1
5 1 1 1623 5
5 1 8 100 1
7 10 2 725 5
2 5 3 1863 5
6 5 10 314 4
3 7 8 593 1
5 9 2 1964 3
7 10 2 1112 4
7 10 5 1390 4
5 5 4 1480 5
4 3 5 1739 1
7 9 2 2011 5
7 10 3 2202 5
5 8 8 266 5
9 8 8 659 2
10 4 5 1118 4
6 3 6 1444 3
10 1 5 1508 1
8 9 10 484 3
5 7 3 1927 4
7 8 8 1826 2
5 9 8 201 5
8 6 4 1569 2
2 10 9 800 3
7 2 6 569 2
1 4 5 2075 2
8 8 4 1206 3
5 6 4 1853 3
4 8 10 2063 5
3 10 4 871 2
2 8 7 1842 5
5 1 1 147 3
3 9 8 67 2
1 6 4 1337 5
5 2 7 89 3
3 4 8 1210 5
2 7 6 1125 5
5 7 1 226 4
5 2 8 1109 4
8 7 3 1771 1
8 4 5 449 1
1 2 8 639 2
9 2 8 627 5
6 7 10 1514 4
3 9 1 2119 3
7 8 8 1035 3
5 1 2 894 2
5 7 5 2217 5
10 1 10 1468 4
2 3 4 2186 1
8 2 4 2155 5
8 10 1 822 2
4 3 2 1554 1
6 3 7 1646 3
2 1 4 780 4
7 7 9 85 5
4 6 5 1522 5
7 4 2 1491 2
9 3 5 1145 1
4 10 2 422 1
7 8 6 1910 1
3 8 1 735 5
4 5 7 385 1
9 10 7 664 4
10 6 10 2173 1
8 9 7 1255 3
10 7 5 144 5
5 10 7 1309 2
4 7 10 1377 1
1 7 8 464 5
5 4 5 2108 5
8 2 7 2048 1
2 6 10 335 5
6 6 3 2097 3
2 4 6 33 1
9 8 8 404 2
9 6 4 478 3
3 2 4 117 4
3 8 7 1292 1
5 2 9 1106 3
4 9 1 2137 4
2 6 5 702 4
5 7 3 1512 1
9 6 6 220 4
10 7 2 580 4
7 7 2 161 5
8 9 1 619 3
9 10 9 1428 5
7 3 10 1818 2
3 8 10 1825 4
7 2 9 33 2
3 3 7 1257 4
4 3 5 1942 1
8 2 3 673 4
3 1 1 1487 1
6 2 5 370 2
10 4 9 448 2
5 9 7 896 2
3 10 2 323 4
10 4 5 1006 5
5 2 3 1611 1
6 1 1 1329 3
9 4 2 1206 1
1 5 3 447 4
3 3 1 2043 4
8 1 10 38 2
2 9 4 2050 2
7 1 4 1961 2
3 3 2 2065 1
1 7 1 1521 2
9 4 9 51 2
3 5 8 1415 1
5 2 2 1953 2
5 4 3 488 2
1 9 7 1278 4
9 8 7 942 5
7 8 6 66 3
1 5 3 1991 3
9 7 6 613 5
3 10 4 1149 3
5 3 4 269 2
8 5 6 1487 5
7 2 9 1385 2
6 7 8 88 2
5 9 4 1513 4
7 10 1 1737 1
3 7 7 1278 1
4 8 3 1508 5
3 1 5 860 5
6 8 5 1214 3
2 10 1 1760 1
2 7 2 751 4
6 6 3 608 3
2 2 6 1429 1
8 3 8 165 4
8 1 2 1122 2
6 5 3 305 1
2 3 2 24 3
1 3 6 46 5
10 4 10 1275 1
2 5 8 1954 2
8 5 9 2079 3
9 2 8 499 2
8 9 1 1026 1
9 10 8 160 5
6 1 2 670 1
9 2 6 1731 2
4 9 9 1376 1
6 3 5 1699 5
10 3 2 1489 1
5 3 1 1573 2
1 4 5 1209 4
5 10 5 206 4
10 2 2 1291 5
1 5 8 779 3
1 3 4 518 3
8 4 9 35 1
5 10 8 2194 4
8 7 8 1330 4
7 4 2 311 1
3 4 4 1043 4
10 9 4 1903 3
10 5 4 1768 2
6 10 4 1680 5
7 4 3 320 5
3 5 8 1962 1
5 8 2 606 3
8 3 3 107 5
6 4 2 2141 5
2 5 3 2014 2
6 4 8 1103 4
1 6 1 1539 1
8 6 9 2039 2
5 10 3 1865 5
8 4 7 563 2
3 4 3 1170 2
8 10 1 349 4
8 2 8 445 2
10 3 3 562 4
9 1 2 1355 4
3 9 9 1784 2
6 3 3 1872 2
8 1 6 1220 3
1 8 10 817 5
6 9 5 432 4
3 10 10 1184 3
3 9 10 295 3
9 1 6 324 1
1 2 1 552 3
1 5 2 497 5
10 5 10 672 1
9 3 3 928 2
3 8 6 777 1
7 7 3 677 3
3 5 7 1901 4
8 4 5 1297 2
10 7 7 764 2
6 3 1 423 2
6 2 5 1251 3
9 8 3 1355 3
2 4 8 866 5
9 10 2 822 3
7 7 9 1873 1
10 2 7 2032 4
5 1 10 1667 3
9 6 7 553 5
1 4 6 1891 2
8 6 4 860 1
9 5 3 1162 4
10 10 8 1537 1
4 2 3 2187 1
5 9 9 2112 3
9 3 9 745 4
10 1 8 1486 3
6 7 7 1620 3
4 7 7 2211 5
5 10 5 1206 1
5 5 9 1534 5
10 5 2 2214 5
9 6 1 1966 3
10 5 2 1906 3
3 8 10 698 5
9 8 8 796 3
7 9 3 1598 2
6 7 8 350 3
2 10 3 2104 5
6 5 5 871 5
6 9 2 292 2
7 4 4 831 4
10 1 8 574 5
2 3 10 442 5
7 3 2 1040 1
6 9 1 1618 2
6 4 3 1420 4
2 5 7 1696 3
4 9 8 209 2
5 2 7 1504 5
2 8 6 1986 5
5 5 1 579 1
9 6 6 793 3
5 6 4 696 4
8 5 4 1995 2
6 1 1 1933 3
9 6 5 2098 3
1 10 9 689 4
4 8 2 163 5
2 8 5 1639 1
1 4 9 1229 2
5 8 6 1901 1
8 7 7 1555 3
7 8 8 913 3
1 9 1 1276 5
5 2 7 1054 5
8 8 5 1350 3
9 1 2 1666 4
2 8 7 1457 1
4 3 10 1865 4
10 2 8 2147 1
9 1 4 1845 4
5 4 4 104 5
9 8 6 1018 1
8 4 1 465 4
2 9 7 1905 3
1 4 10 225 4
3 3 9 532 5
3 4 7 1182 3
4 7 6 689 2
8 1 8 1714 1
8 6 5 1488 1
2 5 7 2072 2
1 10 4 2141 2
5 9 8 1488 2
3 7 9 546 5
4 6 4 1464 5
9 1 6 1706 3
5 1 6 41 2
7 1 7 15 5
5 10 4 2054 2
8 10 9 1785 3
9 5 1 2092 1
6 7 2 712 5
4 6 2 194 1
9 7 6 1437 5
4 8 6 1359 5
8 3 4 2216 2
1 5 1 1541 4
5 8 5 552 5
10 1 6 2088 3
4 6 10 1285 2
8 2 10 362 1
2 2 9 17 5
10 2 10 1927 4
8 1 2 520 2
3 9 9 2103 5
1 8 8 1203 4
4 6 10 1457 5
5 2 2 284 3
6 3 2 2077 2
2 1 1 1222 5
4 2 5 2153 2
7 9 2 364 5
10 8 5 1867 1
1 8 8 1481 1
9 6 8 1727 4
1 8 6 1488 2
8 2 5 335 5
9 1 5 542 1
1 6 6 1913 4
5 1 9 741 5
5 6 10 1061 3
5 1 1 1576 1
9 10 5 1126 4
6 2 1 1095 4
5 5 5 286 4
6 6 2 515 4
5 10 6 1401 4
2 10 7 1096 3
4 7 5 409 1
9 6 7 1207 5
4 3 2 972 4
4 7 6 1000 2
10 10 5 36 1
7 7 1 1401 1
1 5 9 974 3
1 9 8 914 4
7 1 8 207 4
7 6 8 1050 4
2 2 10 2217 1
4 4 8 1396 1
9 1 6 528 2
10 7 3 92 5
3 5 8 1148 3
10 3 9 2079 2
8 8 2 660 5
4 6 1 1226 5
8 5 8 1096 4
3 2 10 2105 5
9 10 7 1425 4
8 10 7 1553 1
5 9 1 1756 5
5 1 4 2156 2
4 8 3 156 2
2 4 9 555 5
2 9 8 851 5
10 2 10 1444 5
1 2 7 2070 2
6 2 10 793 2
5 10 5 1542 4
4 3 3 165 2
3 9 1 1048 2
4 2 9 1380 1
3 6 1 56 2
3 1 5 168 5
7 10 9 1161 3
8 3 9 1807 2
10 6 2 377 1
3 5 6 180 2
8 9 6 1717 2
6 2 6 1419 3
10 7 7 427 3
2 1 5 196 2
1 6 2 500 1
3 6 6 1880 5
6 6 5 1308 5
6 3 10 1192 4
6 6 3 851 3
8 6 6 744 5
10 3 8 1770 5
6 3 3 1729 3
10 6 10 2138 3
5 6 7 84 3
7 4 3 1313 1
8 6 2 1692 1
6 7 9 892 5
1 5 7 80 1
4 1 5 1898 2
8 10 1 1456 4
4 5 9 2071 2