250
13 4 7 976 4
15 4 11 631 9
3 3 7 98 4
5 1 3 1021 9
13 5 15 849 1
9 11 2 584 5
7 13 4 105 6
5 10 7 28 6
3 9 1 619 6
6 12 15 528 9
12 1 13 179 5
13 12 1 690 10
6 7 1 462 5
13 2 1 25 1
7 15 15 425 9
4 7 3 522 3
11 13 13 340 1
6 11 8 203 3
5 14 15 826 6
13 2 6 438 7
11 14 6 205 1
2 11 7 1108 2
4 13 1 1110 4
9 4 4 941 1
5 1 1 140 2
7 10 6 342 9
5 8 3 551 5
10 14 15 1018 7
5 15 15 730 2
2 4 14 847 1
1 10 14 497 9
8 12 8 1050 6
11 6 7 797 2
2 13 9 1144 8
10 10 2 344 1
7 2 8 1157 9
2 11 6 808 8
7 7 7 411 3
13 8 4 580 8
9 3 10 913 9
13 13 3 797 3
10 6 4 559 8
7 9 13 746 3
7 11 3 495 1
1 8 5 45 7
8 8 13 667 10
8 9 2 507 3
4 6 9 413 8
15 1 10 767 8
5 6 8 810 3
15 15 2 620 8
10 7 5 412 4
2 8 4 332 10
6 3 11 1123 9
5 13 6 101 6
12 3 6 440 3
7 2 1 162 5
10 13 5 327 5
13 13 9 154 7
11 11 10 790 1
7 6 15 1047 6
9 11 5 782 2
3 8 3 603 4
5 2 10 327 5
15 11 11 236 1
8 9 10 858 8
13 15 14 337 2
8 10 8 929 8
14 1 4 474 10
5 15 1 646 5
11 10 4 197 6
3 9 10 188 5
1 15 7 326 10
14 8 5 1129 1
8 4 5 178 8
12 2 10 682 6
3 10 7 235 7
10 14 9 731 5
13 6 8 788 8
1 10 12 1098 6
11 12 11 97 2
6 5 4 687 1
10 9 11 628 1
2 14 12 178 2
10 15 11 450 5
1 10 13 617 4
9 7 7 833 5
5 14 3 413 6
14 6 10 143 9
10 13 15 157 4
9 15 11 468 2
11 5 3 1162 3
9 9 2 284 6
11 8 9 561 4
14 13 4 1103 9
9 11 15 472 10
10 10 14 793 8
12 1 8 102 7
7 2 13 430 4
10 15 14 994 9
14 2 14 555 5
12 9 13 783 4
15 14 2 653 4
11 5 1 652 9
12 3 7 1036 9
6 10 3 54 8
7 1 6 614 10
7 2 4 631 4
7 3 12 823 1
11 9 3 70 10
6 14 13 940 10
3 5 12 558 9
5 8 14 1162 10
8 3 5 597 1
1 5 13 700 4
7 2 6 189 7
9 3 12 152 2
3 5 11 25 10
8 2 10 439 2
4 6 6 993 8
5 14 11 412 3
4 13 1 209 2
11 7 14 288 7
3 9 1 1096 7
9 15 9 509 7
3 13 5 1085 6
4 1 7 1105 10
10 2 8 761 9
3 9 14 61 2
10 4 12 967 8
14 2 12 575 6
12 3 7 702 5
4 6 12 286 4
13 7 5 148 5
1 6 9 749 1
15 12 10 650 10
14 3 2 1082 6
3 13 9 647 4
7 6 2 956 2
1 15 6 983 6
3 15 7 310 8
13 7 15 499 8
3 5 5 716 9
1 11 7 334 10
6 10 11 556 7
9 2 3 602 2
13 12 4 838 8
7 14 9 589 10
11 13 7 392 7
12 6 12 1172 9
14 11 12 300 5
4 7 4 991 5
2 7 14 1031 5
15 3 9 85 8
8 3 12 1063 2
10 4 3 960 5
11 9 9 104 7
11 5 5 656 7
8 10 2 1147 2
4 4 12 1085 10
15 13 15 76 5
4 14 8 980 8
7 2 4 1107 6
3 7 10 158 2
7 2 2 568 10
7 2 4 121 5
5 7 14 966 6
13 3 15 595 9
12 7 4 808 2
8 9 12 875 5
13 12 6 298 8
8 14 8 846 7
6 1 15 266 9
8 10 9 1073 8
4 11 6 711 2
7 4 12 585 1
9 8 15 1028 5
4 4 12 1111 6
13 9 12 785 3
2 8 15 141 3
2 14 10 1008 1
6 12 13 1099 1
5 9 6 985 4
8 10 1 873 9
1 3 11 913 10
14 2 9 391 4
4 9 13 918 7
6 12 12 409 4
7 1 8 1094 5
11 8 1 1147 7
14 7 1 624 2
12 1 14 582 8
10 11 2 863 4
14 13 9 1154 8
12 4 8 692 8
2 14 7 115 1
5 6 10 719 6
8 8 13 1060 5
1 14 3 667 3
15 15 5 617 5
14 7 5 218 9
9 3 11 610 2
10 14 15 1089 9
7 4 5 778 7
8 9 2 442 10
9 2 5 442 1
14 3 13 185 4
1 5 4 416 4
3 10 14 368 5
13 12 9 655 10
12 8 14 729 5
1 13 4 1038 7
10 2 5 458 3
7 5 11 224 9
10 5 1 42 2
12 4 5 1011 8
6 2 14 952 8
4 2 6 749 4
8 4 15 689 5
15 6 3 989 2
8 1 14 1134 1
5 8 4 219 7
7 8 13 496 9
6 1 9 211 5
13 13 12 333 8
9 9 9 449 9
6 4 8 341 7
3 1 2 1025 8
3 3 15 274 10
7 13 5 302 6
9 2 10 49 8
4 13 9 530 3
11 11 4 725 3
7 9 2 609 8
5 8 9 1017 10
1 14 15 419 5
11 7 13 170 5
7 2 12 405 9
11 7 1 1128 1
9 3 3 1165 1
6 1 2 775 9
7 11 8 593 4
12 8 3 665 10
12 10 8 1158 5
4 14 9 736 7
1 3 5 842 7
4 1 8 899 9
14 4 12 984 5
10 10 2 320 3
7 13 1 702 8