350
2 8 15 708 88
13 7 3 644 6
8 7 9 339 97
4 12 13 540 74
17 1 2 213 84
5 8 6 221 24
17 12 20 555 95
7 1 9 472 64
8 19 13 76 4
17 20 18 31 12
19 19 5 506 57
19 6 2 384 98
7 10 13 678 26
8 14 2 392 93
8 20 13 680 94
11 18 2 190 29
11 10 6 52 58
9 7 13 316 35
8 8 1 600 65
7 13 11 99 94
10 10 5 95 78
14 20 14 93 79
7 17 16 627 14
19 17 20 464 76
17 18 13 573 3
14 13 10 190 9
5 11 1 117 11
4 1 1 379 10
13 17 17 550 42
6 6 19 175 20
7 10 9 154 49
14 13 4 6 67
3 1 11 55 83
19 19 1 656 79
3 19 19 120 75
4 2 6 60 82
19 13 11 706 96
10 10 15 76 46
19 2 20 552 13
2 7 19 442 17
16 19 6 476 41
10 2 3 496 83
11 17 20 537 52
2 13 20 605 17
7 13 13 538 65
11 20 9 386 85
16 4 13 146 100
10 18 16 737 74
5 20 2 539 32
7 6 8 422 59
17 12 16 438 59
5 15 16 683 58
14 1 7 472 98
13 18 1 594 94
4 9 10 517 11
10 11 9 212 36
17 2 17 212 19
8 6 3 252 54
2 10 14 64 77
7 17 16 351 47
9 12 15 388 51
4 10 4 362 72
3 5 12 504 8
19 16 7 319 70
14 7 6 392 61
12 15 15 82 39
2 5 20 156 65
3 14 13 545 52
20 16 15 410 63
15 15 5 734 38
18 3 19 381 60
17 9 8 583 18
6 3 15 240 49
16 18 12 249 93
15 17 12 393 73
5 20 7 65 19
19 4 1 128 32
2 19 6 220 50
10 1 11 680 52
7 3 12 587 56
15 13 16 729 92
4 10 16 298 22
12 17 19 1 72
11 19 2 697 44
9 9 7 52 52
18 5 12 528 46
3 2 3 469 96
13 13 1 252 48
11 8 10 306 100
4 14 9 126 65
8 16 7 378 38
15 14 16 163 61
9 5 7 599 85
18 5 9 344 77
12 13 17 664 19
17 14 3 509 91
20 8 3 577 92
15 16 5 709 46
20 8 4 338 47
1 11 3 102 47
11 8 2 203 18
2 15 4 49 23
6 6 4 273 44
20 5 14 115 26
6 11 19 117 72
19 9 7 723 48
8 20 8 698 39
10 4 10 407 66
7 4 8 542 28
4 8 8 536 95
17 12 13 635 28
14 8 5 333 77
12 6 20 652 54
19 10 10 91 46
17 20 5 93 21
5 11 5 695 80
3 14 2 613 50
12 6 18 127 82
17 16 1 270 88
19 20 14 287 58
11 11 16 321 57
15 4 7 167 83
10 16 8 401 77
12 13 9 347 11
7 4 8 194 78
8 13 19 381 77
14 4 19 497 35
15 14 14 487 65
17 5 9 43 48
1 5 5 294 32
20 13 20 587 54
10 11 1 172 37
13 17 2 27 77
7 19 4 149 81
12 3 19 220 99
10 16 4 510 30
8 20 14 4 31
18 12 19 149 88
7 8 11 705 47
15 20 5 167 53
8 18 12 187 62
19 14 18 375 15
17 13 2 339 40
17 17 14 593 87
16 11 6 543 66
10 10 4 141 98
16 12 8 582 72
8 20 10 435 80
13 15 4 333 2
5 1 17 416 72
15 20 11 222 67
16 20 11 381 23
19 16 20 28 48
18 18 5 630 5
6 14 20 476 36
18 8 20 239 63
6 12 12 544 52
7 15 2 651 76
14 10 3 602 50
11 20 11 702 26
5 12 6 608 4
18 9 15 23 93
16 9 10 515 17
11 3 4 131 70
12 3 18 132 9
1 6 18 3 5
19 18 7 667 83
10 10 2 1 93
5 14 16 456 89
9 2 5 625 83
19 17 18 43 98
16 3 9 512 93
7 4 5 351 56
19 1 20 708 71
15 6 2 290 100
5 7 7 233 73
6 14 11 238 78
3 19 5 168 31
4 17 6 596 43
8 3 17 293 55
18 17 9 262 92
16 17 7 612 69
19 5 10 333 68
1 14 7 695 15
13 18 11 284 16
16 2 8 163 24
7 3 18 467 19
20 1 13 200 16
18 17 12 283 64
7 14 13 147 6
7 6 17 675 90
12 11 10 149 56
5 3 15 138 24
18 15 1 549 83
3 10 5 407 75
12 10 18 526 43
20 10 15 473 35
20 8 16 65 100
15 4 9 442 93
3 9 16 361 95
5 5 2 452 16
7 18 11 125 30
18 17 9 478 42
6 4 11 653 23
14 19 20 144 77
16 8 19 177 24
14 2 10 230 86
8 16 3 603 87
9 14 2 660 50
18 3 14 491 65
9 19 19 69 37
8 9 20 650 20
15 19 15 164 70
5 12 17 27 74
4 8 3 176 73
7 10 14 672 52
11 10 5 83 22
3 9 5 520 94
14 14 17 539 10
6 13 8 319 81
12 9 8 707 95
12 20 11 641 70
18 20 11 732 50
2 4 10 232 71
14 7 19 372 58
12 10 11 483 69
19 17 16 331 75
15 1 18 663 35
19 12 20 680 80
16 4 3 194 12
4 2 8 378 17
19 1 6 615 32
16 11 8 577 26
10 17 14 51 17
8 8 12 137 29
14 16 7 529 45
3 17 3 344 56
1 15 13 337 89
5 1 17 22 6
16 18 11 165 12
19 3 2 524 45
9 19 7 656 66
5 12 18 237 28
10 5 2 547 37
8 11 4 544 87
15 15 20 746 24
1 5 16 173 9
18 19 4 404 63
13 10 7 375 24
20 10 19 382 41
2 6 13 502 15
4 17 7 93 73
11 19 15 494 59
12 18 16 3 21
7 17 19 571 46
7 12 10 561 15
16 11 14 478 54
16 11 19 411 58
20 8 14 543 74
16 9 13 179 30
2 15 17 425 5
8 7 12 646 73
8 15 5 140 37
1 19 17 405 21
4 7 13 6 67
10 7 13 348 30
19 16 20 453 28
2 16 5 688 33
6 12 9 523 76
2 19 1 103 27
16 9 2 610 51
17 1 10 135 26
14 6 13 275 22
12 1 6 145 43
1 1 17 650 73
1 9 10 111 1
19 2 11 60 72
12 14 12 158 12
19 20 11 235 28
9 17 8 221 97
5 12 17 629 1
3 15 13 42 62
3 15 8 521 30
3 3 20 607 98
2 6 5 631 20
2 1 18 466 84
8 12 8 354 9
13 5 5 143 52
3 15 13 42 34
19 12 9 462 64
15 9 11 146 30
6 10 10 492 11
8 3 12 618 4
10 11 18 696 7
15 8 1 615 27
18 10 17 314 48
18 18 14 107 30
15 7 7 33 84
19 9 19 155 89
11 10 10 400 86
13 17 6 420 88
8 9 9 355 6
20 15 18 664 93
17 6 9 694 56
10 1 15 671 10
10 7 9 720 56
8 7 16 688 35
17 19 2 363 84
11 1 9 195 100
15 12 1 236 52
17 19 13 42 19
15 14 7 46 32
19 18 5 246 47
18 19 5 718 27
1 18 3 139 43
4 19 15 287 47
14 8 11 410 69
2 14 4 159 25
2 8 7 546 57
8 13 11 450 70
17 7 6 600 50
2 6 16 127 69
15 14 19 613 92
13 4 13 413 89
19 18 1 520 71
4 6 9 250 23
15 3 6 356 26
7 15 2 217 25
14 4 6 98 23
9 2 15 245 47
7 5 7 249 34
7 7 19 280 14
18 12 1 162 50
16 1 3 172 50
6 3 10 664 32
7 2 8 118 5
6 7 8 187 42
6 3 20 456 88
6 9 5 79 6
11 5 14 265 56
20 12 13 712 51
12 19 9 574 56
16 16 3 454 83
18 5 3 550 55
4 11 18 705 68
14 9 2 140 85
4 2 11 382 26
15 12 6 625 1
15 19 12 32 82
14 2 10 423 47
