50
4 13 18 82 3
8 15 9 135 5
7 19 15 48 1
13 20 20 137 4
10 2 16 80 3
8 4 18 107 2
1 8 18 77 2
11 18 9 84 3
11 7 7 140 2
18 16 8 47 5
13 13 8 35 3
10 7 4 65 1
20 12 18 159 1
18 18 10 65 1
5 14 12 63 3
6 16 2 109 3
5 9 9 145 3
5 5 6 114 3
7 19 14 69 5
20 17 9 76 1
3 10 19 103 3
12 14 14 69 5
11 20 19 112 4
11 5 6 142 2
14 4 1 137 1
18 4 2 96 1
13 2 16 51 2
2 18 20 113 2
4 7 17 112 2
19 15 9 69 4
17 14 11 166 1
12 6 14 107 1
15 16 6 148 2
5 13 15 87 5
12 16 15 148 4
2 11 14 138 3
19 2 4 147 1
13 16 14 122 3
13 13 2 116 1
5 20 6 92 4
6 8 15 81 5
8 6 16 88 5
1 11 5 27 5
20 17 18 97 4
13 6 1 142 2
2 20 3 130 5
11 5 15 147 4
5 6 13 120 2
5 8 7 37 5
9 13 2 56 3
