350
4 9 1 787 8
2 4 22 2194 18
19 13 19 3738 5
2 6 25 4356 22
22 16 18 2219 6
24 12 21 4009 25
21 15 10 2651 13
3 8 3 3061 13
20 18 14 134 23
12 5 6 3317 14
11 1 20 3386 7
18 12 9 3270 4
22 14 3 1070 13
12 2 9 1915 1
15 1 20 497 3
3 1 16 654 8
11 5 21 3187 6
10 11 25 1790 4
24 22 12 4436 12
12 24 23 355 2
19 13 19 3959 1
11 3 9 3252 19
3 9 23 2260 25
4 16 16 361 18
18 13 8 80 1
25 25 8 2694 2
13 18 9 345 13
6 6 5 428 21
20 20 18 3780 14
6 17 23 2996 23
21 11 11 136 12
16 5 23 3246 16
18 1 13 4498 2
9 13 1 539 3
11 2 20 567 25
23 3 3 1976 21
9 9 20 3825 14
10 6 8 3523 13
21 10 23 2204 16
8 1 8 3356 10
12 4 18 2013 12
13 16 16 3202 19
13 22 12 1508 12
12 16 6 3990 7
25 25 25 2553 21
25 4 5 1620 21
3 6 20 3613 6
23 8 8 2970 13
25 7 16 1481 24
11 15 10 3206 22
9 18 25 1899 16
20 11 22 4293 3
7 12 16 2315 11
18 16 25 1110 21
11 6 12 3683 9
3 11 9 551 16
9 7 18 698 13
6 5 13 3719 7
3 3 24 3028 6
14 15 1 1440 24
24 24 14 2308 19
22 4 5 160 18
12 20 16 138 17
2 17 7 4048 17
20 2 7 3063 14
3 12 11 1354 13
1 17 20 855 3
9 17 11 754 8
18 3 13 4204 11
8 18 5 3318 16
9 11 8 3654 17
19 16 14 3180 18
14 11 8 3251 8
12 18 23 4359 19
4 15 16 2497 17
21 21 6 496 6
17 24 21 1219 1
3 21 18 3035 1
19 10 23 2898 9
19 23 5 4526 23
2 7 9 360 25
20 12 12 440 17
22 21 21 3895 16
9 11 21 3188 7
21 18 14 3644 24
10 3 1 1124 14
20 14 22 3483 20
13 2 1 2041 6
14 25 15 2977 8
2 17 19 3409 3
6 15 18 1295 10
8 9 12 2383 20
11 18 11 3560 19
15 14 12 3340 2
3 22 18 3613 5
13 20 9 251 17
20 11 16 4126 4
16 12 15 1177 5
8 9 3 1260 2
23 24 15 1500 10
10 6 14 1110 22
8 2 9 479 13
6 4 3 1692 15
15 16 4 3433 10
20 10 15 2101 1
13 16 11 3453 22
16 5 3 1089 9
2 20 14 4466 25
22 2 3 3163 20
25 3 11 2520 16
5 20 2 4249 8
17 6 19 886 17
22 14 19 4311 3
12 10 19 329 4
15 23 16 2723 19
9 4 25 2380 12
17 7 16 3313 6
22 18 1 2311 25
24 22 23 4207 6
9 7 1 871 7
22 14 9 1965 17
25 4 5 3473 16
17 7 24 430 20
2 8 5 40 1
8 25 12 2027 20
1 14 17 3373 18
18 14 3 1039 9
3 4 3 656 12
6 22 3 2205 11
2 14 23 2849 16
24 20 2 1401 17
5 19 1 1545 21
14 8 3 755 1
3 20 3 2944 1
14 1 25 779 3
10 2 22 805 24
25 20 22 982 23
12 11 23 243 7
11 23 15 3469 3
20 24 12 2328 1
10 8 1 2092 23
1 2 13 3596 1
21 12 24 736 25
4 15 15 2063 22
23 20 19 3271 16
15 13 20 1848 13
13 15 13 137 14
15 7 24 1646 8
10 16 10 3649 24
8 17 21 327 2
5 5 25 174 9
16 18 18 350 18
8 12 22 4358 24
16 23 1 2545 6
3 13 6 1361 5
19 21 23 3932 16
10 10 6 1956 15
8 7 13 2841 12
10 23 4 3921 12
3 12 24 431 10
2 24 8 2627 19
25 18 17 1464 10
11 6 20 2944 11
14 2 18 4387 20
22 24 9 971 3
13 13 2 762 6
20 1 2 3123 15
14 3 16 3355 13
7 13 24 209 4
8 22 3 1830 12
24 13 3 4353 2
16 13 9 351 13
22 23 16 3976 12
15 21 9 1349 2
23 8 14 1760 16
13 18 1 386 5
8 23 15 1990 21
1 14 20 1539 5
25 11 18 648 4
23 17 5 916 9
7 3 11 53 6
17 1 16 2752 11
23 14 24 1686 1
1 25 7 793 14
20 17 16 3016 16
2 6 6 897 21
18 9 16 3489 22
12 18 25 2615 24
10 5 10 2293 11
4 2 6 1202 4
20 8 8 592 3
11 4 11 352 5
19 7 1 2145 11
13 16 24 473 14
3 1 6 2197 14
3 13 9 1746 14
10 1 19 3946 23
16 3 9 1204 23
25 12 10 228 15
15 21 10 3021 6
12 22 20 2390 12
4 8 10 4321 20
1 15 17 1213 6
22 10 15 1736 21
8 10 5 2562 23
17 11 9 660 18
6 7 17 3825 17
12 3 17 2406 9
3 12 23 3311 16
14 2 21 51 2
25 18 5 2376 25
17 24 14 2090 11
22 22 5 2339 20
18 8 21 4462 24
17 13 17 3088 24
23 23 2 1412 24
10 10 2 2979 18
11 1 21 166 25
18 9 12 2134 14
3 20 15 2212 22
18 14 19 1459 9
13 20 23 1841 18
14 15 3 1729 5
3 11 21 3578 21
25 16 17 2263 21
21 7 22 1040 4
10 21 21 2778 24
15 25 5 2685 3
10 18 2 4053 12
3 11 10 1809 10
9 17 3 2655 1
25 3 17 2104 11
1 15 10 1510 3
25 9 7 1073 5
25 14 13 683 19
14 13 10 3816 9
5 14 18 786 25
17 17 4 1765 9
3 13 8 3929 5
14 18 11 2862 25
24 7 3 570 25
15 2 25 1323 9
17 14 17 1292 13
6 21 17 1731 24
3 17 25 61 6
15 12 13 3315 19
8 20 23 118 3
11 21 23 506 14
24 5 21 4098 25
20 6 5 118 15
11 12 19 3701 3
18 21 3 4161 6
7 6 13 1209 14
1 19 12 88 22
7 16 13 2985 2
8 2 7 4349 25
18 12 8 4042 7
15 12 11 736 15
5 17 1 3037 10
1 3 7 1201 10
11 12 5 2448 15
7 13 24 3845 11
8 14 7 2083 4
8 1 18 4031 5
11 12 18 358 25
25 7 19 1901 3
13 19 20 1646 13
22 3 9 3117 21
13 6 1 3461 17
9 10 10 3713 18
25 13 23 4361 8
10 19 3 1364 24
12 8 10 1719 25
22 13 25 3098 22
10 12 6 1725 18
15 23 11 4306 10
10 18 4 294 5
9 17 19 2661 10
17 11 22 2745 3
11 10 8 243 12
7 4 23 2960 6
5 15 14 565 5
25 17 21 778 13
2 16 1 3155 22
10 18 4 2303 25
7 16 24 4499 23
4 13 2 2735 2
18 22 1 3609 3
3 16 10 4183 15
3 4 20 1389 5
13 14 23 3852 23
9 2 4 1010 18
21 10 10 4305 24
13 14 8 2884 20
8 14 13 757 25
10 6 8 1245 19
15 13 16 2852 7
19 16 18 982 2
24 7 4 3961 24
10 12 6 1647 21
17 11 19 3071 5
10 17 24 3887 24
15 16 14 2875 24
4 25 13 3058 13
18 3 20 46 7
25 1 5 4367 21
4 6 12 890 24
2 14 1 1808 12
23 9 10 4143 15
9 11 5 3324 14
24 20 13 4332 20
23 18 12 1640 5
8 12 16 1347 22
25 23 5 3293 15
18 15 11 4316 14
12 11 19 3164 23
7 8 4 4162 4
18 1 20 3161 4
16 8 23 704 18
3 4 3 2160 21
8 8 3 1470 1
3 10 19 1197 16
3 7 12 4012 10
13 17 15 3019 20
18 21 2 2771 11
21 20 11 3387 14
17 22 2 514 20
16 12 7 2783 22
25 23 24 4408 5
23 22 12 791 13
21 19 24 1687 4
22 22 15 1597 1
23 14 25 2113 20
5 16 20 3975 10
10 18 16 2619 13
10 16 11 2104 13
12 24 18 3175 11
25 11 21 3801 6
22 21 24 758 4
20 11 5 120 12
18 14 11 1409 6
9 19 11 256 24
5 3 6 428 2
21 7 1 3502 1
13 10 14 2802 25
18 7 14 1630 19
9 21 17 4169 19
14 1 22 932 3
20 20 3 363 14
5 15 16 1903 16
