300
22 20 19 2823 11
15 15 2 2352 9
24 17 6 3202 1
12 8 1 1087 7
5 3 21 2151 5
21 13 4 607 10
22 23 7 235 17
7 15 18 1409 10
11 18 3 112 8
3 25 4 1907 17
4 17 19 2059 9
23 18 8 786 9
4 8 17 431 7
24 9 21 1252 20
3 24 25 842 5
17 13 22 3047 6
3 22 13 1954 7
2 22 15 1606 12
12 5 15 3693 20
3 25 22 2540 12
20 3 5 1477 18
3 3 18 2335 9
22 17 17 1843 4
16 23 10 520 15
3 14 14 1077 5
20 4 12 3312 14
13 14 8 3764 19
21 18 10 3060 7
13 18 25 136 19
12 2 17 2976 19
23 3 20 2546 1
24 6 12 3503 25
7 9 3 2099 9
16 16 20 2032 17
19 1 14 1493 13
20 8 1 281 25
19 23 24 2933 5
4 14 10 3134 21
21 10 4 1578 24
13 15 6 96 11
17 18 17 1530 1
22 25 2 278 18
24 13 16 3641 14
24 10 16 1740 13
21 14 8 705 9
5 18 25 235 18
13 13 11 54 2
2 3 1 901 2
5 15 6 2143 1
5 18 22 3241 14
5 11 18 298 15
5 9 20 2790 4
23 15 15 3564 2
5 9 17 3823 2
24 25 1 1247 15
23 16 12 1083 14
17 23 18 2873 22
16 16 8 1117 21
12 18 1 2878 14
3 3 2 3380 2
4 23 19 1046 23
13 24 23 2001 4
12 15 19 3530 23
6 18 16 950 22
5 11 11 2094 23
8 11 21 1019 3
11 25 1 767 11
17 2 23 2047 19
5 17 11 3648 4
16 24 5 1986 4
15 22 6 2624 10
15 14 14 1711 23
24 17 14 656 23
5 4 16 82 8
4 20 12 1210 20
7 4 11 3033 13
9 10 7 2547 21
6 6 10 3670 7
12 6 12 1776 12
15 6 19 2231 15
17 20 22 3559 5
12 8 23 3422 22
21 3 10 710 2
25 19 9 167 25
14 9 11 2520 3
22 6 6 1500 21
19 16 15 1375 24
19 18 6 2052 21
23 7 16 1342 20
16 6 4 3803 11
15 11 9 1960 8
5 9 25 2598 19
23 13 24 2130 3
11 6 10 251 21
23 16 11 3408 2
15 9 7 2564 1
19 18 16 3151 21
9 4 5 1236 11
21 21 3 1114 7
15 20 6 2652 1
15 20 10 150 10
18 3 12 3376 13
2 5 1 1572 12
4 9 4 417 6
18 7 7 3317 7
9 18 1 2786 11
25 21 6 1275 6
8 25 10 2099 9
14 20 2 1301 22
2 16 19 3135 9
13 7 12 1604 16
21 9 7 707 4
2 5 10 150 17
7 4 19 2419 25
8 8 3 437 9
7 7 21 2724 3
8 6 10 1913 18
13 13 14 2482 1
15 11 16 2578 10
9 17 23 2900 12
6 17 9 1515 21
18 18 5 2324 3
2 12 8 1498 2
18 6 22 3273 18
21 1 5 1789 6
5 1 25 2498 18
17 19 5 2212 25
18 8 16 3277 20
2 1 5 1407 21
4 22 21 1804 10
9 15 18 2953 22
15 20 25 3420 13
1 1 21 3776 20
14 3 19 208 25
17 1 22 1577 8
19 4 21 743 6
9 23 12 2194 5
22 10 22 2069 5
24 11 15 731 13
2 25 15 897 1
23 5 5 2904 16
24 19 14 2685 5
23 5 11 273 20
8 13 13 1259 10
13 20 18 2484 21
16 8 7 3576 5
25 22 20 3281 13
8 21 10 915 13
3 15 17 2723 14
8 10 20 306 7
24 19 3 1108 16
3 19 13 3081 23
14 14 19 755 8
1 19 15 1252 6
21 20 7 3099 16
25 3 22 3433 21
6 20 15 2090 15
2 15 2 3389 24
3 21 2 1495 7
9 5 18 3890 20
13 6 23 3257 13
5 18 17 1860 6
3 12 8 1568 18
2 19 6 2470 24
8 9 21 369 5
5 9 4 272 15
7 22 1 3477 19
24 3 2 3279 11
10 22 24 1008 12
19 2 25 2106 3
19 11 3 3048 16
9 2 20 980 5
6 15 25 928 5
13 22 5 768 10
25 14 16 2181 15
5 5 19 3126 9
13 4 25 952 20
10 21 18 796 23
2 3 16 1463 7
13 8 2 1626 14
11 1 18 515 21
6 5 12 1953 2
14 12 24 2288 10
20 20 21 1065 1
2 20 11 1962 15
7 10 4 2481 18
16 18 14 2374 19
1 1 15 179 11
4 11 9 3493 8
23 8 18 3605 13
8 15 5 853 1
19 9 18 1897 5
17 16 7 1346 6
12 15 4 82 19
17 12 7 2921 14
14 7 7 416 25
14 20 10 1885 24
9 13 21 1719 17
21 4 5 1120 12
5 22 4 1387 8
7 1 13 1863 19
19 8 17 461 17
12 17 17 2630 16
5 13 16 3561 17
19 16 5 1236 3
14 21 24 1731 1
8 19 8 1220 24
16 9 12 3708 1
17 7 13 1981 4
11 20 22 638 16
8 4 14 637 21
13 6 20 1549 15
5 6 14 1992 11
10 19 18 2582 8
22 12 15 1381 20
11 17 22 2199 17
6 8 24 2558 6
5 4 24 3156 6
6 14 13 3612 9
21 7 23 682 8
3 14 11 79 12
6 19 5 842 10
7 8 1 589 24
4 15 20 2552 24
24 21 7 2020 20
13 23 7 3310 1
11 23 21 1180 20
13 19 11 1793 15
12 16 11 1708 16
23 11 22 2520 6
20 11 24 1400 5
20 6 3 478 11
2 24 13 3401 14
7 8 22 3022 24
1 23 25 83 16
1 20 9 914 2
14 12 11 3360 5
13 4 14 1437 25
6 21 7 1234 19
2 10 13 2784 6
11 18 7 2205 6
18 5 17 2734 16
1 14 6 1902 7
5 12 12 428 12
9 9 14 1125 19
15 8 11 2699 25
15 15 6 996 24
3 25 15 3673 5
22 15 19 2047 13
19 18 9 2643 19
20 13 24 2353 22
20 4 7 168 11
21 21 17 2515 24
4 18 7 1113 3
23 3 1 1420 25
7 15 2 1931 22
11 14 1 1839 4
2 7 25 3783 4
15 18 21 2883 19
24 7 8 1414 1
17 17 16 447 22
9 2 14 2095 5
20 10 11 2408 23
1 11 23 2122 9
18 22 4 1912 25
17 12 9 3036 16
12 3 13 2367 6
8 5 23 2469 22
16 12 7 1898 16
14 5 23 65 17
18 6 3 3006 15
23 3 17 2588 22
11 23 4 2268 16
7 12 1 1571 19
14 16 14 1474 11
10 12 19 1634 5
12 9 17 2914 18
23 7 3 1161 1
8 6 15 3454 7
25 17 23 480 9
18 22 17 1513 25
25 13 10 1208 6
23 18 11 1435 12
3 6 3 184 20
15 16 18 2751 19
10 3 23 2196 17
13 23 22 3208 6
22 20 25 641 12
4 3 10 3494 18
10 5 4 341 1
13 24 25 1852 18
8 12 3 2863 19
23 20 18 3160 18
1 16 15 266 11
10 25 14 2705 12
23 12 2 2429 1
17 23 16 1670 14
3 23 25 2267 3
9 7 18 1651 5
4 17 21 1243 12
