250
12 9 5 289 16
16 4 6 2711 2
25 12 18 461 4
9 17 14 3109 25
21 22 10 1213 22
13 24 6 336 10
21 7 11 128 23
4 13 20 2515 17
1 24 11 667 9
20 10 14 880 9
9 7 18 976 23
9 17 1 2031 11
6 21 10 1484 8
4 21 5 2237 16
11 17 25 2960 3
7 4 23 932 21
14 14 15 2865 9
17 13 11 2157 13
3 13 4 941 21
22 11 12 3155 12
3 23 5 463 22
24 24 11 1518 23
12 22 12 304 5
2 3 25 2762 19
10 6 16 1830 8
14 9 1 699 9
2 15 6 2431 15
21 3 9 1897 2
25 12 23 2010 17
21 16 21 1570 2
12 8 11 1555 6
23 20 24 125 8
21 22 16 1068 1
21 7 1 3124 25
2 2 3 294 22
17 24 22 2030 16
6 19 22 1568 6
20 25 7 2099 15
13 6 8 1339 18
3 11 1 192 21
13 14 20 2073 21
15 1 9 2061 6
14 6 14 3072 25
22 6 15 2420 8
5 15 1 1927 6
5 15 11 1278 21
22 7 2 703 14
6 13 11 1438 22
22 20 8 3205 12
9 9 10 2250 3
6 4 10 1864 5
11 14 17 189 5
2 2 13 2403 24
25 15 24 296 5
5 15 15 647 8
3 8 6 808 20
13 9 22 2861 9
18 1 24 3231 18
2 9 17 1831 9
4 11 1 2869 9
9 11 25 657 24
11 5 3 3065 21
13 19 6 1927 19
25 8 9 1329 8
7 7 23 1369 15
21 8 5 3040 7
22 19 23 1918 5
14 20 19 264 25
4 2 19 3113 15
20 22 17 2743 15
14 6 12 435 10
22 2 12 1614 3
15 7 19 1220 24
16 5 7 2325 18
14 6 6 1431 6
18 8 16 2428 1
15 8 11 2120 20
19 7 4 400 6
4 2 25 634 16
6 6 10 1064 12
3 16 6 1279 19
10 14 18 429 21
25 2 11 2058 8
7 25 9 3079 22
20 3 8 3139 25
17 9 11 2701 12
18 1 7 273 20
6 17 23 2741 3
9 20 21 2161 14
23 2 15 894 12
10 25 6 997 17
17 19 15 1312 4
24 12 22 1865 7
5 2 8 1076 14
15 24 17 1366 8
13 21 4 211 11
10 23 12 1694 19
7 13 14 185 8
9 11 23 2991 24
6 24 23 117 17
16 22 6 1199 16
23 18 4 975 1
5 23 3 412 5
20 17 6 886 20
19 14 17 836 23
10 11 7 167 7
6 6 5 3026 6
1 13 7 1810 14
9 5 8 1261 3
14 16 16 406 13
11 12 25 532 16
23 12 12 1797 11
6 25 4 197 15
10 11 8 951 14
13 8 10 393 20
15 19 9 2585 10
15 5 18 1783 3
4 18 25 2948 20
2 10 3 2355 25
9 11 15 457 25
25 1 4 3248 25
21 15 18 473 17
24 23 21 2549 17
20 10 24 1782 10
1 11 7 3202 21
6 16 11 2267 12
12 24 4 643 5
19 4 7 2246 4
14 15 15 2171 20
13 15 4 2325 13
18 16 5 962 8
4 14 20 1321 22
25 20 3 287 2
21 21 23 1034 23
11 11 17 1131 9
3 15 12 53 13
25 6 21 2550 22
6 9 24 2990 20
18 16 15 785 1
24 8 23 591 17
23 8 11 1076 6
24 13 4 1096 6
25 6 9 2468 20
4 17 10 1873 4
25 6 21 3075 3
11 16 15 819 4
4 23 18 424 20
17 15 24 1311 6
17 6 11 1733 2
15 18 1 2719 25
22 13 13 916 2
10 21 15 1999 17
15 16 18 1082 13
13 22 1 2751 22
5 12 23 68 9
10 14 11 216 7
18 2 24 361 2
19 23 22 547 11
24 11 18 1333 5
7 13 21 181 4
1 20 17 1016 7
19 18 22 1595 24
21 22 2 2677 18
3 9 6 1363 10
11 8 22 1524 14
9 2 4 1947 22
11 9 5 1133 20
9 6 6 1011 10
23 6 5 3116 7
23 4 7 2285 17
9 24 25 2678 18
17 6 23 1870 23
21 2 13 3055 13
18 8 1 134 21
17 16 22 1977 1
15 14 1 1685 17
17 13 15 3028 21
24 3 8 1060 5
19 19 20 1356 13
11 9 3 377 8
2 5 9 3047 14
7 1 13 2318 6
7 8 19 1910 6
7 21 17 110 16
12 7 16 2932 2
22 24 18 1155 9
2 5 7 1737 15
11 20 4 429 14
9 12 3 883 11
9 20 1 1289 5
4 10 19 1170 2
16 10 21 2496 12
19 6 6 263 12
25 8 24 2533 13
18 3 5 486 20
22 3 22 288 25
22 24 4 785 2
2 6 16 606 4
6 18 2 401 20
12 18 4 1882 9
11 1 17 1420 25
7 11 10 2263 7
1 22 21 401 13
20 15 9 3149 10
10 6 22 831 24
1 10 25 197 13
2 8 14 2839 23
1 16 2 165 25
15 17 14 2277 4
7 21 18 2982 19
24 4 19 2023 19
8 5 8 2842 7
17 12 21 61 25
18 25 4 1335 3
1 20 4 2347 16
20 9 2 1308 25
8 16 2 3022 16
14 9 15 869 24
6 9 7 1683 8
20 6 9 2998 17
14 13 2 1760 8
9 25 1 3098 10
5 20 11 1058 23
18 6 4 1925 9
22 4 8 1754 23
25 10 21 1366 16
4 14 11 343 2
11 3 1 2047 14
9 18 9 1311 3
7 9 24 1798 15
5 9 23 1770 7
21 21 24 1347 3
24 5 11 3078 16
2 25 10 2271 10
15 23 2 1849 21
10 13 4 2211 3
18 1 4 1765 22
13 2 25 1227 2
21 21 11 664 13
6 11 17 3125 9
17 24 22 402 25
19 6 14 1998 8
16 7 3 1790 12
17 2 25 1390 23
4 13 19 520 16
20 8 21 925 25
13 9 3 2183 17
2 7 24 183 6
18 13 11 1847 7
12 15 5 1522 15
