450
2 12 1 40 4
1 20 11 586 4
13 10 7 649 2
19 12 10 318 3
20 14 9 68 5
17 14 1 684 5
13 7 11 1038 3
15 5 15 275 1
11 2 2 532 3
19 13 8 224 1
14 14 1 521 1
10 2 3 220 1
11 15 5 681 1
15 10 5 516 2
1 17 8 99 4
9 19 19 924 5
12 7 12 887 3
5 6 1 908 5
13 6 14 905 2
14 14 9 852 3
15 18 4 817 1
16 7 8 795 1
16 5 8 933 1
16 11 9 734 3
9 14 1 283 2
3 17 8 44 3
8 7 15 275 4
10 8 18 252 4
8 6 6 618 5
14 15 11 790 2
20 16 15 294 5
1 13 10 385 2
2 8 16 690 2
13 6 19 645 1
10 5 9 928 1
11 6 5 781 4
2 19 6 827 3
9 12 11 1057 5
13 17 16 772 3
10 18 3 415 4
8 3 8 982 5
1 1 7 340 1
8 4 10 654 1
16 12 8 227 1
4 17 15 706 2
15 8 13 926 2
20 3 1 223 1
13 5 14 321 5
19 16 7 619 4
6 6 20 317 3
10 1 16 729 5
15 9 18 380 4
7 20 20 1135 5
15 9 5 492 2
8 6 13 520 4
5 14 1 352 2
3 20 3 715 2
18 13 8 516 4
8 6 4 1044 3
11 16 20 822 3
3 10 18 1150 4
15 14 18 469 3
20 9 16 1091 2
12 4 6 724 1
8 18 18 702 3
2 11 1 389 5
17 5 15 953 3
15 10 18 189 2
3 4 14 51 5
17 4 13 925 2
16 1 18 397 3
8 8 13 912 3
17 5 15 916 3
7 12 8 1021 2
2 12 13 231 5
2 15 19 135 2
11 3 18 1029 3
7 9 2 507 1
20 12 11 1032 3
19 10 12 693 1
8 4 18 833 5
11 15 12 402 5
5 10 15 746 1
5 19 3 289 2
3 4 7 520 5
4 4 10 756 5
2 3 8 86 4
4 3 6 263 2
18 5 6 307 2
15 13 14 143 3
20 10 18 72 2
14 14 15 213 5
12 12 8 689 1
2 15 13 755 2
4 3 18 120 5
13 16 13 142 1
4 9 4 1118 4
10 9 7 58 2
11 15 9 595 3
5 14 18 997 1
3 4 10 1114 4
11 9 2 918 3
2 13 10 263 2
5 2 20 133 5
7 1 14 939 5
1 19 8 1054 4
11 4 5 162 3
12 6 12 1082 5
9 11 11 862 2
17 16 2 36 1
20 16 15 756 4
3 8 2 484 4
3 14 20 635 2
18 3 9 797 2
19 17 18 849 2
8 9 7 820 1
9 16 1 966 2
4 16 5 838 1
2 11 16 911 2
19 11 6 327 4
13 10 12 576 5
7 17 6 922 4
13 20 18 618 5
14 10 14 441 3
2 18 19 1007 2
2 11 19 703 2
12 9 4 815 2
10 20 1 279 5
15 4 14 445 1
3 3 1 724 3
9 15 12 671 5
4 14 18 577 2
12 2 19 527 2
17 19 19 66 4
2 15 9 730 1
10 2 3 205 5
7 7 11 1037 4
11 20 19 915 4
5 17 15 295 4
20 8 2 555 3
19 8 20 530 5
3 17 1 447 2
14 19 9 979 2
14 3 12 602 4
18 19 4 1024 5
2 11 11 163 3
5 1 7 1119 2
1 15 13 690 5
8 2 9 807 3
8 19 7 88 1
17 9 7 424 2
3 13 15 1154 1
20 1 14 307 3
16 1 18 604 3
13 7 2 781 4
4 13 7 292 3
9 17 16 863 5
17 13 2 777 1
11 14 11 47 1
13 11 18 1011 3
18 15 13 608 3
1 12 17 985 5
13 12 7 851 2
6 16 5 154 2
19 5 2 1145 3
16 9 6 805 3
19 6 18 845 2
9 1 11 858 4
11 12 4 770 1
10 2 13 890 3
3 9 14 284 2
3 3 17 844 3
12 1 9 209 3
6 19 17 313 2
13 13 2 596 1
11 17 3 287 4
12 18 9 877 1
17 1 12 292 2
13 7 11 710 1
1 4 5 198 3
3 19 4 612 3
16 14 9 846 5
2 12 9 923 3
5 16 18 860 2
3 15 16 649 4
19 1 6 692 2
16 14 4 621 3
6 5 11 439 5
16 11 16 1033 4
2 6 17 724 3
12 14 13 991 4
10 3 1 444 2
1 5 3 95 1
14 14 3 1058 4
14 18 5 896 3
18 10 12 914 2
10 1 8 43 2
1 5 1 190 1
5 8 15 513 5
6 19 15 1160 1
7 5 11 397 1
16 17 17 439 1
16 7 5 315 3
8 3 8 639 2
6 12 16 462 3
18 13 16 739 5
1 14 19 283 4
4 5 4 187 3
5 8 16 472 4
7 9 5 135 3
20 13 16 414 4
10 2 2 457 2
17 15 15 706 2
1 5 12 513 2
5 12 14 747 5
8 7 11 1072 2
5 16 4 477 4
2 6 16 820 2
7 13 20 152 5
20 14 16 95 2
20 2 7 1071 3
16 7 6 847 4
15 8 19 650 4
11 3 12 406 2
9 18 17 402 3
11 4 15 358 5
3 18 8 395 5
5 14 2 113 3
14 9 19 653 5
14 5 9 677 3
4 6 2 50 5
4 10 1 758 3
7 16 5 629 1
4 10 20 496 1
1 16 14 1077 5
13 1 19 1128 1
6 13 6 761 1
16 18 8 1120 2
1 9 14 704 5
20 7 6 830 1
4 5 17 724 2
16 16 6 85 5
5 19 17 697 2
13 5 9 937 4
5 14 13 892 4
2 6 16 741 5
11 3 16 337 5
9 2 5 56 3
11 3 3 588 3
10 10 16 714 2
15 20 12 887 1
12 5 16 181 5
4 15 11 82 4
1 12 5 955 4
6 15 10 508 3
17 15 19 1145 5
2 10 5 295 5
9 1 13 990 1
19 19 9 244 5
16 9 17 554 2
5 16 11 460 2
20 19 14 421 5
2 5 6 673 4
20 6 5 509 3
18 10 6 1119 3
17 19 20 113 1
20 12 12 927 2
14 8 5 958 2
3 13 8 1076 4
12 2 6 751 1
12 11 19 448 4
17 6 7 106 2
10 2 1 907 4
7 15 5 746 4
1 1 6 410 2
12 6 7 869 2
8 10 13 1030 1
18 11 12 553 1
2 13 11 1098 2
1 6 17 77 1
4 9 11 107 5
3 14 16 1152 4
20 5 8 405 3
9 2 16 613 4
20 16 7 1095 4
11 17 9 487 3
8 16 11 624 5
12 15 20 969 2
16 17 3 704 3
1 10 11 72 4
15 9 3 1072 3
12 4 9 908 5
14 5 10 961 2
15 15 17 55 5
16 15 9 131 5
2 18 12 870 4
8 6 10 312 5
14 12 14 431 1
4 2 13 509 1
3 10 10 521 5
19 4 10 363 3
20 1 10 65 5
17 19 2 944 3
7 14 8 477 1
7 13 14 927 4
7 11 17 310 4
3 12 17 113 4
15 19 6 1054 2
14 3 8 841 2
7 6 10 672 4
7 9 19 405 1
17 15 15 915 1
2 17 9 961 4
17 15 16 187 3
16 5 8 951 1
17 5 2 998 2
6 7 4 352 2
2 16 2 331 3
14 19 19 703 4
9 5 16 498 3
2 12 12 534 3
15 7 12 929 5
19 15 2 980 3
2 1 11 1132 5
20 12 6 239 4
20 19 10 616 5
9 15 11 463 1
18 8 8 807 4
6 10 14 341 3
10 10 20 618 5
2 10 19 47 1
13 4 18 815 2
20 1 9 486 3
18 12 1 192 2
1 4 11 832 1
7 18 7 360 3
19 19 18 310 1
6 8 6 476 1
13 16 4 348 4
20 15 5 623 4
18 19 14 1053 1
8 19 5 334 4
7 7 6 854 3
13 9 17 469 5
4 11 15 1014 4
15 2 14 207 4
18 3 9 1064 3
9 7 2 482 3
2 9 20 171 5
9 1 8 350 3
14 4 14 1128 3
10 11 12 780 5
19 15 12 71 2
3 11 11 511 1
9 10 4 681 1
9 17 17 1130 5
6 2 18 948 1
18 14 16 166 4
13 5 13 231 5
9 12 4 741 4
3 13 4 675 2
2 3 11 765 4
16 9 2 88 3
5 14 4 86 1
12 17 18 1093 2
18 17 8 456 3
4 17 11 1048 5
13 12 11 130 2
11 20 15 438 3
8 5 15 993 2
14 17 15 92 4
5 5 3 527 2
10 15 12 655 5
8 12 2 421 5
8 6 10 1064 4
18 14 12 705 1
9 3 10 28 2
9 2 2 528 3
19 4 16 346 5
7 18 19 1155 5
17 14 1 41 5
7 1 18 709 1
16 6 19 227 1
6 20 5 757 3
4 6 6 829 2
17 17 1 1067 5
17 4 6 869 4
19 11 15 565 4
14 3 12 987 2
13 1 10 92 1
6 7 1 278 3
9 11 14 1080 2
8 4 10 1041 1
11 7 10 573 4
20 1 9 769 2
1 19 11 166 2
6 4 13 905 4
17 5 19 1048 3
9 2 19 352 1
7 13 17 52 3
7 1 6 215 3
17 11 12 349 3
7 2 20 1050 3
18 5 15 990 3
3 8 8 675 1
17 15 6 496 1
20 9 19 1025 4
20 7 14 1137 3
2 16 13 928 1
15 4 16 157 3
2 7 14 84 1
18 12 2 363 5
14 1 4 693 1
3 19 13 592 5
9 2 2 553 3
3 6 6 941 1
17 1 17 809 2
1 8 16 195 4
12 11 17 491 4
15 15 11 772 2
13 11 17 769 2
16 7 15 649 5
6 20 10 342 3
10 6 11 1109 4
11 6 13 401 5
3 8 20 212 5
11 9 10 96 5
17 1 6 1038 5
7 3 11 1116 3
2 13 4 251 5
16 3 19 224 2
18 15 10 329 4
17 1 10 725 5
12 2 13 130 3
10 16 13 228 5
16 11 9 847 2
3 10 15 709 1
10 17 8 422 5
7 14 20 1061 5
16 15 1 197 3
20 12 4 622 3
17 20 13 1169 4
18 11 1 1126 2
6 5 3 729 2
19 20 14 551 1
11 14 6 166 2
4 9 15 1119 3
18 18 18 888 5
2 17 18 613 4
14 1 10 416 3
