250
10 17 15 300 87
7 3 4 302 18
11 2 19 225 60
6 12 2 47 9
12 8 15 322 29
10 13 8 372 45
1 16 14 231 73
18 7 1 157 84
16 12 2 230 40
10 19 11 469 92
15 5 10 423 55
12 16 16 342 21
2 13 18 352 45
11 14 19 21 14
7 4 20 339 28
7 12 14 438 48
11 2 2 325 42
10 1 5 8 71
13 20 15 49 56
17 4 14 336 86
13 11 7 273 27
12 15 8 249 85
11 4 7 325 73
9 9 4 421 60
5 4 19 93 6
6 17 5 5 31
10 4 9 454 59
11 1 11 323 81
5 10 17 367 41
11 19 17 205 40
14 3 14 309 48
10 2 17 286 74
15 12 13 158 14
18 12 14 51 55
10 6 18 315 98
13 10 3 489 13
18 2 3 353 100
14 2 9 155 88
16 19 9 47 18
20 15 20 313 36
19 18 2 345 13
12 4 8 264 89
1 19 19 374 52
10 20 12 19 60
9 14 5 515 95
19 6 14 277 33
6 12 16 72 40
7 10 17 42 94
1 16 13 441 25
3 8 14 65 12
13 14 11 110 31
6 19 1 236 27
3 19 10 221 32
17 5 2 461 64
4 7 13 442 66
8 17 4 388 1
6 20 1 232 53
13 3 7 12 99
17 4 11 329 69
14 17 9 257 90
10 11 3 262 76
3 20 4 360 95
16 6 17 321 8
20 9 6 279 54
13 15 11 321 84
7 20 2 477 77
10 10 14 148 3
4 4 5 504 32
6 12 15 303 78
6 16 11 521 90
1 10 20 319 95
15 16 10 516 32
12 5 7 427 90
14 14 18 234 93
12 6 2 149 61
1 3 18 20 36
17 10 7 434 75
17 9 19 335 22
5 2 15 282 55
18 5 5 143 88
9 14 8 517 38
2 13 2 289 79
4 8 20 195 49
2 11 6 175 16
14 18 5 254 39
4 20 10 140 38
6 5 4 395 14
16 8 18 181 68
15 17 19 206 99
11 5 16 318 96
10 2 19 434 12
20 10 15 120 81
8 16 20 347 80
18 6 17 401 38
10 18 9 361 56
11 7 5 443 30
11 10 2 250 62
1 4 18 252 53
16 16 10 255 41
13 10 6 55 75
17 13 7 444 3
14 1 6 2 24
6 19 18 121 50
17 7 11 513 35
17 15 20 449 70
16 14 8 164 41
19 15 2 65 41
13 13 20 477 68
20 18 10 209 21
20 6 20 415 85
4 6 15 180 51
11 8 3 270 13
16 12 1 74 18
8 20 3 153 21
15 3 13 140 39
16 11 8 280 17
14 10 14 217 95
4 20 3 93 40
1 18 9 33 34
9 1 12 267 73
16 17 12 458 91
13 10 2 343 76
7 17 3 87 21
16 4 10 267 33
18 19 14 95 46
2 6 16 394 59
6 4 14 508 4
17 5 10 268 43
10 13 18 432 92
4 6 20 335 94
1 15 9 345 97
19 11 12 472 55
1 15 19 198 29
5 10 12 220 98
3 7 17 444 22
10 17 5 8 71
16 19 6 53 84
15 15 14 414 30
16 11 10 15 32
12 8 17 472 66
10 15 16 156 61
19 16 13 228 83
20 12 19 82 59
5 9 11 66 29
12 20 15 456 18
10 8 1 314 8
6 14 15 486 88
17 20 7 169 63
1 12 13 517 69
20 11 10 1 44
10 14 13 410 74
16 19 19 487 29
8 10 11 51 75
6 11 18 26 81
6 16 17 75 55
4 15 1 61 24
19 14 15 236 37
6 18 6 375 65
11 10 15 438 68
2 2 5 296 22
8 20 13 520 17
5 14 8 99 89
12 9 9 86 42
5 20 15 276 72
6 8 19 185 39
19 17 16 409 12
12 18 17 537 52
12 1 20 238 46
8 7 12 457 81
10 1 20 191 34
15 11 6 339 66
4 5 5 212 93
6 7 8 459 35
1 19 1 98 91
19 7 7 269 47
3 15 20 185 13
16 20 10 452 47
19 15 6 86 80
9 13 12 145 7
4 6 13 229 60
1 4 14 226 50
9 11 13 125 32
12 8 19 60 71
17 17 13 414 35
13 2 5 187 14
15 6 11 507 51
20 14 11 153 44
18 12 19 441 66
16 7 5 330 81
6 15 14 284 1
16 13 20 319 6
10 16 8 6 85
9 17 13 403 71
12 13 17 121 100
18 18 13 501 89
9 15 10 246 6
6 18 14 189 92
11 1 6 453 79
17 6 15 152 21
14 16 7 200 4
12 20 16 38 48
4 19 18 266 93
15 9 3 412 61
9 13 3 103 82
9 16 2 30 51
7 1 20 128 100
6 8 10 146 71
17 1 11 463 33
18 1 7 148 36
15 12 20 497 93
17 16 10 271 82
4 16 13 453 37
12 10 10 443 41
13 2 9 426 92
18 20 20 71 21
10 2 12 154 48
6 13 9 494 63
1 19 19 43 80
8 10 16 360 79
14 10 17 312 47
2 12 12 319 23
3 13 3 314 18
5 13 19 89 47
3 18 4 180 26
1 20 11 303 74
17 19 16 451 100
17 5 17 521 23
11 9 15 26 14
17 19 5 75 45
19 5 5 435 39
9 15 17 344 84
14 2 19 144 54
17 7 15 537 3
12 16 17 442 38
5 20 17 319 56
8 19 16 255 67
10 4 4 408 93
11 17 7 307 11
16 5 5 47 17
17 15 13 386 13
19 11 12 259 57
19 8 15 451 41
16 12 7 392 51
1 16 16 224 100
19 4 12 130 78
16 5 11 339 48
3 18 3 131 47
11 16 3 346 20
1 2 9 212 15
16 17 5 531 83
