250
8 1 2 1787 13
9 18 15 2093 2
9 2 8 52 8
7 18 13 1996 20
4 12 17 385 6
9 8 14 2201 12
4 15 5 373 12
12 20 6 2067 14
1 3 19 2573 12
6 18 7 172 20
10 15 12 2399 18
11 10 9 1260 5
13 4 2 1559 2
7 12 11 895 3
3 2 4 2188 7
4 10 15 2112 3
13 1 9 43 20
8 11 2 1296 3
4 19 11 2281 11
8 10 19 1723 2
6 9 13 361 3
11 17 13 2158 20
14 4 1 1519 12
2 20 10 1056 15
10 5 2 1578 4
6 11 6 1674 14
15 19 15 1578 18
3 18 15 324 2
19 2 2 1889 7
7 18 20 1059 9
16 13 6 938 17
18 10 8 1292 13
1 2 14 121 11
5 2 1 688 2
8 5 9 405 19
12 4 19 1955 20
8 19 15 1471 11
12 12 18 725 4
8 4 20 1936 18
14 10 15 338 20
16 2 8 1216 11
3 12 18 1407 19
4 11 6 928 17
15 19 20 2460 6
4 17 5 412 10
8 19 5 626 8
16 1 9 172 6
16 3 2 1150 19
14 8 18 2256 10
3 14 19 2546 17
11 13 20 1724 8
17 18 9 1127 6
17 9 8 2372 6
11 6 12 798 14
5 2 16 1852 14
5 16 13 2571 9
7 13 15 634 3
2 9 3 961 20
3 18 11 2458 8
9 5 5 2551 7
16 13 2 1115 11
12 9 10 877 9
8 20 10 938 20
6 9 8 1982 2
7 5 19 886 2
10 16 3 527 9
9 14 13 2230 12
2 5 16 1518 16
12 12 10 345 1
11 9 15 823 11
12 2 4 1130 17
4 2 17 2052 12
9 17 16 538 8
19 1 2 2257 11
9 19 3 857 16
13 18 8 1038 6
6 13 7 1256 14
14 20 12 2181 2
1 6 2 284 16
17 9 13 258 3
11 5 20 1904 16
12 13 11 2201 2
4 6 3 475 7
9 2 14 113 6
8 9 16 1416 18
3 12 6 728 16
17 9 20 2300 5
16 6 18 1623 9
18 5 4 1698 9
9 11 16 1462 11
3 5 4 701 17
14 9 13 1657 4
11 16 7 763 2
18 19 4 1779 7
3 14 1 610 7
3 15 20 1551 18
9 10 17 1077 9
12 20 12 2501 14
16 9 18 896 6
19 9 19 1372 14
15 2 5 2408 5
14 6 15 1109 5
14 8 2 157 15
13 16 18 1851 2
13 16 14 439 3
10 14 8 2035 18
2 3 18 1930 9
10 13 9 2434 17
16 4 10 2119 14
3 1 16 2268 13
17 15 14 2578 6
8 7 12 2498 18
16 20 8 1799 14
13 15 15 2393 1
3 9 9 2173 14
18 5 14 814 19
9 19 8 341 4
11 14 14 2527 1
18 17 10 2526 15
6 19 20 1542 11
9 6 19 122 16
18 16 3 306 10
8 7 14 1052 16
1 10 5 1088 19
4 10 11 1289 4
3 4 10 2559 18
17 19 8 1403 15
9 18 20 2581 15
3 18 12 2424 1
19 9 8 1037 13
13 5 7 1553 16
18 12 10 1522 12
2 2 8 821 7
16 4 9 656 15
13 7 10 1681 3
1 5 16 350 13
4 8 8 733 9
12 6 18 922 11
11 6 12 1799 17
1 14 3 889 19
5 3 8 2455 1
9 11 7 777 6
7 10 14 2051 1
7 8 10 640 9
10 10 16 1462 5
20 18 14 1588 3
12 1 2 1029 2
16 18 5 693 8
11 14 12 2565 3
10 13 8 1754 17
12 6 18 517 7
15 9 4 380 14
2 11 9 1337 15
6 5 12 1862 17
4 14 8 2244 19
2 16 2 721 13
6 15 5 1204 2
17 14 9 79 6
2 6 11 2561 6
1 9 3 2387 15
11 11 20 2571 5
7 4 19 1225 7
16 19 14 2140 12
4 10 3 1485 15
4 11 3 1035 2
15 14 14 2193 8
4 11 3 636 4
1 11 20 2456 2
9 20 17 2033 10
16 10 18 2320 11
9 6 12 150 8
6 7 14 1809 7
7 5 20 2375 12
1 12 19 235 12
9 12 5 1777 3
17 2 1 1209 12
8 14 14 1744 5
11 14 16 2293 14
11 7 17 2255 15
1 19 10 2372 3
8 7 20 150 12
9 1 1 1655 9
8 11 15 476 13
19 14 2 1503 7
17 8 7 1307 20
5 6 13 324 5
4 4 19 926 5
9 3 16 1779 18
14 19 9 1589 16
9 4 12 345 20
11 9 5 900 10
10 3 10 2527 14
10 8 1 121 6
7 16 6 1059 2
13 15 3 2533 5
11 3 19 1934 15
10 5 6 2234 15
1 1 13 1726 4
5 4 6 782 12
16 4 2 1112 9
9 13 17 1003 13
16 17 8 843 20
2 1 16 1345 15
14 6 17 1975 3
2 2 18 1348 10
11 16 15 1452 11
2 1 16 1587 6
19 8 19 1208 3
15 12 16 1113 1
14 20 13 1999 12
20 7 19 1128 10
7 11 3 787 2
12 17 12 579 15
20 1 20 2325 11
12 17 9 549 20
19 16 6 1506 18
3 2 8 2366 15
15 10 16 477 13
5 18 10 375 2
15 7 11 57 2
7 11 3 1491 5
7 4 8 1168 11
10 2 3 454 1
16 6 13 297 2
11 14 15 1950 3
20 10 12 2597 5
16 5 12 2278 11
14 20 1 865 16
15 16 17 483 5
15 16 14 705 20
11 10 3 1720 10
6 2 2 1018 10
19 2 12 968 11
18 4 10 256 5
20 8 8 1313 4
8 14 13 750 1
19 18 10 739 8
3 6 8 492 12
6 12 7 755 9
3 6 1 244 13
19 9 8 555 18
11 12 6 1986 9
8 16 16 564 9
10 9 2 1369 18
13 12 13 476 7
15 10 1 820 14
14 17 9 435 2
6 5 20 212 19
3 8 19 358 5
3 6 13 881 9
