250
9 16 1 341 5
14 7 15 225 1
19 11 12 274 2
1 3 18 395 3
14 15 17 394 1
7 18 17 480 4
15 17 19 590 3
3 13 9 31 1
5 20 5 424 1
4 1 2 37 2
10 10 17 79 3
20 12 12 230 4
2 13 12 346 3
14 13 16 372 5
7 8 15 335 1
3 3 9 219 5
9 8 18 122 1
13 4 13 91 1
4 10 7 338 3
20 16 19 61 1
1 13 20 62 1
7 20 2 413 5
16 5 7 521 1
19 5 5 31 4
12 4 3 336 1
13 9 15 156 3
14 1 20 173 4
20 4 10 572 3
8 12 3 257 5
5 11 10 465 3
14 18 1 208 4
2 9 18 404 2
8 20 4 275 5
19 2 6 612 4
7 20 11 593 5
11 4 10 564 4
15 16 2 246 5
5 6 2 209 4
8 3 2 442 2
16 11 11 450 4
6 12 2 78 5
13 19 14 88 4
14 15 12 133 5
16 15 7 134 1
3 16 15 138 1
7 14 12 179 4
15 20 3 286 2
2 1 9 340 1
6 10 5 475 2
19 7 2 509 2
5 11 14 495 3
14 18 8 468 3
6 15 14 458 3
12 15 4 246 2
18 4 11 83 2
17 9 14 497 5
10 20 16 432 3
2 8 3 495 2
10 17 9 447 2
19 15 2 167 3
8 4 7 642 1
13 15 5 367 5
12 11 1 213 4
3 17 5 294 4
11 2 9 128 1
10 19 19 444 5
15 16 12 587 5
6 10 1 180 2
8 2 18 645 5
20 12 1 569 3
3 4 7 114 1
10 5 4 594 5
7 19 9 523 1
11 12 3 154 2
19 13 13 552 1
7 2 8 267 1
19 14 14 602 4
10 14 20 178 3
14 8 13 494 3
2 11 7 551 1
20 19 11 622 1
2 8 20 362 1
15 18 15 525 4
2 15 9 333 1
6 12 4 179 2
16 20 13 421 3
3 12 18 429 3
3 18 12 626 3
17 19 19 225 3
9 4 14 387 5
18 4 3 480 4
7 13 7 386 1
3 10 4 500 5
10 19 5 446 1
3 18 15 127 3
10 8 11 435 4
16 19 20 320 4
19 3 1 119 3
6 13 1 570 1
17 11 14 453 4
13 17 14 325 1
20 19 4 380 2
2 19 9 156 2
19 14 17 130 5
15 7 18 221 1
12 2 14 506 2
2 9 20 491 5
18 16 3 132 3
3 13 14 234 4
19 12 10 519 1
14 3 18 545 4
8 17 8 366 2
14 9 4 235 3
16 9 2 274 2
17 5 13 613 2
17 6 15 328 4
13 18 17 122 4
15 6 1 159 3
13 11 18 449 2
15 5 20 205 4
5 7 16 499 1
1 13 1 205 2
2 13 12 37 5
4 11 7 158 4
10 9 18 42 4
11 8 3 466 1
8 14 1 319 2
12 8 3 118 5
3 15 20 319 1
17 7 13 619 3
9 12 3 624 4
16 20 18 517 5
13 17 16 269 3
13 20 12 226 4
5 19 4 377 5
2 15 7 422 2
6 20 3 122 5
12 18 18 309 3
7 12 17 364 2
4 10 3 428 3
16 1 6 503 4
2 1 2 436 1
6 12 3 623 3
11 13 11 584 4
18 11 4 270 5
14 2 4 109 1
8 9 9 543 4
13 5 1 450 1
18 16 13 596 1
18 2 9 343 2
4 15 20 169 5
7 5 4 162 1
8 6 4 576 3
8 13 12 194 4
1 12 12 446 1
17 8 2 463 5
13 16 10 68 3
18 6 1 121 4
9 12 3 100 3
12 19 15 619 1
10 20 17 291 2
20 13 7 628 1
16 13 11 269 4
1 13 14 193 5
7 1 7 242 4
1 8 7 519 1
3 15 1 313 4
15 15 5 308 3
6 6 16 140 3
13 9 15 523 2
17 17 19 242 3
15 3 3 68 1
5 7 3 302 5
12 7 14 623 4
5 18 6 483 5
7 10 17 169 5
1 15 9 417 3
2 8 16 184 4
2 17 19 659 3
9 16 7 397 2
19 10 18 664 5
20 13 8 509 2
7 5 15 431 4
15 17 7 392 4
10 4 6 105 3
15 12 17 507 4
11 8 5 524 4
20 3 18 323 3
16 3 20 553 4
2 17 4 100 3
1 9 4 607 4
17 14 20 579 5
16 7 9 275 1
18 2 20 236 5
8 5 8 109 1
17 8 15 56 5
1 14 3 548 3
1 1 1 445 1
17 13 14 100 1
14 3 17 76 5
14 17 9 624 4
20 13 3 98 1
13 1 14 141 2
18 20 17 190 1
7 9 1 485 2
2 7 16 555 4
6 19 6 180 5
3 2 6 220 1
11 18 12 174 3
6 7 8 154 4
1 4 8 438 1
8 10 4 56 3
8 14 12 108 2
14 2 6 438 4
5 19 12 40 5
5 14 12 621 4
4 6 3 572 4
9 13 9 441 4
17 18 19 66 3
7 20 18 403 1
19 16 7 57 1
12 5 2 101 2
7 1 13 168 4
4 7 2 136 3
6 11 10 243 5
17 7 12 252 2
4 20 15 302 1
11 13 7 226 1
5 7 13 493 5
19 2 13 421 1
19 2 16 157 1
17 7 8 289 3
13 14 20 124 1
9 3 8 88 3
4 14 7 204 3
14 16 14 67 1
15 11 5 410 5
15 9 5 598 4
19 20 12 345 3
9 15 2 179 4
2 5 16 33 5
3 12 6 503 5
16 12 2 470 4
3 1 2 578 3
13 5 20 493 3
9 9 5 545 4
6 2 18 202 2
19 3 8 490 1
12 9 20 65 5
15 4 3 295 3
