100
3 7 8 559 5
4 3 9 236 3
1 10 7 297 3
5 8 3 389 3
3 7 1 447 5
8 3 8 405 5
1 3 7 491 1
5 3 8 68 3
10 2 7 524 1
7 9 7 131 3
4 10 9 114 5
7 1 2 325 1
7 1 2 344 4
5 7 7 294 3
5 6 2 255 5
2 5 10 537 4
5 6 5 55 2
10 1 3 14 2
4 2 1 161 4
7 7 10 331 1
6 4 2 127 2
8 5 3 558 4
6 10 3 307 3
2 8 1 111 3
7 1 10 553 2
3 6 2 74 1
10 4 9 253 2
8 5 7 512 3
5 5 3 463 3
8 5 3 273 1
3 6 4 365 1
9 8 9 330 2
8 10 7 299 5
3 5 7 300 2
6 6 1 480 4
3 6 7 392 5
7 5 1 400 5
7 4 7 513 3
2 1 4 88 5
9 4 6 371 1
1 3 6 382 1
7 10 1 401 3
6 8 2 251 2
3 8 3 249 5
8 4 5 229 1
10 2 3 334 3
10 4 10 552 3
2 4 2 71 1
3 7 2 311 2
2 3 5 166 5
9 8 6 516 5
8 7 6 173 3
10 9 7 401 4
9 3 5 145 3
8 6 10 538 4
1 1 9 480 2
7 8 7 553 5
8 6 4 399 4
5 10 6 355 1
7 3 7 48 3
3 7 7 293 4
4 6 2 344 1
10 2 1 535 5
10 1 2 132 2
2 5 4 60 4
3 2 6 31 5
9 3 4 60 3
3 6 2 520 1
7 1 10 527 1
5 1 6 471 2
5 4 5 217 2
5 2 8 438 2
2 6 9 251 1
4 4 2 298 4
10 1 7 541 4
7 7 4 323 3
4 1 1 105 4
10 5 1 467 3
7 10 8 232 5
8 10 8 530 1
6 1 1 230 1
7 3 9 421 2
1 7 2 86 5
9 1 4 466 4
1 8 2 209 2
9 5 1 71 1
8 9 1 507 4
1 10 3 492 2
5 6 7 431 2
6 10 9 493 3
8 4 5 482 2
2 3 4 391 4
3 6 3 221 2
6 4 6 408 4
5 2 1 295 4
5 3 7 390 3
6 4 3 119 1
3 5 7 135 2
7 7 6 275 1
2 5 10 402 4