200
20 19 17 1571 21
4 22 21 1903 2
16 10 24 1472 11
10 16 3 63 5
5 16 21 1004 9
8 20 15 1506 2
4 25 20 1706 1
6 23 17 239 25
19 9 7 904 17
15 3 1 623 2
21 22 22 164 21
5 23 24 2301 10
4 9 7 1356 15
2 15 21 2165 17
22 2 24 1338 15
20 16 18 120 13
4 8 22 474 22
10 15 1 1239 2
15 12 8 981 15
13 25 18 295 15
3 11 20 288 15
25 2 2 577 5
25 17 11 1414 9
11 22 7 1025 20
23 3 17 1494 20
15 10 21 1845 7
6 15 23 2503 23
14 10 25 1115 3
8 11 23 2593 13
1 10 20 1385 12
11 1 10 1776 6
23 6 13 1074 10
18 11 6 2421 11
16 12 1 432 7
6 17 15 2179 3
1 23 17 907 13
15 15 9 1032 6
8 3 17 1248 3
4 5 3 2509 21
4 21 6 1301 15
22 5 20 2166 17
13 22 10 185 16
10 2 23 1308 8
25 6 8 144 17
25 19 10 1826 17
3 15 6 2511 23
19 9 22 1687 3
19 3 10 1035 13
13 15 14 819 8
16 13 22 824 20
19 10 13 587 10
2 17 5 1176 10
7 19 4 449 24
13 20 2 1173 13
1 15 23 432 22
3 19 8 782 15
15 22 25 2363 21
20 11 18 2265 14
21 15 5 923 17
6 19 4 588 10
21 16 25 103 17
14 20 17 551 15
13 13 14 1795 18
18 16 18 1447 24
3 14 24 2389 24
20 21 23 2477 17
7 24 24 1158 18
12 23 6 705 25
25 25 2 731 5
8 19 4 2498 20
9 15 19 1010 25
10 20 23 933 5
2 15 12 145 21
21 3 16 1002 14
10 11 24 1124 24
17 23 8 1404 14
4 4 11 1314 25
24 18 10 2534 3
11 7 5 865 4
20 15 6 1337 1
7 22 21 268 23
15 11 25 2310 1
20 14 23 866 25
13 21 20 1665 3
20 16 6 2421 2
12 25 20 2295 23
8 3 13 244 16
4 1 6 2314 3
19 12 10 185 22
6 22 24 1497 22
3 6 19 2069 20
15 4 8 442 1
5 14 23 849 18
22 21 10 1115 20
8 2 19 1009 2
24 14 11 299 25
13 20 1 1106 1
8 2 3 1464 6
15 11 4 1142 5
7 21 5 1955 13
18 10 3 2253 5
2 15 21 309 4
24 7 7 549 13
5 10 9 2518 15
13 14 24 1140 21
23 9 12 2363 7
11 15 25 1036 1
19 5 14 1308 16
5 19 18 1428 5
12 19 2 234 10
11 8 5 2187 10
3 4 14 208 8
4 1 23 1032 24
15 24 1 1882 1
19 4 23 2461 15
21 14 21 1997 20
23 11 12 1061 10
5 15 15 2259 24
24 19 22 440 1
19 10 20 2195 25
8 19 25 1229 19
18 9 1 904 15
12 2 3 2459 11
6 10 7 849 5
17 11 2 837 18
12 5 1 2459 18
11 22 14 323 24
21 22 4 1509 9
14 13 24 476 19
20 15 20 1400 15
17 5 7 1574 7
20 20 24 1779 6
3 10 15 1073 13
12 1 16 1827 4
2 10 12 80 9
2 2 24 1500 9
3 16 3 582 12
24 8 14 1659 19
22 22 9 1010 4
14 14 2 1138 1
2 6 15 591 9
16 5 22 2571 23
2 25 20 200 19
23 3 11 389 20
2 5 3 1190 11
25 23 3 2179 18
19 22 19 1744 20
7 25 1 1998 9
15 22 13 2003 11
17 19 22 784 2
6 7 21 2120 19
20 1 2 2285 16
14 24 21 1706 17
20 6 6 1487 15
3 24 2 1090 4
2 1 2 965 15
7 24 8 1384 16
24 19 14 1994 2
22 25 7 591 2
13 6 25 1292 14
16 8 15 340 1
15 25 13 590 6
18 8 18 1957 17
19 25 1 799 22
13 6 24 230 1
16 22 7 329 10
17 15 6 1439 19
14 17 1 2270 21
17 8 2 2119 9
20 19 7 2074 6
22 19 9 1106 20
18 7 8 81 12
23 1 22 1052 15
24 19 10 2182 13
25 20 17 2336 3
17 20 6 1300 25
4 1 21 1601 5
24 12 4 752 3
1 13 13 532 7
15 13 17 2497 11
16 15 24 331 6
12 18 19 774 19
12 12 24 267 21
18 3 19 2429 16
2 21 20 338 24
23 4 4 2551 25
5 22 3 2000 14
23 25 4 918 17
10 24 17 1745 21
9 8 12 1772 23
11 22 17 2073 16
12 13 20 777 8
13 2 5 451 15
13 19 7 79 8
18 18 21 916 11
11 6 15 2037 4
12 5 21 2151 15
16 14 22 2394 14
11 14 5 422 23
25 5 2 266 8
