450
2 9 5 1211 3
8 6 4 2437 5
7 5 4 1048 3
4 6 9 1521 2
7 1 9 2411 1
6 1 7 2426 4
1 1 4 1623 4
5 10 6 97 2
4 6 1 1675 2
6 3 2 400 5
9 2 6 1008 1
6 9 4 986 1
2 9 3 1551 5
9 7 4 794 3
7 7 6 1696 2
5 5 3 55 2
4 6 7 360 4
9 7 7 2249 2
8 7 7 1740 3
7 10 1 2457 1
10 10 10 253 1
4 5 8 809 4
3 9 4 2228 3
6 8 8 715 2
6 3 7 2378 5
1 7 5 782 2
10 1 8 602 4
4 3 5 83 4
7 4 2 62 3
5 9 9 1956 2
8 6 2 1972 2
7 3 5 101 4
2 2 7 225 3
8 3 10 589 2
4 1 3 1660 4
4 10 6 843 5
4 7 4 687 2
4 8 1 1800 5
7 7 5 1446 1
7 6 8 547 4
10 9 1 962 4
6 4 1 1914 1
5 5 4 271 4
1 3 3 2260 1
9 3 3 2167 5
2 4 8 644 2
3 5 10 1498 1
2 2 5 505 1
3 2 2 1796 5
9 9 3 1780 3
2 5 2 802 5
4 5 5 745 2
6 6 3 1124 5
3 7 6 127 3
10 1 8 1021 3
4 2 8 1772 3
10 8 10 1126 3
4 1 3 160 1
7 8 5 1002 1
1 8 9 1379 5
7 8 8 1690 4
10 2 10 1633 3
3 2 3 101 4
8 6 6 1100 4
1 7 5 656 5
2 5 8 1990 1
1 8 9 286 4
9 4 8 504 4
6 9 7 494 4
6 9 6 2313 2
9 6 1 2425 1
9 7 1 113 4
5 3 8 628 3
5 10 4 1873 5
7 7 8 2383 3
9 1 7 652 2
8 10 10 2422 4
6 6 3 112 1
6 7 3 1568 3
7 4 3 1182 1
3 8 2 2445 3
1 2 1 836 2
5 4 6 676 1
3 1 5 774 4
6 8 5 554 3
9 5 2 2132 3
5 9 7 1406 1
7 4 5 778 5
8 10 2 1460 3
4 4 9 1472 4
4 6 10 2418 3
4 7 2 1813 1
8 3 8 484 5
6 9 3 1580 1
2 5 2 1426 4
3 1 7 1223 2
4 8 1 1987 3
3 5 5 424 4
9 9 3 484 5
1 7 1 1582 3
10 5 10 42 2
3 8 4 543 3
6 5 2 941 1
5 9 1 2010 2
8 10 2 2484 2
9 8 6 717 3
9 7 2 231 5
4 10 8 1045 1
9 1 7 51 4
7 1 10 709 1
3 3 3 2084 5
8 3 2 2462 2
7 3 3 1273 1
5 4 10 338 2
8 7 2 1342 5
3 10 3 786 5
10 6 10 1476 4
9 8 8 1903 5
9 4 5 1188 1
6 6 9 919 4
5 3 10 2103 3
5 9 2 1532 5
2 1 7 2054 5
7 3 7 1539 1
7 10 7 1465 3
10 7 7 1867 2
9 3 4 2327 1
1 2 10 1078 3
3 1 4 2295 1
8 4 1 53 5
3 4 10 1986 2
3 7 7 2418 4
4 4 1 456 5
3 1 4 958 2
8 7 3 1080 5
8 7 9 2006 5
8 1 9 2150 5
10 7 6 2109 3
8 4 7 2067 1
10 2 5 1626 5
9 5 7 1000 2
5 7 7 1756 5
3 3 6 807 2
7 2 10 1573 4
10 10 8 843 3
8 9 6 979 1
1 4 4 1880 1
8 1 8 121 3
2 8 2 1530 3
10 6 6 849 4
8 8 4 262 5
1 9 8 2017 3
10 1 10 1167 1
8 8 10 558 1
5 9 5 135 5
7 8 7 1102 2
9 8 6 1559 5
7 4 1 2006 2
10 3 6 1045 2
7 8 2 464 4
6 1 8 958 1
5 1 9 1035 4
1 4 6 20 4
1 9 2 2284 3
2 8 1 70 5
3 10 1 200 1
7 9 1 1960 3
9 9 9 702 4
1 9 4 886 4
7 2 2 923 1
3 4 3 1988 1
8 1 10 502 1
2 3 1 648 1
6 3 7 1303 2
4 3 8 1255 5
10 5 5 1474 3
6 5 5 1275 3
2 10 5 429 1
1 7 8 362 5
9 3 2 1689 1
3 8 6 1622 2
6 5 7 1019 4
6 7 6 2383 4
8 9 8 2125 2
1 1 10 34 1
7 5 6 1147 4
3 7 6 470 3
5 4 10 1325 2
3 6 2 1040 5
9 7 7 2371 5
6 9 4 221 4
5 8 8 542 1
1 5 8 1089 3
2 4 2 1873 3
6 10 3 2219 5
3 1 3 2108 1
3 1 8 336 2
3 1 1 1318 1
2 5 9 1293 5
3 10 9 563 1
1 2 10 1048 1
8 8 1 1366 2
3 7 4 2070 3
7 1 8 91 2
4 2 1 277 1
8 9 6 2430 5
1 8 9 2060 2
4 1 4 2124 4
5 2 10 400 1
9 4 8 168 3
4 5 7 1388 5
8 2 1 1267 2
6 8 9 2476 3
2 3 1 1957 4
4 6 10 1795 5
7 10 6 356 3
2 8 3 659 5
10 4 7 1586 1
2 1 4 345 4
2 8 9 1373 2
9 3 1 1159 2
6 8 9 1614 3
3 2 5 1983 5
5 2 6 455 5
4 2 3 2388 3
7 6 7 941 1
2 7 9 1536 5
8 5 10 737 5
7 7 6 2209 3
4 8 1 1691 5
7 2 3 1634 3
9 9 9 1600 5
4 4 8 1436 5
8 2 9 577 2
10 8 2 433 3
6 7 9 1461 5
3 1 1 33 5
1 3 3 2355 3
8 3 2 1169 1
6 5 7 2371 1
6 4 3 955 3
2 8 4 807 5
3 8 9 1294 2
7 10 7 1118 5
4 8 5 124 4
7 3 5 1694 1
3 7 4 2307 5
10 8 1 2255 3
4 4 9 1447 5
10 9 4 1718 1
9 7 6 904 2
2 6 2 1063 5
1 7 6 1816 3
2 4 1 135 1
5 1 6 425 2
2 3 9 1763 3
8 1 10 2337 5
1 8 1 2144 4
5 1 6 575 2
7 5 10 2207 4
6 8 10 1367 5
2 3 6 863 2
6 8 10 1187 1
4 3 7 82 4
4 1 8 1884 3
8 9 3 55 5
2 10 10 2185 1
2 4 6 2372 5
7 9 5 570 1
9 5 7 1854 4
3 7 7 709 4
8 2 5 644 4
8 7 10 1717 5
5 9 5 787 5
2 2 9 1616 3
2 4 1 2080 2
8 5 8 2144 2
2 9 2 2249 5
4 8 8 1055 1
10 9 8 122 4
1 3 4 984 3
3 6 8 1063 3
4 6 9 1711 5
2 2 4 333 1
2 2 3 1412 2
2 9 4 1628 4
3 8 2 1637 5
8 1 1 473 1
8 2 3 2144 5
5 5 5 1185 5
2 5 3 555 4
2 2 9 2152 2
2 2 4 1015 1
3 4 5 165 5
10 5 4 2267 2
5 2 10 1710 1
2 5 5 1215 5
3 8 5 2348 4
4 4 9 1763 5
6 4 3 876 4
3 9 8 1179 3
6 6 2 2306 1
4 2 10 776 1
10 5 1 245 2
9 4 10 2150 5
7 3 5 285 4
3 9 8 56 1
5 6 9 202 3
10 7 6 2289 2
8 4 2 85 4
1 9 9 492 3
9 7 9 921 4
8 3 1 1430 1
10 1 7 1662 5
1 5 5 1214 4
7 1 1 128 3
10 10 1 1107 2
2 8 5 2316 4
1 2 9 2232 5
9 7 5 1490 3
8 3 4 365 4
5 5 4 1913 5
9 1 4 1866 2
7 9 7 104 5
8 6 1 1053 1
9 4 8 911 5
8 4 7 2401 3
2 6 10 1897 5
3 1 10 927 4
9 6 5 498 2
3 2 1 216 3
1 4 10 959 2
6 4 8 1122 5
3 3 10 2209 3
4 1 2 2127 1
10 2 4 2438 5
4 1 4 1774 2
1 2 4 2190 5
10 8 8 201 5
6 8 9 586 4
1 8 6 303 2
2 7 3 1777 2
2 5 5 1615 2
1 1 8 918 2
2 9 2 2381 4
4 9 1 1766 1
3 4 10 1508 3
8 6 2 704 1
3 4 6 1226 2
8 3 5 871 5
10 7 8 326 3
6 6 6 456 4
4 6 7 824 4
1 1 5 153 5
5 2 10 1099 4
2 6 7 1936 5
1 4 9 1001 2
6 5 2 2213 4
3 3 10 1035 2
6 6 2 278 2
4 4 3 330 1
5 5 10 2396 4
5 4 1 1026 5
5 1 7 60 4
3 7 10 2035 4
9 6 1 1788 5
1 5 9 1189 2
9 8 8 1425 3
7 5 1 1653 3
2 8 7 1306 5
7 3 6 846 5
4 10 7 2344 4
8 7 2 822 5
1 2 5 1116 3
10 6 6 1741 3
3 8 8 185 2
3 9 10 159 4
5 6 3 1862 4
5 1 7 551 2
3 6 6 577 2
7 8 4 1897 1
9 9 1 1420 3
8 5 7 1783 2
5 7 9 1525 4
8 2 3 656 1
8 6 3 1596 4
7 3 3 1322 3
2 9 4 496 2
6 2 5 361 5
4 1 5 663 3
3 9 9 2276 2
9 4 4 1687 3
6 7 10 936 3
5 2 8 1230 5
7 10 8 605 1
5 8 3 874 5
8 3 10 1548 3
3 4 10 2323 5
2 5 8 673 5
10 5 5 1127 3
10 3 8 1441 4
5 4 7 1911 4
7 2 7 736 1
10 8 6 671 3
9 10 7 1851 1
7 5 8 370 2
6 3 6 844 3
10 2 9 540 2
6 7 8 1978 2
10 6 7 1691 2
6 10 1 400 2
2 4 8 141 5
7 9 7 253 3
7 10 1 1546 5
9 6 4 1940 5
2 3 9 2299 3
2 2 7 1280 4
6 7 1 735 3
4 1 3 1530 3
5 7 3 2322 5
10 3 9 779 3
6 10 10 2373 4
9 5 7 2217 2
8 3 8 401 4
7 2 4 2202 3
10 10 1 306 4
7 8 5 1932 2
1 2 3 1548 1
3 1 1 1589 4
4 4 10 1576 3
1 4 9 1779 1
3 4 3 1213 4
4 9 5 85 2
5 7 1 752 5
4 3 2 360 4
5 1 1 1601 2
1 2 7 90 5
6 2 10 1761 5
7 5 9 1733 1
9 6 1 699 2
2 3 3 2090 3
2 9 9 1881 4
5 9 3 1642 5
3 9 2 67 5
9 10 7 844 2
5 10 2 56 5
5 5 7 1715 3
2 2 8 643 3
5 3 10 326 4
10 5 3 1539 4