50
2 7 4 31 3 
17 14 12 67 5 
9 6 20 46 1 
9 16 2 38 7 
13 20 10 60 8 
21 5 8 46 8 
17 14 4 46 3 
11 17 7 38 3 
4 16 15 49 2 
7 18 15 49 7 
3 3 20 41 11 
11 19 5 45 3 
11 19 3 34 9 
16 20 9 64 8 
21 20 15 72 11 
15 5 14 43 6 
4 17 18 47 10 
1 11 1 37 1 
19 13 19 64 5 
5 1 7 27 4 
6 18 20 63 11 
13 20 8 60 9 
17 1 3 45 4 
13 20 7 47 10 
21 13 10 64 10 
4 2 8 37 1 
9 13 7 48 11 
8 1 10 26 3 
9 9 10 48 4 
4 21 8 42 4 
18 12 18 61 1 
9 11 6 26 9 
14 17 14 51 8 
7 10 6 29 4 
11 2 5 37 5 
8 15 14 55 4 
3 1 11 37 4 
18 19 4 62 11 
11 10 1 43 1 
20 9 2 43 8 
6 20 8 58 8 
2 21 2 48 1 
9 6 15 45 9 
19 11 6 57 10 
1 9 15 47 3 
5 15 6 47 9 
17 1 8 45 9 
7 6 2 33 10 
10 2 5 21 6 
5 19 20 52 2 
