200
12 17 12 2034 16
4 19 1 2230 13
11 6 15 1566 18
7 18 9 1116 20
13 15 17 1740 3
19 18 12 1584 7
10 19 12 991 15
16 1 9 1753 11
15 20 16 636 16
11 19 8 354 11
7 2 16 64 2
17 13 19 509 14
1 5 15 467 2
16 5 11 1249 13
4 6 15 568 9
15 14 5 547 2
6 20 16 1627 7
2 9 16 1510 9
20 19 15 322 15
12 19 11 937 18
20 13 3 395 7
5 5 3 471 17
20 19 7 195 7
8 11 11 1248 14
4 6 6 1919 2
1 11 20 2075 19
16 6 11 125 16
18 15 1 1676 12
16 4 3 272 7
10 10 9 556 1
11 3 15 629 17
12 9 6 1322 9
17 18 2 1495 3
3 15 13 1552 6
2 16 2 1391 19
1 17 6 1243 11
11 10 3 450 18
14 19 13 1868 2
14 8 15 2162 16
2 5 14 1682 10
5 9 19 445 20
4 7 11 118 14
20 11 15 1387 2
3 15 8 1329 1
14 2 5 379 14
2 5 8 24 9
13 6 8 1004 5
4 20 18 1030 2
13 6 19 1524 10
7 5 15 28 10
2 16 9 1687 9
12 20 12 116 1
8 19 1 1973 4
7 19 6 1638 15
2 12 17 1800 3
9 11 17 1643 9
3 3 9 153 19
16 11 12 889 14
7 9 9 1632 9
13 14 15 1843 3
6 3 20 162 16
11 17 4 977 10
13 14 6 161 5
15 3 3 225 10
12 19 4 1968 4
9 2 15 120 1
5 14 6 1508 10
13 2 12 1443 19
2 8 3 1963 12
19 3 18 803 3
17 15 2 1524 5
17 4 7 2162 6
20 8 11 1008 16
19 17 5 1012 13
19 10 20 855 3
18 17 19 611 18
6 20 7 1981 8
16 13 12 590 14
15 11 11 896 14
9 16 16 1368 6
15 16 17 1805 19
16 9 19 1517 17
17 9 20 596 1
11 10 10 570 19
1 3 16 1342 9
16 14 6 970 13
19 16 14 1953 11
20 16 15 407 12
11 18 5 1168 16
4 16 10 1380 14
8 9 1 684 11
9 8 13 570 16
19 19 20 2149 13
8 20 10 2002 1
1 15 14 770 1
3 19 5 518 7
14 9 9 1877 19
6 13 7 270 9
12 4 10 1183 1
16 3 15 1222 7
11 1 8 1440 16
9 17 19 696 15
14 18 4 175 5
18 8 16 1932 12
12 1 17 2190 4
6 4 19 1121 15
4 14 17 906 20
5 13 13 1353 9
18 16 8 688 19
2 9 2 635 4
10 1 15 1040 16
16 19 5 2101 13
3 15 11 160 10
7 20 4 697 14
7 10 4 626 3
20 1 4 1463 14
11 15 10 1668 20
2 1 15 421 18
4 11 15 1216 2
13 16 5 604 2
4 16 10 1052 9
1 3 16 436 13
3 8 15 1783 6
17 9 9 1487 19
20 12 13 1095 11
4 4 6 1650 4
2 16 12 1964 3
9 2 18 314 11
19 19 5 1738 9
2 11 12 1053 12
16 9 19 2099 9
13 10 19 320 15
13 5 16 1400 16
2 9 9 1133 6
11 7 14 1954 9
20 8 17 1565 3
20 17 19 833 4
18 17 3 308 17
19 8 15 225 13
12 13 1 1328 7
10 9 10 1992 15
15 14 14 2045 19
10 16 20 144 12
3 7 19 675 16
14 18 11 896 20
13 19 10 1459 20
5 14 12 1515 8
19 13 19 730 2
3 15 2 109 6
18 18 12 1573 9
7 5 8 536 5
2 1 14 2075 4
13 3 8 252 2
14 12 10 1320 4
12 16 8 1670 8
1 6 8 530 5
20 15 18 828 11
9 4 13 1316 9
11 14 15 2053 15
11 10 20 1336 10
2 13 12 633 4
17 1 14 1467 12
3 15 12 2082 13
20 13 12 1945 12
13 1 10 1339 11
12 13 19 182 8
11 7 11 1143 17
19 15 17 812 7
8 15 11 1888 4
15 15 15 2237 11
4 4 9 53 12
16 3 5 180 10
5 12 17 1301 4
4 20 5 904 7
20 3 3 1010 18
10 14 19 382 17
19 14 15 186 19
18 2 18 389 13
20 14 12 1810 20
4 14 11 1130 17
13 9 8 75 8
20 17 17 1522 15
13 17 12 889 15
5 10 4 1312 12
15 18 15 548 3
13 14 11 1262 19
11 10 4 1453 20
6 17 14 1380 9
16 3 16 1845 3
1 1 10 362 18
18 17 20 848 13
16 9 12 2193 12
4 3 10 767 5
6 2 9 939 3
6 16 14 462 19
14 2 13 924 4
14 17 10 100 5
4 18 13 1248 20
2 6 12 1414 4
12 7 9 1497 12
