500
19 20 20 164 14 
1 14 7 159 45 
1 7 10 81 64 
15 12 14 243 56 
16 15 19 209 84 
5 18 4 42 23 
5 17 20 113 44 
11 20 19 240 96 
21 4 3 37 90 
12 19 13 178 100 
15 16 18 202 40 
14 14 13 233 86 
10 12 12 123 81 
5 18 5 128 4 
2 16 11 107 87 
14 2 16 91 58 
6 9 1 152 47 
18 8 6 212 23 
3 11 7 24 49 
11 19 16 167 27 
1 11 14 35 58 
19 17 1 51 44 
17 11 19 222 85 
20 12 20 262 7 
21 6 1 254 49 
16 10 8 212 81 
6 9 21 36 97 
10 14 12 128 6 
15 13 10 248 93 
7 12 15 223 65 
12 18 9 88 33 
13 21 2 123 89 
6 14 18 159 95 
2 17 8 149 39 
19 2 12 128 42 
5 17 16 185 58 
15 1 8 272 22 
21 13 19 115 35 
4 2 4 86 101 
3 5 19 39 75 
11 20 15 253 62 
14 15 16 56 93 
2 2 15 149 13 
9 12 13 187 92 
14 2 19 157 19 
11 20 18 162 40 
18 14 1 106 75 
16 1 6 173 37 
2 15 1 21 93 
20 17 2 96 47 
19 2 10 199 27 
12 15 5 274 64 
19 3 7 39 38 
20 12 15 165 46 
19 19 3 56 5 
3 21 17 72 27 
14 6 14 173 98 
5 6 20 138 55 
15 4 9 189 76 
7 1 11 29 13 
2 10 10 94 80 
11 20 3 218 85 
18 20 3 274 7 
19 14 17 102 56 
15 9 1 221 4 
4 7 3 166 23 
19 12 15 57 15 
9 4 3 101 96 
11 9 16 103 57 
2 4 10 99 90 
12 5 20 269 83 
3 9 17 33 75 
3 20 11 54 69 
11 1 4 37 95 
9 9 3 44 38 
21 5 10 84 84 
1 8 11 160 65 
8 18 11 186 87 
17 9 14 194 83 
16 7 17 110 2 
20 11 4 164 11 
16 19 17 176 51 
18 21 8 181 55 
18 7 16 118 46 
3 4 2 195 78 
12 7 20 266 87 
11 6 11 33 32 
2 6 10 141 12 
2 13 5 66 100 
15 7 5 43 46 
19 6 20 223 76 
9 18 9 189 92 
2 5 13 209 84 
10 16 6 99 33 
12 9 15 193 18 
14 11 11 101 15 
18 11 16 225 22 
19 10 19 201 100 
10 3 10 47 81 
10 19 17 78 51 
14 4 2 190 99 
5 21 20 125 67 
14 16 5 279 6 
16 16 4 261 80 
6 4 4 99 36 
18 3 13 188 51 
11 15 19 193 25 
11 6 11 89 90 
6 2 11 226 40 
2 20 14 108 65 
17 19 2 113 38 
14 14 3 250 94 
10 2 13 37 23 
21 15 5 173 37 
13 10 7 100 66 
18 5 14 191 54 
12 7 17 47 6 
10 4 7 210 99 
15 5 11 112 64 
10 21 2 66 87 
5 2 11 62 85 
15 12 15 161 9 
2 12 10 54 42 
19 18 6 208 49 
2 6 8 200 85 
8 17 17 88 44 
21 1 19 102 62 
7 3 13 229 54 
21 19 4 213 28 
12 6 16 128 72 
3 12 1 222 94 
12 21 2 61 101 
7 19 5 75 14 
14 21 12 285 96 
21 6 16 122 93 
15 8 13 75 96 
5 10 13 277 13 
4 14 2 156 71 
2 8 8 243 29 
21 21 2 211 23 
15 15 11 233 45 
10 13 19 271 24 
8 9 5 32 19 
10 20 11 203 89 
21 8 3 140 65 
13 20 20 193 22 
1 11 8 67 32 
13 19 19 131 70 
4 3 16 245 45 
9 6 12 247 71 
16 21 15 69 99 
15 20 9 44 40 
5 12 12 100 95 
13 2 20 44 7 
17 17 10 104 60 
16 9 6 212 72 
18 15 6 92 12 
19 9 16 61 38 
13 21 20 284 16 
20 20 8 245 91 
4 16 4 260 43 
19 10 2 93 13 
3 9 17 134 95 
7 5 11 184 10 
4 15 14 282 64 
13 13 2 80 64 
11 9 7 103 71 
16 7 3 155 56 
10 21 19 275 5 
7 6 7 192 79 
15 5 8 101 61 
1 9 14 246 38 
3 8 14 187 53 
14 20 6 59 92 
16 18 20 276 14 
7 2 21 235 8 
10 21 21 110 53 
6 18 15 86 90 
6 14 7 195 80 
13 20 11 52 93 
18 13 18 295 53 
15 3 6 174 100 
4 14 21 56 80 
18 15 10 152 46 
20 4 18 214 10 
6 4 2 256 95 
2 8 7 191 86 
5 20 19 95 82 
16 6 12 221 61 
20 14 4 90 70 
7 17 15 178 47 
1 8 5 34 97 
1 14 10 245 58 
15 12 18 168 8 
10 16 13 151 41 
2 19 8 242 94 
14 13 4 144 66 
17 21 2 165 73 
9 4 16 220 26 
14 12 16 196 83 
21 12 2 177 48 
14 10 13 87 3 
19 15 11 236 3 
20 17 12 299 71 
20 5 10 90 47 
15 2 11 35 90 
10 19 5 139 82 
11 19 16 143 68 
21 6 17 183 73 
19 7 13 192 94 
4 15 20 282 5 
13 4 12 99 37 
6 12 15 74 74 
14 15 14 173 49 
11 17 10 133 24 
4 9 16 95 92 
20 3 16 74 44 
1 1 11 30 56 
4 20 20 221 42 
2 1 12 151 51 
11 2 11 160 15 
21 12 19 101 62 
4 16 13 236 94 
6 5 10 110 59 
2 4 14 95 22 
13 21 3 214 80 
10 11 5 93 40 
6 6 15 101 28 
15 3 17 37 93 
8 17 1 226 49 
15 12 19 286 52 
16 9 5 36 23 
1 18 17 276 78 
15 5 15 42 37 
21 1 15 249 13 
8 12 11 120 51 
20 9 11 95 94 
8 18 9 111 76 
19 7 12 185 67 
13 14 16 194 61 
4 3 18 215 51 
21 11 5 146 89 
13 20 7 94 93 
11 15 16 152 79 
7 16 13 180 89 
12 6 11 113 40 
12 10 9 143 70 
8 7 12 61 28 
2 6 19 242 48 
16 11 19 91 60 
9 21 4 240 20 
6 16 16 117 28 
7 10 6 244 21 
8 16 12 132 84 
5 11 11 40 29 
19 1 20 104 58 
10 3 12 160 19 
14 1 7 252 41 
16 3 5 236 35 
13 17 3 243 35 
20 20 13 65 32 
8 8 3 124 85 
21 12 4 41 15 
15 20 16 247 57 
1 12 16 114 13 
9 8 20 177 44 
18 4 14 83 13 
13 17 1 148 20 
1 1 8 66 1 
17 10 6 50 35 
2 9 2 220 93 
8 7 13 221 11 
9 2 21 203 95 
17 4 3 80 82 
7 10 9 156 48 
1 2 12 60 39 
1 8 20 238 44 
14 1 19 253 35 
21 5 1 108 14 
10 11 6 92 98 
14 4 15 231 62 
1 8 12 140 34 
18 14 6 67 66 
6 6 19 139 1 
2 1 6 232 91 
1 17 21 228 76 
12 11 2 89 32 
16 8 19 119 33 
1 16 21 168 8 
19 14 10 86 74 
18 20 17 185 46 
3 20 15 204 24 
6 14 19 182 19 
20 18 1 80 99 
19 3 5 251 63 
17 19 17 167 65 
7 20 17 261 36 
21 3 15 150 20 
2 18 5 172 42 
21 7 11 56 82 
12 11 19 279 51 
8 13 2 194 41 
5 4 2 168 73 
17 18 1 103 4 
17 9 19 67 8 
1 12 9 270 22 
7 14 8 147 91 
13 15 10 217 60 
6 15 21 194 1 
21 12 2 50 36 
9 18 21 235 61 
4 5 9 44 15 
12 19 8 131 10 
7 4 1 110 74 
17 10 7 181 45 
10 7 3 66 62 
14 6 15 171 68 
4 21 11 171 24 
10 5 13 144 101 
21 14 1 215 39 
11 13 11 113 69 
11 10 4 128 71 
10 9 5 258 47 
18 16 21 200 20 
7 5 5 243 58 
4 10 3 126 82 
18 17 2 150 92 
21 12 2 196 100 
14 13 21 198 20 
8 21 20 60 19 
11 2 11 225 29 
4 18 3 222 90 
21 20 6 63 25 
18 6 1 171 79 
17 8 16 156 17 
1 19 10 162 29 
13 16 9 179 69 
13 21 2 159 10 
6 4 13 100 21 
8 15 5 42 25 
2 2 9 61 87 
8 10 14 112 26 
13 10 10 166 17 
18 14 4 48 61 
9 13 17 121 22 
15 7 19 134 89 
11 14 2 36 90 
7 11 18 230 2 
3 17 13 264 31 
18 8 17 226 16 
5 2 18 136 97 
1 14 7 43 53 
20 20 16 73 49 
18 7 16 272 62 
9 6 18 95 91 
16 18 2 260 46 
8 2 12 101 9 
8 4 10 169 47 
21 17 15 65 74 
1 14 6 177 71 
21 21 7 182 13 
20 15 6 85 26 
10 2 4 16 14 
2 8 6 198 64 
16 6 16 199 18 
8 2 4 58 21 
18 4 6 32 52 
18 14 9 230 63 
20 2 2 252 51 
20 14 13 217 65 
9 5 12 244 31 
9 5 1 26 25 
5 6 8 84 48 
2 11 20 247 80 
2 2 6 69 45 
14 1 12 210 97 
15 1 5 264 14 
2 10 17 270 5 
14 17 19 96 41 
20 16 1 78 44 
20 8 13 71 83 
21 9 9 136 54 
10 21 17 112 25 
21 1 20 285 99 
14 9 11 216 62 
10 14 7 208 52 
12 10 21 160 22 
10 15 2 271 82 
18 14 16 235 44 
9 7 8 205 18 
3 4 4 183 80 
14 12 21 164 82 
21 4 8 194 11 
7 4 2 118 78 
14 21 1 238 13 
15 7 4 241 19 
5 16 2 108 72 
19 10 11 41 80 
2 13 9 68 29 
12 12 3 130 52 
20 4 6 265 51 
3 21 18 131 100 
8 11 8 122 1 
17 6 20 202 101 
3 1 17 150 17 
13 8 14 211 9 
13 4 5 55 18 
3 12 2 81 97 
17 3 8 71 54 
8 13 19 41 86 
8 16 2 29 4 
3 11 16 152 30 
4 13 6 114 33 
18 10 21 105 12 
19 21 3 56 92 
14 1 18 36 81 
19 13 8 224 44 
19 20 6 232 5 
12 16 15 203 9 
5 9 11 119 101 
13 14 19 75 52 
16 3 11 201 71 
11 15 16 81 20 
13 13 17 100 74 
13 20 16 226 93 
19 7 21 257 6 
20 15 6 257 5 
2 2 18 206 56 
2 19 5 234 34 
11 1 21 190 75 
13 18 21 257 56 
4 3 12 238 40 
16 21 12 228 38 
5 16 12 97 28 
19 19 2 194 11 
10 18 10 158 91 
5 12 3 168 45 
10 9 16 124 25 
14 18 10 83 13 
9 19 5 44 12 
2 5 16 61 27 
6 13 8 271 6 
7 18 21 288 80 
14 1 16 263 86 
6 3 7 110 67 
15 14 8 156 100 
5 8 14 99 97 
19 15 6 49 77 
10 6 11 113 24 
12 21 2 91 83 
13 15 7 155 9 
12 3 18 109 73 
6 9 20 176 55 
6 14 7 44 18 
14 7 17 53 47 
14 17 18 156 53 
13 8 6 86 92 
13 20 18 131 53 
16 12 18 250 85 
3 16 17 264 7 
14 4 12 37 100 
13 9 19 239 91 
6 4 8 50 9 
11 8 13 170 52 
16 4 4 43 57 
16 2 10 103 27 
7 5 10 111 100 
5 11 19 281 53 
17 15 16 101 51 
14 10 2 86 49 
17 18 7 203 19 
2 15 13 268 89 
12 4 15 107 13 
11 15 13 263 55 
1 8 8 123 23 
5 8 12 106 89 
16 12 21 138 95 
15 19 10 264 75 
6 3 16 38 26 
18 2 8 46 85 
19 11 13 199 58 
21 7 10 261 82 
14 9 19 115 73 
11 1 11 266 59 
2 21 18 243 92 
12 16 14 59 76 
5 21 4 37 89 
20 3 7 214 38 
21 14 4 207 19 
2 3 9 61 7 
9 11 5 33 20 
15 14 9 109 58 
21 15 3 95 89 
6 16 13 181 56 
13 5 8 244 52 
8 1 4 110 44 
14 20 7 276 79 
7 13 11 60 101 
7 8 16 211 15 
5 10 8 151 3 
