150
8 5 2 849 5
4 6 4 400 1
5 3 9 450 3
9 10 10 633 1
5 5 8 640 4
1 6 5 25 1
3 1 5 180 5
7 9 6 481 4
1 9 9 598 2
1 8 2 636 1
9 3 4 42 4
3 3 1 709 1
2 8 6 23 3
7 7 2 165 2
1 6 9 743 4
6 5 2 153 3
5 8 5 621 1
9 2 10 374 4
7 6 9 437 2
6 9 9 294 1
8 9 4 305 4
9 3 6 599 2
9 3 6 398 1
9 1 6 282 1
3 2 2 260 2
2 3 8 114 4
6 9 4 390 1
7 2 3 45 1
10 8 5 147 4
2 8 1 178 3
10 3 10 389 4
8 7 5 865 2
7 5 4 592 4
1 2 9 545 5
6 1 10 812 2
1 7 4 604 1
6 2 10 214 4
7 1 5 74 4
6 7 7 628 5
6 1 3 191 4
1 3 3 53 5
5 4 2 353 4
3 6 1 722 4
1 7 1 730 5
9 6 9 211 1
8 9 2 573 1
6 8 9 875 3
2 7 4 530 3
8 8 9 707 1
7 10 3 38 4
1 2 6 339 4
1 3 4 157 3
6 6 9 862 5
5 4 6 760 2
1 1 2 775 1
8 2 1 444 5
3 6 7 780 2
6 8 1 99 3
4 10 3 178 3
3 4 2 779 5
10 10 4 465 3
2 3 2 554 1
7 3 8 402 5
1 1 10 626 5
5 8 7 604 4
1 10 8 550 2
8 4 3 470 1
2 7 6 736 1
5 9 6 437 4
4 10 1 708 2
5 9 6 828 1
6 5 7 682 5
6 7 5 209 5
10 9 3 413 5
8 10 8 827 5
10 4 2 752 4
6 7 6 795 4
8 8 10 369 1
10 6 1 707 1
3 3 5 495 2
10 7 5 386 4
7 5 7 378 2
9 10 4 263 1
8 3 1 766 2
2 4 4 507 5
7 8 10 732 5
9 9 5 522 5
2 3 9 820 3
10 9 7 786 3
5 6 4 174 1
5 5 8 182 2
10 9 2 517 5
1 3 9 575 1
4 8 10 418 1
3 10 8 30 2
7 9 7 477 2
2 1 7 86 2
5 10 10 416 2
3 9 4 674 4
10 3 7 802 4
3 2 10 489 1
3 5 8 324 5
9 3 9 660 1
9 2 9 822 1
9 2 2 532 3
7 7 7 276 4
8 3 9 177 4
10 3 5 287 1
7 4 2 251 4
10 10 6 862 5
6 5 2 667 5
8 2 3 423 4
2 10 7 62 5
8 2 3 491 1
1 3 5 456 2
6 6 6 532 1
4 1 7 349 2
3 6 2 55 2
5 5 7 359 4
10 6 6 142 4
3 1 10 811 4
4 3 2 552 1
8 7 10 355 2
3 3 6 830 1
5 1 3 77 2
9 2 2 704 2
8 1 3 544 5
2 2 4 800 1
10 5 1 689 4
10 7 9 86 1
6 7 5 207 2
8 8 7 108 4
5 2 9 582 4
8 5 3 743 3
4 2 10 175 1
9 5 7 105 5
2 2 7 623 4
3 10 4 383 1
2 8 4 50 4
1 5 9 814 4
10 5 10 459 4
3 5 9 588 4
7 1 5 172 5
9 3 3 113 5
10 5 6 335 2
3 10 4 464 1
3 4 6 228 2
7 8 3 139 2
4 5 6 732 1
5 2 9 450 2