100
12 19 13 239 4
3 19 6 271 1
11 9 7 207 3
5 13 7 48 4
10 2 7 146 4
9 3 5 251 5
4 12 11 178 5
17 7 19 289 2
16 13 5 242 1
8 2 1 242 4
14 6 20 82 4
18 13 6 247 4
4 10 7 134 5
11 18 18 222 4
2 19 11 248 4
8 15 7 222 5
5 15 6 166 2
3 2 13 107 4
16 8 9 193 2
6 1 6 220 3
4 2 8 180 3
6 17 6 132 3
10 11 11 264 1
1 18 19 258 5
16 8 19 83 4
17 13 18 94 2
13 19 8 282 5
13 18 18 196 1
7 14 12 155 1
6 14 11 66 3
18 9 16 63 3
8 6 17 54 4
19 7 5 277 3
11 15 15 51 2
9 10 10 88 1
16 5 7 166 3
12 12 6 163 5
7 2 3 217 1
13 19 6 117 4
8 20 5 252 3
10 12 8 277 3
5 4 13 159 3
1 18 12 93 1
1 9 19 190 4
2 7 15 216 2
9 16 17 258 3
9 9 2 133 4
13 5 19 230 4
12 5 1 146 1
5 20 15 159 3
18 6 1 210 4
13 3 11 97 2
2 8 13 247 1
12 8 14 83 1
14 7 16 57 4
3 12 4 45 2
19 5 7 236 5
7 10 10 29 2
12 20 5 240 3
12 16 13 199 4
15 3 5 167 2
17 16 8 155 5
15 10 7 233 1
5 13 6 226 4
14 5 18 74 3
6 17 7 242 4
11 8 12 33 5
20 13 8 244 1
9 9 3 148 5
11 5 15 106 5
20 1 16 67 2
16 14 18 88 5
10 12 1 49 2
1 13 19 178 3
4 10 14 271 2
13 4 10 206 4
15 17 17 115 1
18 9 5 37 3
16 15 12 66 4
20 12 4 71 5
17 6 8 47 4
14 20 20 81 5
1 13 2 218 1
12 5 15 134 2
20 16 6 276 2
17 9 10 252 5
19 10 5 202 1
9 3 14 268 5
12 5 18 89 2
14 9 15 104 3
11 18 4 45 3
19 4 16 71 2
18 8 14 124 4
9 10 14 123 4
3 12 14 89 5
5 12 10 128 5
2 13 16 218 2
5 3 10 216 4
1 11 10 223 2
20 5 20 252 1
