100
16 1 17 97 2
11 10 16 155 99
17 13 3 66 81
19 18 1 229 38
17 11 5 7 2
4 3 7 86 53
6 14 7 44 95
3 16 3 34 81
18 10 5 26 44
3 16 10 82 79
3 3 13 9 33
3 2 10 18 58
3 11 16 127 66
5 16 16 174 34
3 17 5 71 7
12 16 8 132 13
14 15 17 144 66
15 15 10 124 25
14 20 12 163 85
19 19 6 57 99
18 14 17 91 12
17 18 9 234 44
6 1 16 57 13
3 13 20 7 76
2 19 20 37 97
9 5 7 78 77
9 10 1 45 35
15 3 4 172 55
14 1 2 19 55
4 15 8 40 91
13 15 19 91 53
18 19 7 244 38
5 4 20 220 31
20 2 13 196 14
5 2 3 147 80
15 14 20 211 42
5 13 9 91 2
11 14 20 92 30
15 2 7 29 83
2 5 6 72 28
20 15 5 154 12
3 19 3 209 51
15 9 18 180 51
6 8 14 17 91
16 11 2 129 99
5 12 8 37 79
8 12 17 54 66
1 1 1 113 39
1 6 16 116 53
13 1 15 92 100
15 7 10 139 27
17 13 7 213 85
17 4 17 23 81
7 1 1 209 74
2 12 18 187 41
12 10 12 160 88
11 6 1 129 48
15 16 2 190 86
1 8 1 166 14
6 20 7 87 74
1 10 12 23 82
17 8 1 168 53
4 3 20 125 10
11 1 3 49 85
9 15 1 21 80
12 3 17 125 95
1 19 12 183 82
17 3 12 196 1
4 7 12 12 81
8 2 6 114 45
10 7 19 47 33
6 6 12 37 35
15 2 3 145 100
18 5 13 192 40
8 5 5 157 19
5 13 8 215 70
5 6 15 94 19
10 10 6 152 34
18 15 5 120 61
16 12 10 35 70
7 7 15 51 33
6 7 20 27 96
8 14 19 156 5
13 20 3 136 78
19 4 14 45 40
12 8 4 2 65
3 7 19 20 91
11 17 2 67 59
7 10 5 208 64
3 14 5 40 22
4 14 11 187 99
4 3 1 33 73
3 2 12 153 100
4 9 2 106 86
4 20 20 32 15
3 18 15 108 3
2 17 9 210 90
19 5 7 85 23
8 2 17 101 51
14 15 1 207 5
