350
1 9 1 813 2
6 5 6 810 3
5 8 10 1782 4
3 9 6 982 4
7 1 7 1831 3
10 6 4 952 4
8 7 6 1758 1
6 2 2 894 3
8 4 4 794 3
10 7 2 1568 4
7 1 8 1040 2
8 10 6 384 3
4 1 8 942 3
6 8 10 892 3
5 7 7 1043 5
9 5 10 1742 2
8 4 10 203 3
7 2 10 49 5
6 8 10 190 1
3 5 8 1346 1
8 5 6 655 2
8 2 2 1081 4
2 2 6 181 4
8 6 5 781 5
5 2 9 759 2
7 5 2 113 4
1 8 8 1415 1
2 5 4 1580 1
4 4 7 558 2
10 4 9 1272 2
5 9 8 978 2
5 3 10 1610 1
3 4 6 1461 5
3 6 10 1831 4
4 2 7 444 3
3 3 6 247 1
3 6 9 221 4
7 4 10 871 3
10 3 9 1767 3
6 5 2 1315 4
10 9 6 1684 3
5 9 9 233 5
4 4 1 1300 4
1 9 9 326 5
10 2 1 416 3
3 8 5 1353 5
8 9 9 1576 3
2 7 4 292 2
9 9 3 1546 1
9 5 8 144 2
2 2 7 464 1
8 6 10 1117 4
5 5 9 1668 4
4 5 4 1560 2
1 3 6 637 4
8 3 6 417 5
10 3 2 1220 3
2 3 9 1721 3
3 2 10 633 2
1 4 5 327 2
1 6 3 398 4
10 3 3 696 3
3 9 9 751 5
10 1 2 1086 3
10 9 1 861 2
4 6 8 1155 5
8 9 9 1532 4
8 4 1 1190 4
3 4 5 1909 3
7 3 10 1115 1
3 3 6 1287 2
3 9 6 897 5
9 10 8 391 1
1 4 8 1614 2
6 8 4 1304 1
3 1 7 839 2
6 5 9 225 4
3 3 7 1207 1
3 2 3 381 2
5 6 9 1603 2
2 7 4 36 2
10 5 10 1623 5
3 2 4 103 5
10 5 8 407 1
9 4 8 1165 5
1 5 2 1558 5
4 9 9 306 2
3 7 4 1579 4
10 4 1 63 2
8 9 10 969 3
2 6 7 1078 1
2 9 3 1711 4
2 10 9 142 2
2 7 4 146 2
3 2 4 251 5
6 1 10 239 2
6 4 10 677 2
6 2 4 843 4
3 8 2 450 2
9 6 4 40 3
2 7 1 1812 3
5 9 10 598 3
3 1 1 897 5
8 4 8 1161 5
2 3 3 1070 3
7 8 10 1665 2
10 6 4 1049 1
9 6 5 363 5
5 9 7 1435 3
9 9 5 1519 5
2 7 3 1068 5
9 4 3 1576 2
1 6 9 705 4
1 10 8 1494 1
1 3 7 369 4
9 9 6 1002 4
6 6 3 1176 1
9 3 7 1807 2
9 8 10 1514 2
9 6 4 846 5
9 5 2 1942 3
4 6 5 291 5
2 2 7 852 1
1 4 8 876 5
9 4 10 1546 1
10 3 6 1008 1
5 1 4 860 1
10 3 4 33 1
9 6 1 1675 4
10 1 5 232 2
3 2 8 1413 5
9 1 4 364 1
9 3 6 65 4
8 4 7 1215 5
9 4 5 1313 1
10 3 7 260 2
8 4 4 1004 4
5 10 6 680 4
7 6 10 1777 4
1 3 9 659 3
9 6 6 1532 1
5 5 2 894 2
2 7 3 738 5
7 8 1 668 1
8 5 2 31 3
2 8 8 661 1
6 7 6 1935 2
10 6 10 776 5
8 7 5 1113 5
8 10 6 1150 3
9 6 1 879 3
5 2 9 1058 5
1 6 6 1083 4
8 6 1 975 5
1 7 4 1205 3
2 4 6 1458 3
2 7 4 65 4
10 3 6 1774 4
5 7 6 1898 5
4 9 3 571 2
8 6 6 577 3
9 5 7 468 4
7 1 8 391 1
2 4 9 546 4
5 4 10 1171 4
4 5 4 786 1
1 4 5 858 1
3 8 5 1882 3
7 5 6 1447 4
3 9 3 298 3
6 6 8 316 3
1 1 8 29 2
3 8 4 1555 5
3 2 6 1224 5
1 8 3 1608 5
4 10 9 1725 3
8 7 4 219 4
9 1 1 28 4
8 1 4 1657 2
9 4 8 98 5
8 9 9 1605 1
10 8 8 1110 2
2 7 9 669 2
1 5 9 1931 4
10 3 9 456 1
9 9 4 703 1
4 9 9 1203 2
3 7 3 142 5
3 3 8 1379 4
3 4 6 297 3
2 9 4 948 2
10 3 4 1023 2
4 8 4 1594 4
5 7 9 1980 3
1 1 9 1704 1
10 3 7 172 2
5 10 10 1173 2
7 2 8 566 1
8 4 1 1317 5
3 5 5 1482 4
5 10 8 75 2
2 5 8 1338 1
9 9 1 72 1
9 10 1 644 2
4 10 5 88 5
1 4 3 923 2
8 8 2 1848 1
7 6 8 723 1
9 8 2 291 4
4 9 1 1772 4
2 5 10 1170 3
2 10 8 1971 5
3 1 9 1641 5
6 2 10 552 5
3 9 8 826 1
5 6 10 856 4
9 9 10 366 1
1 5 10 1231 5
4 9 5 1877 1
2 10 8 889 5
8 4 1 364 4
4 2 9 1689 3
6 4 1 1577 4
2 6 10 1369 2
1 9 1 1505 5
7 7 7 215 5
3 6 8 1505 1
8 3 10 818 5
6 8 4 430 1
4 10 6 211 3
10 1 1 1506 4
3 4 8 1370 5
9 7 7 928 1
2 8 6 1405 4
6 6 9 706 5
5 9 5 1366 4
3 10 9 1934 1
7 6 10 1022 5
9 7 10 367 1
7 10 8 125 3
3 2 9 1420 3
5 10 2 1768 3
10 2 9 1238 4
6 1 6 1676 4
7 3 9 375 4
7 8 3 127 4
9 6 5 1526 5
10 4 1 1404 2
6 10 6 1878 4
2 9 8 376 1
5 2 1 1424 3
1 6 4 1233 2
2 1 4 1647 2
1 1 2 1153 2
8 4 10 1042 1
2 9 9 520 1
4 1 1 664 2
3 6 5 885 2
3 2 4 1744 2
1 7 9 487 2
8 1 6 371 2
2 6 3 1677 2
1 6 9 994 3
7 8 4 698 3
9 6 3 943 5
3 2 9 1538 1
2 5 3 614 3
2 5 10 1040 4
8 10 7 1919 3
3 8 10 1703 5
4 2 10 1114 4
1 3 5 813 3
9 5 5 1604 5
7 3 6 1936 2
9 4 1 1957 1
9 3 3 436 3
2 9 10 962 4
8 6 1 931 1
4 2 1 1186 5
7 9 1 1794 1
7 3 2 446 5
1 6 10 22 1
3 3 8 1070 1
7 8 6 1236 1
5 7 9 649 4
7 7 3 1189 5
6 6 6 1318 4
4 10 6 1092 4
2 3 5 1601 2
8 5 7 1644 5
1 1 9 1462 2
7 1 3 225 3
7 2 9 295 1
10 7 10 1966 5
7 4 9 1683 5
8 1 1 1605 2
9 4 2 730 5
4 2 4 658 4
2 2 3 1917 3
2 8 6 396 4
10 3 4 1304 2
7 8 2 708 3
8 5 3 1023 1
9 8 8 1907 4
4 9 9 1833 3
3 3 2 164 4
2 4 5 640 2
4 5 2 1462 2
6 3 8 873 1
3 3 9 1638 1
7 10 9 310 3
4 10 9 238 2
7 5 8 994 4
3 9 2 340 3
6 8 3 1128 3
1 9 1 367 4
10 6 6 687 3
7 2 6 1579 4
4 4 10 1057 1
6 4 5 421 1
7 4 7 851 2
9 6 3 1946 4
10 8 1 1703 1
5 2 5 1926 3
9 2 1 244 1
2 1 4 38 3
1 2 9 999 3
3 2 9 1324 1
5 1 1 927 2
7 2 5 506 1
2 10 6 664 2
1 3 1 934 3
1 9 3 736 5
3 8 3 115 4
4 6 2 478 5
8 6 7 1428 2
9 5 8 697 2
10 3 4 52 2
2 1 8 320 1
5 4 4 1397 1
6 4 1 241 2
7 7 5 1395 5
10 2 2 1625 3
7 3 1 1300 4
3 10 4 1403 1
3 9 6 649 4
4 5 2 1700 2
6 4 9 886 5
10 2 5 866 1
7 7 7 472 5