200
4 6 18 77 40 
19 15 9 111 29 
19 8 18 140 10 
19 4 7 70 5 
16 4 12 45 5 
2 13 9 82 38 
18 19 12 82 40 
19 8 4 97 31 
2 18 4 86 3 
17 10 3 76 36 
12 3 6 94 9 
11 17 5 88 20 
1 20 8 59 14 
1 20 1 114 15 
9 21 7 39 6 
13 4 13 82 9 
15 12 5 43 13 
5 16 15 51 5 
13 19 8 71 7 
20 9 4 65 8 
16 20 17 133 11 
15 15 12 119 8 
15 21 3 137 2 
8 9 17 90 7 
19 2 20 77 3 
13 10 7 79 2 
13 7 8 63 21 
11 19 12 136 11 
7 21 20 135 30 
16 8 7 33 39 
17 8 12 71 17 
20 11 5 85 38 
2 5 21 58 26 
11 2 17 127 12 
10 5 7 33 20 
20 17 14 129 27 
13 19 18 74 40 
17 17 18 148 6 
11 1 16 53 4 
21 4 4 39 35 
10 6 1 101 17 
11 18 11 56 14 
11 12 15 131 5 
8 16 19 142 35 
8 12 17 78 8 
2 18 13 124 15 
21 13 4 102 37 
21 2 16 70 20 
5 15 19 77 20 
4 17 17 109 22 
15 7 15 104 20 
2 12 4 35 18 
8 1 4 46 21 
3 11 17 105 33 
16 9 13 96 3 
12 14 13 69 4 
10 8 20 68 19 
8 9 12 75 7 
4 10 11 67 2 
9 12 14 68 25 
13 15 10 71 32 
14 6 18 132 24 
3 13 16 43 27 
13 21 9 120 1 
18 12 19 143 8 
19 8 10 108 31 
20 2 3 95 13 
13 7 3 64 5 
1 10 10 77 39 
2 21 17 83 38 
2 5 15 94 21 
5 9 1 91 18 
20 14 2 135 14 
11 20 15 105 37 
8 11 18 99 32 
11 13 20 81 3 
10 2 15 88 20 
9 6 17 108 14 
6 10 21 56 3 
15 8 12 131 14 
9 18 19 119 6 
18 1 2 33 35 
18 8 14 75 28 
19 16 13 76 12 
16 14 19 116 34 
5 18 19 72 17 
18 8 8 48 11 
17 20 7 63 34 
14 1 16 116 2 
12 21 18 84 11 
18 1 3 59 8 
6 14 13 104 22 
20 21 10 115 33 
2 12 17 115 32 
7 15 3 74 37 
9 1 3 25 28 
17 2 12 47 33 
9 3 21 84 38 
12 13 4 73 5 
11 6 21 64 5 
21 1 2 38 5 
13 1 15 62 31 
13 7 5 72 32 
1 4 16 79 35 
9 9 1 92 16 
5 3 3 87 34 
14 9 14 107 5 
10 21 6 136 41 
3 4 9 70 1 
8 10 5 122 1 
6 18 13 89 5 
20 19 11 69 5 
2 10 18 42 27 
3 1 6 55 11 
15 20 12 75 32 
12 16 10 129 29 
15 1 8 66 36 
10 12 10 47 17 
6 12 11 96 4 
18 21 1 113 27 
5 11 4 120 4 
3 15 2 115 39 
2 5 7 58 30 
4 6 2 109 32 
20 21 12 111 4 
8 5 11 86 9 
16 2 11 48 7 
7 14 21 78 37 
4 1 14 64 39 
14 8 17 45 34 
8 1 15 62 20 
11 21 13 58 28 
20 2 6 85 40 
21 16 6 140 26 
1 21 17 123 8 
1 19 10 77 32 
13 11 20 93 10 
19 19 6 135 12 
12 3 10 124 14 
14 6 19 68 27 
9 9 16 39 20 
6 7 4 59 2 
9 6 18 79 40 
7 19 8 57 30 
13 20 6 104 11 
7 2 1 46 33 
20 14 21 88 19 
18 3 11 99 21 
16 20 3 99 19 
5 8 2 33 18 
20 6 15 59 4 
6 20 16 99 27 
9 16 13 51 6 
14 12 6 55 23 
7 15 8 96 19 
19 21 4 69 40 
21 8 17 118 10 
20 19 3 111 15 
9 4 2 42 6 
8 7 2 116 33 
4 2 14 87 18 
13 5 2 56 15 
10 3 9 23 23 
5 14 12 48 23 
1 19 19 139 21 
1 5 12 89 26 
16 21 11 129 16 
5 8 10 28 3 
4 19 12 80 32 
2 16 21 118 35 
12 15 17 77 34 
6 8 19 59 22 
11 12 2 121 28 
5 4 2 80 8 
19 3 4 105 24 
3 17 17 41 1 
13 18 19 148 7 
12 16 19 99 24 
2 18 19 84 39 
2 9 6 18 23 
19 5 7 59 29 
16 10 2 91 17 
12 8 14 96 1 
1 3 15 62 34 
18 11 13 136 35 
7 10 19 78 6 
3 20 3 35 38 
20 17 14 121 40 
8 3 14 113 31 
9 1 10 33 23 
19 2 10 44 32 
13 19 5 97 13 
3 9 4 46 26 
5 2 20 54 21 
12 19 11 49 34 
9 2 14 64 31 
16 4 10 93 28 
3 18 10 67 29 
16 16 14 138 19 
15 16 15 116 31 
