300
9 2 8 1650 3
1 9 10 125 1
9 6 2 1002 1
1 4 10 488 1
2 8 6 1242 4
5 4 9 1024 1
4 1 9 1456 4
2 8 1 1232 4
7 10 2 1511 3
2 5 10 1027 1
5 6 10 364 5
5 1 5 452 1
5 1 7 1210 2
9 5 7 657 1
5 5 5 293 3
3 10 8 1069 4
9 10 9 637 1
7 2 9 1236 5
5 6 1 1216 2
6 1 1 336 3
9 2 6 88 5
5 2 7 123 1
8 2 5 203 1
2 1 6 365 4
1 4 7 1555 5
10 4 9 289 5
4 1 5 1063 4
4 4 1 796 3
10 5 5 139 1
5 4 6 1081 2
8 10 1 31 2
2 7 1 161 4
10 9 7 483 1
5 9 1 1663 1
3 3 3 607 4
10 5 2 792 5
2 7 8 333 1
4 9 4 1653 2
4 10 1 355 1
2 7 8 1521 1
3 1 3 168 1
8 8 7 99 2
7 7 2 327 3
7 4 2 1359 3
2 6 2 1009 4
7 3 5 285 4
5 1 8 479 4
4 10 9 1003 2
3 9 6 1569 5
2 6 10 1058 1
1 8 9 840 2
2 8 9 287 2
3 8 10 1250 1
9 8 1 891 1
3 3 4 591 1
4 1 3 288 5
4 2 5 1474 4
2 1 3 1040 1
5 10 5 875 4
4 8 10 347 1
10 3 10 724 4
1 2 9 697 2
2 6 4 44 3
6 7 5 917 5
3 7 10 104 1
4 4 2 1460 4
9 7 9 1112 1
2 5 10 1387 4
6 8 8 460 2
3 2 2 1177 3
5 8 4 215 4
8 2 9 1236 2
8 8 6 170 1
6 8 1 1602 4
5 6 3 1285 2
5 8 3 1364 5
3 2 7 1349 5
4 1 1 484 4
2 7 6 861 2
9 8 2 479 5
7 4 4 1517 2
4 2 6 412 3
2 9 5 1550 1
6 2 4 1652 1
10 6 5 1464 2
2 5 9 627 2
7 10 2 154 2
3 5 6 701 4
4 10 7 1282 2
10 2 1 81 2
7 8 2 1408 1
2 5 10 174 1
7 8 1 523 3
4 3 2 767 1
10 5 8 153 1
3 10 7 1588 2
3 2 8 1389 3
1 9 7 1639 2
2 6 5 1205 1
7 3 1 992 3
5 9 3 169 2
6 8 9 937 4
7 4 10 722 3
10 6 2 1059 1
5 10 6 541 2
8 2 6 545 5
2 7 3 190 5
2 7 10 346 2
6 7 3 766 2
10 2 3 213 5
6 10 2 628 5
5 2 1 1568 2
4 7 9 442 4
9 8 4 1007 5
6 5 2 26 3
10 8 2 1572 2
1 3 5 136 5
1 1 10 60 5
6 7 7 519 4
2 2 5 286 1
2 2 8 24 2
9 3 7 584 4
5 7 2 1134 1
9 9 1 23 5
7 1 10 110 1
5 9 9 812 2
3 7 10 420 5
9 4 3 1313 3
1 9 8 561 2
1 7 3 1258 4
3 5 6 1505 5
7 6 1 797 5
8 4 6 688 5
10 7 9 857 1
2 9 9 1580 2
4 3 10 1432 4
9 4 3 199 5
5 9 6 1418 5
2 3 3 652 3
2 7 7 398 4
10 7 2 962 4
9 3 7 992 5
5 1 1 1445 2
8 10 1 69 4
8 9 3 1459 1
7 2 1 208 5
2 7 5 723 3
5 6 1 734 1
10 9 2 1554 5
5 1 7 886 1
8 5 1 1050 4
2 10 6 29 4
3 4 9 290 1
8 3 1 268 4
2 3 6 666 1
6 10 1 648 4
5 5 2 778 2
3 7 6 1376 4
6 4 10 1168 3
6 6 1 938 5
1 9 10 1387 5
6 7 5 1301 5
3 1 7 677 5
9 2 2 74 2
5 5 8 262 1
1 5 1 1378 4
9 4 5 925 5
7 5 2 434 2
2 10 8 104 3
7 4 8 1118 4
1 3 5 480 3
7 10 5 1650 3
8 6 2 404 2
3 4 7 652 5
1 7 4 1434 2
7 10 6 899 2
7 1 3 1631 5
3 10 1 1154 1
1 1 2 259 1
9 10 9 1185 5
8 1 1 188 2
7 1 2 585 4
1 8 3 251 1
1 9 10 55 4
3 10 5 501 1
10 3 4 1211 1
3 9 8 1434 4
7 8 5 1387 4
5 9 7 1534 4
3 10 10 556 1
3 7 10 107 1
10 4 8 859 2
9 5 1 1370 2
1 4 10 330 4
2 2 7 1318 1
10 10 4 888 5
6 8 10 240 5
5 7 9 1271 5
8 10 9 1336 3
10 8 9 1396 3
4 10 4 1328 5
9 3 9 1143 5
2 7 6 1058 3
10 4 10 243 2
2 7 5 94 4
1 2 1 1241 4
6 9 4 1484 1
6 5 5 626 4
9 6 3 46 4
8 3 4 246 5
6 2 6 131 3
2 7 8 1017 1
1 5 4 1400 1
4 5 3 1117 5
9 8 6 1028 3
5 10 8 166 5
7 6 7 823 1
6 2 3 1452 5
10 3 5 682 5
8 8 5 1519 3
2 2 9 1399 2
7 3 9 438 5
2 9 9 1084 5
2 6 5 1507 4
4 2 6 1639 3
4 4 9 629 3
3 2 5 451 2
5 3 1 1174 1
9 10 7 378 4
10 2 4 836 3
9 6 9 656 3
5 5 5 513 4
5 6 6 587 4
10 2 8 1069 1
5 10 9 953 4
10 4 1 1424 3
10 8 2 1405 3
3 7 3 40 1
4 3 7 95 5
1 8 1 1547 5
5 5 5 1471 5
10 6 4 1284 5
10 4 4 685 4
6 10 10 1431 5
3 3 8 1140 4
9 2 8 1145 4
6 3 2 545 1
2 8 1 124 4
2 3 6 1522 3
5 3 9 648 1
6 6 1 225 1
5 4 8 1287 5
3 4 2 13 5
2 7 1 575 5
5 2 5 82 4
10 1 2 1293 4
6 1 1 1484 2
4 8 3 506 4
2 5 10 278 4
3 10 9 633 3
7 10 7 679 5
9 9 1 1563 4
6 3 10 148 2
8 1 2 27 4
2 6 9 1070 3
8 4 2 694 2
10 6 1 755 1
6 6 5 1123 2
1 6 6 460 1
8 5 5 158 1
10 1 4 1391 2
2 1 10 1449 3
5 5 5 1105 1
9 6 6 644 4
3 10 9 1395 5
3 9 4 715 3
6 9 6 1025 5
2 7 10 87 3
8 1 2 905 2
6 5 3 624 3
10 3 10 507 2
6 8 3 1199 2
8 2 1 546 2
7 5 6 578 5
8 9 9 866 4
7 5 5 1333 2
4 3 1 1178 5
6 9 9 986 5
6 8 2 801 2
8 1 4 1160 1
4 10 4 233 3
3 2 7 226 3
7 4 10 1071 5
8 10 8 1612 5
10 5 5 1089 3
5 5 7 890 2
10 9 7 1131 2
8 8 4 1032 1
4 3 7 1564 1
7 7 5 27 1