350
20 8 12 758 1
4 20 3 691 1
10 5 9 575 1
19 2 6 441 1
15 12 5 663 4
13 7 9 457 4
16 12 4 286 4
12 7 12 250 1
11 8 10 359 3
18 5 16 244 5
18 19 1 204 2
7 4 7 453 3
9 16 7 604 3
2 13 14 372 2
20 10 15 660 3
12 3 5 845 3
11 9 1 379 3
3 12 6 274 1
1 18 3 304 2
10 8 3 684 3
4 18 1 852 5
19 16 3 753 1
17 4 2 56 3
3 20 4 399 5
3 14 6 610 3
1 8 3 387 2
5 17 16 83 2
9 10 4 749 5
3 4 18 222 2
2 7 4 821 2
16 3 2 427 4
3 7 3 293 5
19 16 3 146 5
19 12 7 47 2
19 20 16 846 5
10 5 17 594 3
9 4 20 424 5
20 9 12 355 2
5 7 14 135 5
12 16 19 722 4
8 13 8 169 4
2 13 19 777 3
1 13 5 412 5
13 17 12 576 2
10 14 5 392 5
1 13 3 528 2
8 9 2 711 4
10 7 12 593 3
15 19 19 426 5
17 12 18 891 3
2 2 19 424 3
12 2 3 856 3
5 2 3 424 5
5 15 8 280 5
4 6 14 696 3
3 3 12 209 5
16 17 4 446 5
11 19 6 256 1
16 7 5 93 2
15 5 9 886 5
17 4 20 410 1
7 18 3 57 4
16 2 1 581 2
17 13 12 59 1
17 2 5 748 2
16 17 10 806 4
14 18 13 344 2
5 8 18 822 5
4 2 10 557 4
6 13 7 660 5
7 11 3 472 3
13 13 10 834 1
13 9 1 825 5
3 4 15 226 4
16 2 20 536 5
15 1 12 521 5
19 9 10 219 1
6 8 17 827 1
2 8 10 447 3
7 9 4 518 2
2 12 9 787 1
14 3 10 613 4
8 11 18 219 3
16 4 16 534 3
8 18 8 225 3
18 4 19 846 2
20 19 12 55 2
16 13 2 129 3
5 13 3 472 1
9 14 20 526 2
6 10 4 149 1
1 20 10 775 2
3 8 13 72 3
14 7 19 88 3
11 3 14 185 2
17 13 20 160 1
10 1 8 559 2
11 17 6 350 5
8 7 7 52 5
2 20 4 266 5
12 10 11 38 5
3 16 15 773 2
4 20 8 353 4
20 2 8 59 2
20 14 7 561 2
6 15 4 229 3
6 18 5 33 5
12 4 11 808 2
11 11 10 560 2
20 1 18 556 4
9 16 2 246 1
17 5 4 232 4
15 3 14 830 2
19 18 19 920 2
17 6 16 907 1
2 6 11 825 5
17 13 12 289 3
1 18 6 873 2
14 12 10 787 5
6 7 11 580 1
8 11 1 627 1
8 15 6 502 1
2 10 19 894 1
15 10 3 482 4
15 19 15 116 2
12 1 15 776 3
12 4 4 240 4
11 3 18 263 3
7 7 11 297 5
20 16 3 660 2
17 12 9 165 2
6 19 2 784 5
14 8 3 301 5
6 14 5 685 4
1 14 18 850 2
16 8 19 140 4
7 12 9 443 1
1 18 4 603 2
16 11 17 492 3
7 11 1 579 4
7 11 13 492 2
16 6 6 660 1
7 16 2 490 3
19 20 19 882 5
20 16 20 811 5
5 7 10 530 1
9 6 2 687 5
19 8 10 871 5
2 6 9 21 2
16 20 12 229 1
15 20 19 649 2
12 20 5 676 3
9 19 18 548 2
7 7 5 848 2
4 5 2 589 2
19 11 12 158 1
10 4 19 493 2
5 19 3 774 4
1 10 13 706 4
10 16 12 597 5
7 16 9 198 2
9 17 19 174 1
1 12 19 39 4
6 4 18 554 4
9 18 14 770 2
8 3 7 300 1
6 15 1 424 5
7 12 10 558 5
13 19 1 714 5
13 16 9 785 5
8 3 5 125 2
7 16 5 518 3
5 4 19 777 2
16 15 19 187 3
18 13 5 578 1
11 1 19 653 2
3 14 3 754 3
7 12 13 282 3
14 6 3 208 4
3 6 18 123 5
12 8 10 684 1
13 14 3 381 5
7 18 13 90 4
12 5 13 78 2
3 1 16 651 2
19 5 18 822 2
3 13 14 752 4
5 14 12 304 2
1 12 18 519 3
1 1 9 804 2
15 14 3 65 5
6 15 15 396 2
8 13 2 635 1
4 9 7 231 1
11 20 2 839 4
19 15 12 572 4
17 12 4 477 5
17 16 20 253 4
10 3 17 857 3
3 12 15 609 2
2 3 16 564 4
3 7 16 588 5
4 11 19 293 1
19 9 18 395 3
18 20 5 102 1
6 8 11 55 2
19 17 7 644 2
2 14 3 115 1
11 14 9 897 3
13 12 5 436 3
10 7 11 84 1
14 4 9 721 2
3 19 8 627 1
4 1 14 215 2
14 11 20 181 3
3 8 10 771 5
5 11 16 215 2
19 6 2 643 4
18 16 7 457 2
2 9 20 754 3
20 1 20 172 2
8 18 3 405 3
16 18 18 422 5
16 3 6 73 2
1 12 13 39 5
14 13 9 437 2
4 16 19 700 2
17 11 8 92 1
20 14 12 579 3
3 9 1 276 3
14 1 1 411 4
9 18 12 760 4
9 2 20 884 5
6 2 14 624 3
11 2 18 449 5
6 16 2 163 1
13 1 20 903 2
7 4 10 143 4
15 18 19 239 2
9 13 14 78 1
2 17 4 271 5
5 13 3 59 5
18 2 18 227 3
5 3 18 747 4
18 7 15 617 4
3 16 2 44 5
11 1 10 724 1
12 3 11 542 1
11 16 7 862 1
15 5 8 42 5
17 3 16 321 5
6 15 9 746 4
1 19 17 856 5
13 19 12 721 5
18 6 20 199 1
12 1 8 168 3
11 13 18 355 1
20 19 13 887 3
20 14 18 855 5
8 15 6 201 5
6 1 2 220 5
6 3 18 78 5
4 18 18 577 1
19 13 20 826 5
1 7 18 147 2
12 7 15 724 1
16 5 15 568 3
17 7 14 84 2
15 3 12 368 5
14 16 12 726 1
13 8 5 798 1
8 3 15 170 1
19 4 17 751 1
14 2 1 722 3
2 8 13 492 5
9 12 5 83 4
11 17 15 548 4
11 7 4 606 3
5 6 7 632 4
9 8 11 211 4
7 11 15 307 3
2 6 3 108 5
6 14 5 585 2
12 19 4 198 5
4 1 17 341 5
7 6 10 398 2
20 9 18 126 2
14 10 14 301 3
2 13 2 494 1
4 19 16 311 2
14 4 3 204 5
5 1 20 425 5
2 1 16 814 2
2 20 15 812 2
7 4 1 50 4
2 12 2 542 5
17 3 15 539 3
10 3 8 610 5
17 9 19 666 1
15 9 19 212 3
6 13 5 363 4
20 9 19 457 4
11 17 5 382 2
17 7 1 96 5
10 17 6 742 3
11 4 8 651 3
14 16 18 561 1
4 12 10 743 3
12 5 19 570 3
4 17 5 589 2
20 4 12 418 3
3 3 10 324 5
6 3 17 844 5
14 7 17 588 3
3 5 14 657 2
5 1 16 451 3
16 2 15 127 2
17 16 7 370 1
1 15 1 282 1
11 2 12 651 2
16 1 2 22 4
19 14 6 816 1
8 15 18 443 1
4 11 5 107 5
19 19 2 561 5
14 8 9 883 3
12 14 4 584 2
12 13 9 330 4
13 13 2 146 1
10 15 1 857 4
14 20 16 161 1
10 17 2 455 2
10 19 2 518 3
15 17 17 395 5
8 15 13 257 5
4 2 15 717 1
18 16 9 706 3
19 10 1 490 2
2 7 9 405 4
20 15 2 785 3
4 10 17 234 3
18 7 20 291 5
17 10 9 427 5
10 8 16 564 4
16 5 4 756 1
17 4 6 479 1
16 19 17 851 1
1 17 4 176 3
11 20 2 505 1
1 17 16 140 5
