350
3 2 1 723 1
8 4 10 1084 3
14 4 12 731 5
9 11 11 50 9
14 1 3 1087 6
4 1 3 1224 4
4 15 14 1398 2
4 13 10 1109 5
7 2 1 617 3
8 2 13 370 3
3 3 2 50 5
6 4 6 1360 4
7 9 2 1389 2
1 8 2 764 1
12 6 5 867 9
6 10 12 654 5
11 10 13 899 3
15 14 3 102 4
10 11 3 319 8
6 2 8 437 1
10 15 5 776 6
7 7 10 1054 9
5 10 8 1445 9
15 14 10 845 10
1 15 6 1397 5
4 7 7 1365 6
5 8 2 49 6
12 4 9 230 3
6 15 4 299 5
14 8 1 1153 5
6 7 14 913 10
8 6 3 191 10
7 13 5 656 10
9 15 3 1156 1
8 1 10 911 3
9 15 5 1291 1
9 8 7 1410 3
12 6 2 164 6
1 2 13 308 2
9 13 7 564 3
15 4 8 1255 8
5 9 6 1468 5
2 3 3 1546 7
8 5 15 64 2
7 4 2 241 8
1 7 9 451 9
7 7 10 1067 6
8 4 15 176 10
10 3 3 479 2
8 14 1 1026 10
2 6 7 172 5
11 9 5 693 4
11 7 15 990 7
9 8 14 777 5
9 9 13 633 5
1 2 11 183 6
1 6 7 486 10
13 11 15 368 4
8 12 1 1217 1
6 14 8 1227 5
7 11 7 488 8
13 14 3 515 4
3 6 5 565 2
4 5 7 1199 6
10 12 7 904 8
7 9 8 364 1
12 7 4 947 3
14 1 1 1223 3
8 3 1 1048 6
15 13 12 380 7
5 8 10 554 3
12 6 9 1109 7
12 2 2 791 2
5 12 5 953 6
12 1 1 1037 3
5 3 4 1522 2
13 11 7 1268 2
11 14 13 1647 10
5 2 7 371 2
11 5 15 1158 5
4 14 4 493 1
13 1 13 920 5
10 8 5 533 5
9 5 6 555 5
7 14 10 817 8
6 2 12 1119 8
8 4 14 928 4
11 12 14 56 6
10 4 2 1344 2
7 6 13 212 10
10 2 1 989 3
14 10 14 1517 8
14 2 10 878 7
12 8 8 680 8
11 15 7 731 1
15 10 15 162 3
12 4 10 499 2
8 13 4 444 3
1 15 12 919 2
1 9 11 1295 9
7 2 7 23 3
9 3 8 664 6
15 2 9 315 4
4 1 12 367 3
9 6 13 421 2
1 9 14 1421 7
2 7 7 1065 8
2 15 10 1522 4
9 15 3 290 6
13 9 7 1283 6
12 8 5 1424 6
5 1 11 461 10
9 2 15 1464 1
14 1 4 935 7
8 7 2 1319 10
4 9 11 897 5
4 2 13 1007 3
2 4 10 610 9
12 12 6 562 1
4 15 7 1252 2
8 3 15 716 1
12 15 1 218 7
12 8 4 891 6
11 4 12 1460 6
3 8 5 1273 3
2 10 13 216 2
12 15 5 931 3
5 9 2 639 4
11 3 8 504 9
9 7 1 1150 8
10 1 13 379 5
3 4 2 549 5
5 9 9 146 1
11 14 10 209 4
11 9 12 976 10
15 4 11 638 6
5 12 13 274 1
6 1 14 876 6
11 3 15 1161 3
11 1 13 1215 4
11 4 7 1118 6
3 11 7 1156 9
4 12 11 1462 6
11 11 14 78 2
8 15 9 1462 4
5 7 1 966 2
11 15 3 773 4
12 14 9 466 1
9 6 15 827 3
5 14 6 942 6
1 7 15 767 7
12 15 1 217 9
12 14 10 82 10
4 14 7 1000 5
1 1 7 1074 4
12 13 13 742 3
2 12 9 336 7
14 1 3 232 10
13 6 14 1210 4
13 4 7 79 6
7 6 3 230 2
5 13 15 1031 5
11 11 12 679 9
5 10 14 153 1
10 5 7 1306 9
8 13 5 1051 8
6 8 5 1075 9
5 8 6 69 7
10 5 10 152 4
6 10 13 1611 9
5 1 11 463 7
12 10 6 1455 8
15 3 12 136 7
4 10 12 227 10
1 1 9 842 10
1 6 14 1389 9
15 8 3 1040 2
3 7 6 1126 10
11 6 12 392 7
1 4 10 1355 4
7 6 9 416 5
5 14 14 1479 9
6 14 4 1142 9
15 10 13 1616 8
5 15 4 1175 2
9 6 14 564 5
4 2 7 664 10
3 4 6 502 7
15 7 2 220 7
1 6 15 945 7
4 9 14 1262 9
6 9 10 1208 10
6 13 3 164 10
13 6 15 77 8
1 13 15 285 10
10 2 4 1256 9
14 12 15 1552 6
8 8 3 1029 3
10 13 9 1102 7
7 2 3 1124 6
11 5 2 1439 8
4 7 6 291 4
8 7 8 473 1
3 12 14 290 4
5 9 11 1023 4
2 7 4 536 6
11 8 3 1566 9
13 6 9 1015 10
8 1 9 1236 4
6 12 4 808 1
1 6 15 24 9
7 4 1 84 3
1 8 8 369 5
5 13 11 756 2
5 8 10 589 3
10 5 3 355 9
8 5 15 1498 4
12 10 3 1354 9
5 14 14 240 1
12 3 5 882 5
7 12 4 1172 3
3 1 1 936 1
14 10 8 1593 7
8 4 1 287 3
3 5 4 502 8
15 8 8 404 4
11 10 1 582 7
13 15 14 561 8
5 11 13 239 1
6 1 1 816 10
7 4 15 1188 9
13 7 5 120 10
7 14 10 1124 6
6 8 15 1402 4
6 3 14 743 9
4 3 9 457 3
2 12 4 1164 1
9 5 5 895 10
12 3 9 270 3
12 8 12 1203 5
1 4 10 750 2
15 13 3 1604 4
7 11 5 1234 2
3 15 15 1162 6
6 1 14 825 7
8 12 15 1503 8
3 9 4 37 1
5 10 9 245 4
6 7 12 90 10
8 7 8 1384 10
5 3 14 1492 10
13 14 11 549 10
15 15 11 1164 9
9 12 12 989 9
1 14 6 1242 2
1 2 4 1597 8
2 5 1 1361 7
8 15 4 1086 7
11 13 8 411 2
15 1 1 895 6
3 14 9 681 10
12 8 8 105 2
13 1 10 793 1
8 5 11 1314 7
2 8 7 1156 6
15 6 12 207 6
15 15 15 1564 5
15 15 6 1232 1
12 14 11 494 6
4 8 12 710 6
7 10 2 954 6
6 15 10 1132 7
9 4 15 805 7
3 8 5 265 8
10 11 8 1124 2
13 15 5 1401 4
9 14 13 1615 7
10 10 9 456 7
14 10 9 1265 8
12 1 5 236 7
1 6 5 1507 7
2 12 4 563 4
13 4 10 1423 2
7 1 7 61 4
4 13 9 510 3
4 14 4 832 2
6 4 7 62 3
12 15 6 1522 5
14 7 15 1208 8
15 1 11 92 1
3 13 12 860 5
3 1 10 979 10
5 6 4 562 7
1 10 15 133 6
5 4 5 1505 10
6 8 4 334 3
14 7 3 1182 10
5 2 13 1191 5
7 13 9 1549 6
14 15 14 70 5
14 13 13 146 3
15 1 7 1260 2
5 3 14 514 6
1 11 9 877 3
8 7 9 1477 3
10 12 1 194 6
6 6 14 1395 1
9 2 6 1005 3
10 7 13 171 8
4 15 9 729 2
12 10 9 858 2
6 10 3 1578 10
10 12 10 643 5
2 3 7 1509 6
14 9 5 829 3
9 12 8 943 1
9 3 8 949 1
12 9 15 1624 8
8 10 4 1154 1
2 5 1 852 5
8 8 14 844 8
14 6 9 1406 1
3 15 10 1474 6
5 15 5 875 3
7 13 10 1536 3
11 1 4 49 2
3 1 8 453 8
14 9 4 176 8
14 6 11 715 9
11 15 2 1187 8
14 13 9 1046 5
10 2 8 1188 2
6 12 7 1064 2
13 7 2 169 5
9 13 15 1044 9
2 11 2 1469 2
13 6 5 238 9
5 5 13 1062 3
3 14 1 1473 1
4 7 13 1423 8
12 1 5 549 5
2 15 6 938 2
14 13 13 897 2
3 5 2 564 2
15 11 10 149 10
10 2 10 225 1
3 8 5 1192 4
4 2 1 998 8
11 7 5 739 7
10 1 2 1422 6