50
18 20 3 347 8
17 4 9 178 14
19 6 17 72 2
7 13 5 421 16
20 19 16 579 10
7 17 12 554 20
15 16 14 56 6
17 10 14 54 17
10 7 16 105 19
2 12 5 401 3
12 1 17 288 11
8 11 14 45 16
6 14 6 83 10
12 6 10 346 11
16 14 3 432 4
9 19 8 202 12
2 15 12 57 15
17 4 1 521 1
19 4 6 430 2
13 4 4 391 17
20 15 15 63 12
3 6 15 317 11
6 12 15 492 17
3 4 3 372 17
7 14 12 226 8
18 2 13 113 4
3 14 5 460 10
5 11 8 478 9
9 9 20 148 4
20 14 9 196 20
12 13 9 492 12
3 18 6 52 4
1 6 11 138 3
5 6 16 192 16
5 18 15 43 7
16 11 10 461 12
2 15 17 313 20
13 18 18 179 17
11 20 8 240 14
13 16 7 404 20
5 15 1 370 5
2 11 18 415 17
15 6 5 554 19
19 1 15 281 20
20 17 6 211 5
12 3 7 488 15
7 18 15 530 13
16 15 4 479 7
20 11 2 177 5
10 2 9 414 16
