200
4 15 1 329 5
5 7 8 163 4
14 11 5 464 7
15 6 5 330 7
4 7 2 336 5
2 2 3 254 10
14 12 11 950 9
12 11 1 636 4
15 9 6 384 6
6 8 9 716 4
6 12 1 633 2
14 12 3 925 3
3 3 6 568 5
3 6 11 115 8
14 2 12 765 7
15 2 5 525 2
6 8 11 130 5
5 1 15 392 7
12 2 12 308 8
9 10 1 143 3
4 11 11 558 9
10 10 10 35 6
1 4 3 384 7
14 2 1 103 3
2 1 13 300 3
8 7 1 933 5
14 1 2 626 7
5 7 3 830 2
14 12 13 476 8
10 4 14 248 3
6 9 13 688 4
7 13 7 226 4
11 11 4 907 1
1 5 10 112 9
1 15 6 597 5
15 7 14 843 5
9 5 5 726 2
5 8 2 260 1
8 14 9 174 2
13 2 6 257 3
7 10 2 842 3
2 4 4 320 7
4 15 12 68 2
13 13 9 270 5
5 2 7 864 3
7 10 1 400 6
12 14 1 792 9
1 3 12 905 1
9 15 14 419 3
5 6 5 888 7
5 14 15 609 3
1 4 10 783 10
13 8 7 655 5
10 14 3 292 2
12 7 12 546 10
14 13 4 119 5
4 11 10 771 7
1 10 3 140 10
5 4 4 576 1
2 10 12 33 5
13 1 1 263 7
6 11 11 881 7
13 2 14 37 4
13 12 3 839 7
7 10 15 606 3
5 10 4 192 9
10 10 14 145 2
1 7 6 420 9
15 3 3 305 2
1 9 12 175 2
1 6 5 432 4
7 12 9 524 7
14 4 14 560 3
10 6 2 357 3
10 14 5 353 8
10 15 3 895 4
10 14 14 870 6
7 13 12 441 1
11 14 6 911 4
1 10 2 856 1
7 14 7 923 6
13 4 10 858 3
11 2 6 651 4
5 13 4 76 10
3 2 5 289 3
10 12 13 449 5
2 4 7 586 8
14 11 11 171 5
9 15 5 824 7
8 3 6 21 6
12 2 11 791 4
15 8 9 470 9
3 9 1 133 7
6 12 7 504 1
9 3 2 504 4
1 6 11 855 2
8 4 7 142 10
5 14 10 813 6
9 2 6 549 2
8 1 12 775 2
15 8 6 769 4
4 10 8 575 7
13 1 5 264 8
8 13 8 32 7
10 6 2 89 6
3 11 10 113 6
3 5 3 456 7
5 2 15 754 4
12 9 12 230 7
10 14 5 557 2
5 11 9 60 4
5 11 15 48 4
6 4 13 819 2
4 11 3 259 3
8 5 9 164 5
1 14 9 486 8
6 15 11 744 6
4 13 15 284 9
3 11 7 468 6
12 10 6 475 2
4 11 12 103 7
6 15 12 635 5
13 6 10 117 6
7 13 5 391 3
5 8 5 822 7
11 10 14 783 5
4 8 1 755 10
5 10 2 488 2
5 10 10 533 1
15 12 9 300 9
3 10 4 719 3
4 11 14 946 6
15 15 4 417 10
12 6 4 875 1
10 2 8 725 10
8 5 7 56 2
11 5 9 59 9
3 6 11 730 3
8 1 11 559 9
9 6 10 826 2
10 5 7 22 3
9 3 12 117 2
6 1 7 788 5
14 2 7 797 4
5 6 3 763 6
7 1 12 756 2
14 11 8 883 2
11 9 13 181 6
2 1 7 638 10
11 14 2 429 2
1 9 11 743 7
14 13 1 79 1
15 4 9 888 7
7 3 11 341 10
5 7 10 405 3
8 5 9 443 3
13 14 14 559 3
9 7 1 443 10
8 5 15 948 7
7 5 2 734 1
13 14 5 414 8
1 10 15 259 3
15 10 7 817 7
11 2 9 897 10
14 4 4 697 9
4 15 14 750 6
10 14 9 142 7
14 6 11 750 4
1 2 14 800 8
10 3 4 571 2
7 11 12 693 6
3 11 15 908 4
1 7 12 325 6
12 9 8 42 10
3 3 9 68 9
12 2 15 579 2
6 8 14 97 2
4 13 8 183 10
3 9 3 367 2
9 4 4 377 6
8 2 1 916 6
10 2 8 841 8
6 11 8 110 1
13 11 7 174 8
12 2 15 297 4
6 6 6 879 6
6 5 13 568 9
6 8 9 378 3
5 10 7 432 2
9 3 1 410 5
5 15 2 719 10
3 4 9 640 3
1 14 1 370 4
15 13 15 962 10
9 4 10 712 10
12 5 2 785 2
10 1 10 597 2
3 10 7 47 3
2 4 8 932 2
15 9 13 378 9