300
6 9 10 2712 12
15 13 10 590 7
13 13 14 334 16
2 17 2 1744 12
10 9 11 885 3
18 5 14 1576 6
6 10 7 131 11
4 3 3 367 18
2 3 13 2898 14
7 2 10 1368 3
6 17 1 1269 8
18 18 17 1211 2
13 13 16 1687 14
16 18 4 1084 7
19 13 12 1697 6
13 2 12 108 14
20 18 15 151 14
17 10 6 2247 12
17 16 19 197 11
9 4 16 3219 17
16 6 17 1056 20
2 3 14 2504 1
10 8 8 2838 4
12 7 5 1791 12
19 11 14 562 4
14 4 4 1744 8
20 14 7 2466 8
12 4 18 1908 8
1 12 15 835 18
12 10 3 56 5
5 8 8 79 5
12 11 11 201 10
8 13 9 1839 3
20 8 11 266 5
19 17 13 2832 16
3 18 11 3192 10
14 20 20 2736 19
4 4 18 1870 2
12 7 12 2656 3
14 18 17 501 1
18 15 11 762 6
20 11 8 63 9
19 9 8 2732 8
15 12 9 1229 14
4 18 3 2877 9
18 8 20 2825 19
20 3 14 2083 11
6 19 14 1714 11
1 6 8 1316 2
15 7 12 1871 4
18 1 6 1993 16
19 19 18 1263 13
7 14 18 2523 10
14 12 16 1264 1
3 12 20 520 14
20 20 18 2977 16
5 9 8 904 13
10 9 18 2376 9
8 1 1 539 15
13 7 15 2819 16
10 1 14 2262 11
15 12 16 2196 7
12 16 13 2314 2
2 20 8 900 8
14 11 17 124 10
4 8 15 3043 14
9 5 14 2399 9
16 17 9 925 15
1 11 4 1412 4
13 4 3 70 12
6 9 1 928 18
10 6 16 1237 9
3 2 11 2895 15
2 1 3 2577 19
20 19 16 1933 4
13 7 14 1218 18
4 9 11 877 6
1 9 7 1248 17
12 15 7 267 13
15 6 16 2210 2
18 4 20 2591 1
20 20 7 2457 7
12 11 15 2645 7
16 4 6 1508 12
16 11 7 2332 4
17 16 19 461 4
12 5 16 3218 20
11 9 8 1153 20
4 15 8 2763 11
1 4 4 2312 18
19 20 19 2517 2
11 10 4 1441 11
3 12 17 1687 14
20 12 8 1175 10
6 6 20 2294 11
4 4 20 1340 20
8 6 17 1263 20
9 13 1 1273 16
4 18 17 1215 4
12 6 13 1691 2
14 19 18 3164 13
8 11 9 564 10
16 6 18 171 12
13 12 7 3234 19
2 4 2 1018 1
14 15 19 3115 1
7 16 2 139 8
17 9 2 2172 19
13 6 20 2320 17
5 2 18 3192 3
2 5 3 382 4
4 8 12 775 2
18 19 1 2977 4
13 14 18 1334 11
7 9 13 1209 16
17 7 12 1829 18
7 15 10 560 6
3 8 19 670 14
9 1 1 1573 4
8 12 15 399 8
13 16 15 3116 15
1 17 6 120 20
13 1 20 536 17
15 14 14 2276 12
17 14 10 2522 3
5 18 15 2828 6
14 2 18 2632 1
18 7 7 1747 2
8 19 4 490 17
1 10 5 532 5
5 4 17 271 17
19 6 3 964 4
18 19 4 1157 14
14 18 13 893 18
18 19 4 843 5
6 6 16 1031 6
3 18 7 2408 8
20 11 2 1479 3
18 3 16 163 15
2 12 14 1671 5
14 6 10 229 19
18 9 19 3148 7
2 13 5 1258 16
17 14 4 2904 7
6 15 10 1941 18
6 16 10 247 14
3 8 17 3154 7
5 12 20 3169 14
17 8 16 1449 8
12 15 4 146 15
10 5 19 1360 19
11 12 19 1586 19
3 20 16 1983 8
10 10 1 332 13
2 5 1 2149 12
3 1 19 3079 13
20 18 16 2748 15
15 1 10 958 11
16 16 14 1509 5
20 1 5 983 5
5 1 20 732 14
17 15 12 1214 3
11 14 2 1306 20
14 3 15 2571 8
12 11 1 3225 16
19 8 14 2833 10
4 20 7 558 8
1 14 13 1151 16
13 11 17 356 1
11 9 6 2053 2
12 6 10 1373 7
1 10 2 965 19
20 8 6 2953 6
4 6 13 575 7
20 7 5 196 20
3 14 14 2327 18
9 8 11 263 19
11 11 9 2873 2
16 12 11 41 8
1 12 14 1103 12
6 18 5 310 11
4 10 3 1551 15
11 13 17 2358 5
1 5 4 43 18
3 16 2 1986 3
14 20 20 1375 18
14 16 14 279 14
1 13 11 753 18
19 12 15 1033 5
18 13 20 2793 5
20 8 1 1040 4
3 2 17 2008 14
9 12 20 1358 18
13 18 13 602 8
1 2 1 2696 4
12 18 12 490 3
17 12 17 2896 6
11 1 17 2359 17
19 17 2 2899 19
3 14 11 3093 17
9 11 18 598 7
1 2 14 2188 4
4 11 7 2154 14
20 13 18 421 6
6 5 18 2009 1
18 5 9 1040 17
16 14 5 1211 10
9 18 19 860 7
8 19 16 3019 20
12 14 6 1226 5
2 1 17 1780 10
15 1 13 2327 1
13 7 10 626 2
14 9 19 1305 19
13 12 11 1245 6
8 15 5 233 12
17 19 11 723 18
11 6 20 1981 20
9 10 6 399 4
4 4 16 499 12
18 9 7 3207 2
14 15 9 488 20
6 5 19 2238 9
10 6 9 2239 1
1 9 20 2012 1
16 16 16 2182 7
5 10 10 2590 7
10 16 12 1256 4
1 8 20 697 16
14 15 17 220 10
9 10 10 1815 20
7 12 5 78 6
14 19 5 2837 14
16 6 7 450 3
20 12 20 2294 13
5 3 17 718 9
13 11 3 3209 9
9 4 5 2172 16
2 7 6 1208 16
7 20 6 370 1
2 11 17 3006 11
12 10 1 2784 14
9 7 6 2027 19
13 1 10 2908 5
19 5 9 2608 5
15 7 12 452 9
18 4 2 652 2
6 14 7 2649 2
16 13 10 1670 19
14 10 3 2938 17
4 19 17 2184 2
5 20 9 175 19
3 7 16 2507 12
11 7 1 2627 13
6 12 3 1398 11
14 5 19 211 9
20 18 4 564 4
20 16 13 1458 3
10 3 12 2126 7
6 15 13 2326 12
15 14 10 477 19
16 19 6 101 7
7 10 11 1209 20
5 10 5 2961 3
17 10 13 946 3
13 4 8 464 17
15 11 1 2257 8
3 6 5 2219 1
17 8 14 1530 12
9 10 4 2368 20
10 6 15 1464 3
18 10 1 693 1
4 17 18 939 7
1 15 11 2505 20
18 13 20 2454 5
3 10 2 1038 11
8 4 4 1959 5
3 4 19 2862 10
11 3 2 1290 20
15 15 14 2504 15
16 11 11 2852 14
11 8 7 2296 7
13 14 5 714 16
15 16 5 806 6
3 1 6 1739 9
20 8 13 3195 2
20 5 5 1648 17
14 7 16 1154 6
7 10 20 2040 14
7 8 5 1418 6
12 1 20 2267 13
6 13 4 1383 7
16 19 11 1898 6
12 8 20 2164 15
2 14 4 3092 19
14 6 1 2381 19
5 16 16 3034 13
8 17 1 2232 20
13 13 1 2587 7
19 9 8 2913 2
