250
16 19 43 7518 10
9 13 8 657 6
6 11 29 250 5
17 19 37 5371 4
9 22 12 6276 5
17 23 50 6870 7
19 21 47 1102 5
11 36 17 5960 8
16 26 58 6109 8
9 11 6 1955 5
25 25 46 3064 2
8 8 16 4830 3
15 28 54 5969 7
17 53 24 899 8
10 8 15 1190 1
14 18 39 3415 2
9 25 59 495 1
3 19 9 2541 9
15 35 21 5448 3
5 7 17 5327 1
11 61 23 210 10
3 13 6 1531 8
9 37 16 1507 3
13 20 42 630 5
5 9 23 416 8
14 24 14 2892 9
23 25 49 3667 4
10 30 13 4737 7
4 7 13 7520 5
12 20 46 2158 6
17 53 27 7206 9
9 62 27 1807 10
18 47 21 7354 1
10 49 20 5455 9
7 29 11 3887 9
18 43 21 253 9
11 21 11 6616 5
12 30 17 4680 6
20 26 51 6999 9
23 25 44 2647 4
12 23 11 6322 3
10 9 15 1749 8
9 48 21 3799 9
13 11 21 3854 8
7 29 15 4143 8
5 8 20 5995 10
23 24 44 2656 7
13 38 20 2764 10
5 18 9 6786 5
10 30 16 2897 8
9 55 26 4635 5
8 27 13 1576 6
20 22 39 359 5
12 35 17 564 6
5 15 36 6523 9
15 16 27 2019 8
22 21 39 4544 8
17 50 23 1180 7
2 15 7 3816 2
4 10 21 3591 9
9 8 16 7284 3
17 24 42 4187 2
7 11 6 6607 8
2 13 5 1970 10
10 25 14 124 5
10 12 23 3064 2
9 18 9 6112 4
10 11 25 2015 10
15 17 38 7216 1
6 39 17 2376 3
19 19 36 2588 10
7 43 17 6657 7
4 12 26 2497 6
4 17 6 85 9
7 13 8 5691 7
10 14 29 5805 7
19 32 21 3745 6
6 57 25 1266 5
13 49 20 1035 10
8 11 28 6148 3
7 48 22 1187 1
11 26 60 3408 3
19 21 43 1654 2
17 27 14 6099 8
10 29 13 6202 7
4 11 6 965 3
11 17 31 5743 9
8 14 35 3203 1
14 21 11 4071 3
3 11 6 4412 4
2 26 12 5075 8
6 17 42 7403 1
11 27 13 245 3
11 15 32 7465 9
6 36 14 4067 4
15 25 13 409 7
4 19 8 5289 5
6 9 17 1665 3
9 18 9 6985 10
4 9 17 4908 3
10 9 18 2187 1
15 24 49 5220 6
6 17 38 293 5
8 16 8 4574 9
24 24 42 4384 7
8 41 18 5975 6
6 13 30 3060 8
6 20 43 5697 8
13 24 60 6272 7
4 23 10 624 2
8 11 6 4996 10
4 17 8 5773 10
8 15 8 7209 3
15 16 32 4994 9
8 61 25 1367 9
6 20 8 5526 8
13 43 19 1453 1
5 6 15 4170 6
20 25 48 4179 5
5 11 28 1932 3
14 36 20 1376 1
13 22 11 2183 6
6 28 12 7358 4
5 25 11 4618 10
6 37 16 2188 2
11 38 17 7633 6
18 37 20 83 8
17 28 49 6783 4
26 47 26 6948 6
6 17 36 4882 9
4 13 7 4884 8
11 18 45 3894 10
5 38 16 6990 10
15 41 23 4313 8
10 14 26 5810 9
17 48 23 1811 10
15 16 26 5044 9
12 41 19 4779 9
10 9 17 4768 2
7 29 15 6612 5
5 40 18 5703 6
9 25 12 4772 1
26 21 37 4626 5
11 10 16 5260 4
12 26 15 5139 4
5 20 8 4437 6
5 19 8 5578 7
10 16 40 4229 2
17 20 30 1517 5
8 12 8 2766 7
6 38 18 4390 2
16 25 14 4483 2
10 44 20 4375 7
16 16 29 7511 4
11 13 31 6281 4
11 44 18 3198 8
12 23 45 2845 4
6 11 22 3128 4
10 39 16 2503 8
10 62 27 7791 8
22 41 27 2470 10
26 39 21 4019 9
16 27 49 3275 3
5 8 19 4486 1
10 17 32 7363 1
11 10 19 413 8
7 37 16 6043 1
10 49 20 1934 10
6 8 17 3086 9
17 32 19 6703 2
15 24 16 5583 9
13 26 49 7572 8
21 18 35 1723 4
9 25 56 5464 6
13 20 40 3792 10
12 17 38 2638 10
17 20 41 801 1
11 11 22 5891 4
25 21 37 3502 10
6 14 35 788 3
10 24 48 6778 1
10 9 18 5668 9
3 18 7 76 5
7 10 25 2684 4
15 23 43 963 8
13 22 41 3422 8
3 5 13 2701 7
11 23 48 2758 2
10 54 21 1662 2
11 30 16 5575 8
5 19 43 3562 10
7 10 7 967 7
25 39 24 4494 10
8 22 10 4097 8
11 23 13 3315 4
4 7 18 4886 5
9 35 15 2376 8
7 34 13 5134 9
19 24 55 2883 1
8 12 25 5503 6
3 11 26 5800 6
7 19 46 7692 6
22 19 35 1369 3
2 18 8 2903 1
8 11 23 1803 6
8 13 24 1511 8
13 19 40 2323 1
7 10 7 3896 3
14 14 22 5303 9
10 39 21 2254 2
8 19 39 6480 1
29 43 25 1941 8
17 29 16 3191 4
7 24 10 1293 1
9 13 28 3596 4
7 59 26 5298 2
9 13 30 2014 9
19 22 37 5146 9
15 13 23 7262 7
10 7 14 1394 10
3 6 11 2388 9
17 24 14 7116 9
10 14 8 4804 10
3 5 12 3598 2
15 57 25 745 10
14 13 25 5861 3
12 13 19 6484 6
3 5 12 2774 6
7 22 12 2507 2
13 41 22 57 10
8 42 17 842 2
8 20 9 3936 10
9 22 46 7692 1
12 20 48 6379 8
8 21 41 4062 3
9 61 29 6474 10
11 28 15 5641 7
4 5 11 3801 3
16 15 26 2371 9
19 28 49 621 10
19 23 50 2103 8
7 6 10 4925 8
19 48 27 5005 2
6 44 19 794 5
14 17 37 1898 7
12 16 29 1849 10
6 26 55 6590 6
24 27 42 2994 8
16 23 38 7685 4
13 50 23 7080 2
