350
9 5 1 741 4
9 1 6 709 8
4 8 1 1560 5
4 8 2 1195 9
5 3 1 1890 5
7 8 3 148 1
2 1 3 1731 4
7 3 10 642 5
9 4 8 1508 10
10 8 10 1346 2
1 10 1 781 1
3 3 10 1450 5
3 2 1 288 4
2 8 7 1652 1
1 5 2 1684 9
9 7 9 1120 1
8 1 1 482 2
3 5 5 114 2
9 8 9 1306 7
7 10 8 1095 6
1 3 3 1062 7
5 4 10 1758 4
9 7 6 989 3
8 10 10 1587 5
6 1 1 1233 7
6 8 2 1653 1
3 2 1 970 6
4 6 2 171 3
7 6 6 200 1
10 8 8 30 2
8 8 10 1027 3
2 3 1 456 5
9 9 6 1827 9
5 10 6 820 6
4 1 1 1319 3
5 6 6 1863 2
8 3 3 1092 8
3 2 5 1281 4
3 5 9 687 7
5 1 7 835 8
1 9 2 86 2
1 1 1 278 8
3 1 3 1652 3
6 5 7 227 7
2 5 10 505 5
3 10 3 800 8
10 10 9 1157 7
3 2 3 1822 7
2 3 3 56 1
7 6 10 877 6
2 10 6 890 4
5 5 3 969 5
3 2 3 1543 9
4 5 5 701 10
3 2 1 1138 3
9 8 7 1456 8
2 3 3 206 4
6 8 4 1805 5
4 3 1 1079 8
2 6 7 992 4
10 9 10 1555 6
6 9 9 1622 3
7 2 10 898 2
4 1 7 175 3
9 2 9 224 1
1 9 3 1547 6
4 9 4 285 10
2 7 6 1243 7
8 3 1 992 4
3 8 4 1626 2
1 3 3 1190 10
8 9 10 221 2
5 9 5 1235 7
2 3 2 1903 2
1 5 9 824 9
2 3 6 1544 8
10 9 9 1818 5
9 3 2 1209 5
3 5 1 1075 1
9 3 3 493 3
7 1 4 135 6
5 7 3 538 1
4 2 9 1874 8
7 4 9 1717 7
4 2 5 667 7
10 8 7 666 6
1 4 8 1094 2
9 10 9 108 2
7 3 1 1878 7
7 1 5 619 7
7 2 7 1311 9
10 10 8 1413 6
9 5 3 1295 1
3 4 6 1275 9
9 6 9 868 8
4 7 1 888 10
8 9 3 1465 1
9 3 4 876 3
2 10 8 1270 2
1 8 10 1307 2
3 1 5 1163 6
1 4 7 317 9
8 8 9 57 3
1 1 2 772 6
2 9 10 906 1
4 9 10 1344 9
3 3 3 1897 8
3 8 10 390 9
5 10 7 747 3
4 4 1 736 4
9 8 10 478 10
6 3 2 264 4
8 9 3 1281 2
8 3 5 464 5
5 6 9 1514 4
5 6 9 243 8
3 8 7 280 5
10 8 8 546 10
6 8 10 1349 4
2 8 6 1370 4
10 1 10 483 4
5 6 4 1211 1
3 6 5 1256 1
6 6 1 367 1
3 4 7 1702 6
9 8 3 854 10
3 10 5 1223 9
1 5 7 1766 10
1 1 8 160 2
8 8 10 1224 5
5 6 7 224 10
2 1 3 504 8
1 1 1 1187 5
5 8 7 291 8
5 1 7 744 5
4 4 8 670 6
9 4 8 703 7
7 6 2 43 3
3 3 8 1534 10
4 3 8 1181 2
8 6 1 75 2
6 5 6 1728 8
1 10 7 953 7
2 1 3 191 9
7 10 3 1536 9
1 1 3 1915 10
3 3 3 1084 7
5 7 4 984 3
4 7 7 1583 2
8 7 1 1439 4
2 1 7 420 10
6 5 2 234 1
3 6 9 1265 1
1 2 7 853 3
4 10 9 371 5
1 3 3 631 1
6 10 6 89 9
3 2 6 447 10
9 3 5 55 4
4 10 6 957 8
5 2 3 1265 2
3 10 6 922 6
3 9 8 1260 9
8 2 7 543 8
4 5 8 1509 8
10 10 9 112 6
1 9 7 1067 2
2 6 10 708 7
7 2 4 1258 3
6 1 1 997 5
9 1 2 1848 8
8 7 9 1014 10
9 10 10 434 8
9 1 7 108 7
5 5 9 69 9
6 7 1 1063 4
3 3 1 1061 9
1 10 8 1618 7
2 1 4 1231 5
10 10 3 1680 2
3 1 6 481 2
5 5 7 1908 2
3 1 1 1589 2
4 2 8 46 7
7 1 3 232 10
1 6 6 856 8
3 9 9 86 8
8 4 4 650 3
3 10 10 32 8
7 5 3 1546 10
4 1 3 1363 9
3 4 6 471 5
3 9 10 1042 7
4 6 7 1757 4
6 2 7 1858 4
10 7 8 1290 7
6 4 10 1437 6
9 9 1 195 8
7 7 7 738 7
3 4 10 1590 3
5 2 5 154 1
7 9 10 1203 4
10 2 7 1356 3
1 2 1 1278 1
5 6 7 206 4
8 10 5 223 6
8 2 5 323 6
8 8 8 1265 3
8 7 6 474 9
6 3 3 1230 8
1 2 1 358 6
1 4 10 1183 9
3 3 2 82 5
3 1 8 1386 7
10 4 9 1599 4
5 10 4 1384 9
4 10 2 24 3
10 10 9 938 7
5 10 5 1340 5
1 3 9 1101 3
9 2 4 543 1
3 2 3 329 1
1 3 8 731 8
5 6 2 1715 3
6 7 5 811 10
6 3 6 1235 3
5 10 3 532 5
7 3 2 1888 9
5 6 5 224 10
8 7 2 1197 7
9 10 8 83 8
7 5 10 685 2
5 9 7 64 9
1 1 3 1821 8
9 4 10 1768 7
1 2 4 1157 3
10 8 8 1067 5
1 3 3 857 3
3 3 9 1326 9
9 10 7 92 9
8 8 2 469 1
10 9 8 100 3
10 8 8 77 4
2 4 10 1564 5
8 2 3 1108 2
8 5 10 1096 9
1 7 3 1678 10
1 1 2 1905 8
6 6 4 586 1
1 9 2 1456 1
9 5 5 489 7
7 2 10 1779 10
1 7 3 1903 9
9 9 8 1393 7
9 6 4 1201 2
9 9 3 757 3
3 7 8 1611 5
9 5 4 95 3
7 7 4 653 4
3 3 2 1000 4
8 4 4 1670 3
7 8 10 1031 8
3 1 5 516 8
8 3 5 1056 9
9 7 2 1550 5
2 3 1 704 4
6 3 3 521 2
4 4 2 1184 8
10 2 8 525 7
8 9 2 764 3
8 7 9 1646 3
4 7 9 955 2
1 9 5 324 4
3 1 5 1589 6
1 2 10 1429 1
9 3 6 1512 3
7 3 1 187 5
5 9 3 1646 10
7 8 6 551 10
1 3 1 372 6
3 2 2 1173 3
1 1 2 834 3
3 6 5 501 1
8 2 9 518 6
3 7 1 1504 3
5 4 9 1212 3
5 5 2 1379 8
6 4 9 1493 7
2 6 1 1100 9
4 6 9 903 1
8 10 10 1634 10
7 10 2 509 8
9 10 1 800 6
7 8 9 1680 2
4 4 8 1466 3
8 9 9 1210 3
8 2 7 240 8
7 8 3 1758 5
9 1 2 518 7
8 10 8 311 3
2 3 4 1495 9
6 6 10 727 9
8 7 5 1734 10
2 2 2 1521 6
2 8 2 104 7
2 1 6 1190 9
2 2 2 296 3
1 5 7 912 4
8 3 10 287 7
10 9 8 622 1
5 3 8 1576 3
9 9 8 131 1
10 9 10 1371 10
8 6 7 379 1
2 1 3 1178 10
10 2 1 397 9
4 2 6 704 2
7 8 8 1187 8
4 9 4 1894 7
10 10 5 1004 4
6 6 9 812 4
1 3 10 82 6
4 8 9 602 6
9 10 3 1015 8
10 3 2 609 5
2 3 1 436 9
1 1 2 930 8
9 10 10 1776 3
9 8 9 1112 1
2 1 1 1015 6
6 4 6 1489 4
7 2 4 55 10
3 1 3 1587 6
4 1 2 1264 6
2 6 6 998 5
10 8 9 90 4
2 3 2 1731 8
7 4 8 786 1
3 3 9 136 9
4 10 3 417 7
2 1 3 956 10
2 10 6 1773 6
3 5 10 261 6
9 3 1 971 6
9 4 8 1580 7
9 10 9 1187 10
10 8 10 1925 10
2 3 5 338 2
8 5 5 54 4
2 10 3 1588 8
