300
8 8 10 1116 10
1 4 6 595 4
1 1 2 1593 5
3 2 1 1359 8
3 9 4 1222 3
3 8 1 770 3
10 4 5 1030 5
2 9 9 546 7
1 3 1 776 7
3 5 6 1160 6
2 5 9 138 9
6 5 10 1038 8
3 1 2 1143 8
8 9 9 1598 9
9 8 10 1073 2
4 10 8 616 1
9 3 3 234 6
9 6 8 1377 8
3 4 1 220 4
7 10 4 892 2
8 6 4 594 10
7 4 10 434 5
7 2 10 800 1
9 10 10 505 7
3 10 8 183 7
6 5 2 1529 10
3 2 3 39 1
4 3 8 662 3
2 3 7 573 3
4 6 2 1299 9
7 7 9 189 6
10 10 9 1356 2
6 3 5 937 5
1 6 10 43 5
9 9 9 220 3
1 4 2 416 7
6 5 8 304 9
1 2 1 928 5
5 9 2 519 3
9 3 6 568 7
6 6 2 445 10
10 9 7 284 8
3 1 3 1630 2
4 2 9 637 2
8 10 8 570 1
1 4 7 1389 8
1 2 1 678 8
1 8 8 1128 1
4 5 4 108 5
1 3 2 121 6
7 1 6 1240 7
6 1 5 761 2
1 4 3 1020 6
3 1 2 495 3
9 5 4 655 4
1 1 3 1643 3
2 5 8 766 8
2 1 3 438 8
2 3 2 822 8
7 3 10 473 8
5 9 9 1318 1
1 4 1 499 3
3 1 3 1164 5
4 4 10 792 4
1 2 7 1048 3
6 10 4 1587 6
2 5 7 517 10
2 3 1 403 7
5 8 4 728 4
10 8 10 1217 5
5 7 2 785 7
1 6 10 1178 5
9 4 9 1604 1
6 8 10 476 4
4 6 3 718 7
2 9 9 438 2
5 5 2 1086 1
1 7 5 1123 5
10 2 3 739 1
2 2 9 1415 7
6 10 1 382 7
3 1 2 1181 7
8 2 1 1129 1
7 9 4 1209 4
8 6 7 1283 5
2 5 7 720 1
9 9 10 266 10
1 1 2 787 2
8 6 9 449 3
3 3 1 1356 2
8 5 9 1547 6
3 1 7 1003 9
8 9 9 632 5
9 6 7 1034 7
6 8 3 616 5
8 2 9 1207 8
9 4 3 877 10
3 1 8 712 6
4 7 6 1345 2
10 4 3 450 5
10 8 9 920 6
5 10 7 528 6
8 7 8 1438 4
1 5 6 1415 2
6 7 1 1408 8
8 9 4 452 4
5 5 2 518 8
9 5 7 1342 8
1 2 7 1091 2
9 9 9 729 3
1 9 10 1468 2
7 4 8 1523 10
3 1 3 530 5
6 3 9 1307 10
1 8 5 210 4
9 10 10 590 8
10 10 9 938 10
8 7 3 133 4
9 8 10 701 4
3 7 10 996 6
2 9 10 716 1
9 3 2 937 9
4 7 2 1239 5
1 3 3 1331 4
8 10 2 425 7
8 6 10 713 8
6 6 8 343 2
4 5 1 366 1
8 10 1 802 1
6 3 10 355 2
10 9 10 752 2
8 6 9 1528 8
10 10 7 237 2
4 7 8 167 6
1 4 3 1449 6
7 2 8 899 2
5 3 5 739 6
1 2 7 38 7
1 3 2 1648 9
5 6 5 1062 2
1 2 4 677 1
2 1 3 1649 5
9 10 8 1155 5
6 5 9 1457 7
9 10 9 1115 9
8 8 3 1016 1
4 9 3 57 10
6 4 10 1581 10
2 2 1 878 9
8 3 7 324 4
3 3 2 1124 4
6 4 10 1145 1
7 9 3 1069 3
3 8 3 191 10
7 10 7 699 3
8 9 7 728 2
9 1 4 333 7
2 10 6 1431 10
9 8 6 1367 9
4 5 2 1194 7
3 3 1 72 8
8 10 2 1456 9
9 10 10 848 9
10 2 1 1540 7
6 6 10 1392 6
2 8 9 937 9
9 4 10 771 4
3 3 3 1565 8
8 4 2 344 6
2 2 2 223 10
2 1 2 228 2
9 2 3 396 10
10 8 3 791 4
7 7 8 699 7
3 2 3 940 4
10 3 6 916 5
10 6 3 449 8
3 2 3 1441 7
1 8 9 742 3
3 2 3 251 1
2 8 4 1650 1
3 8 5 180 2
2 7 3 1158 7
7 7 6 37 1
4 9 4 1115 9
5 6 10 59 8
8 8 4 547 9
6 4 10 1320 9
10 10 5 1602 4
8 9 8 1156 6
2 3 2 1395 1
8 8 10 712 5
4 6 7 1104 9
8 8 9 390 8
1 2 1 86 7
7 8 8 242 3
3 10 6 882 4
5 8 8 1020 4
9 5 3 1337 8
6 1 8 1635 5
1 6 5 1515 4
5 9 6 1522 6
10 8 9 1477 10
10 1 5 1439 10
2 5 10 1635 6
8 8 7 1064 2
4 4 7 657 10
10 7 8 472 2
7 2 6 1451 10
8 8 10 347 1
3 10 4 918 9
7 5 5 1386 7
5 9 5 144 4
3 2 1 451 5
3 4 9 1504 3
2 8 1 1283 7
3 10 7 1237 2
5 9 4 1064 4
8 10 9 1171 9
8 1 5 223 7
3 9 6 247 9
10 9 9 1181 6
9 7 3 538 4
1 7 2 1370 9
5 7 7 346 1
10 3 2 1608 6
8 8 7 961 9
6 7 3 419 8
7 5 3 329 6
6 7 2 862 3
3 1 6 1206 7
4 10 9 1480 3
3 8 4 351 3
2 5 4 309 2
9 3 6 1093 2
4 6 1 1191 6
8 9 7 662 5
8 7 10 1649 3
10 9 5 1345 4
2 2 2 1182 2
1 3 3 434 10
9 6 2 874 1
3 9 5 728 5
8 2 3 1276 5
3 2 7 1345 9
5 10 3 599 8
9 10 8 895 10
5 2 10 1554 1
9 8 6 693 5
6 7 4 232 4
3 2 3 1558 4
2 7 3 196 9
6 1 3 971 4
3 3 1 1310 8
10 6 2 378 3
10 7 10 123 6
6 5 9 1093 10
3 3 1 1172 9
6 8 10 718 1
1 3 3 1159 6
9 3 1 264 7
7 2 2 585 6
10 10 10 1266 10
10 5 8 111 8
9 9 9 636 7
9 9 8 1257 8
8 3 5 602 5
2 4 5 1640 9
1 3 2 42 3
3 2 1 1404 1
4 8 7 1546 5
9 10 8 271 7
2 1 2 1358 3
2 8 6 1650 1
7 8 7 1446 8
9 4 6 372 10
2 4 10 278 8
9 8 8 1469 8
2 7 6 726 10
10 1 9 712 3
8 8 8 1062 9
5 1 10 816 9
6 9 9 1080 10
3 2 10 853 3
5 4 10 1656 8
10 6 1 1509 1
9 8 10 894 8
1 8 4 213 4
9 3 7 1318 4
2 8 8 992 2
8 1 8 709 4
6 8 1 1378 2
10 3 3 211 5
8 2 4 1322 4
3 4 6 601 8
8 4 8 719 5
6 2 2 1433 6
2 5 7 1533 7
4 4 2 58 4
3 6 3 1484 7
