450
20 23 36 7085 6
8 15 8 10493 6
10 16 9 4503 2
16 28 17 7561 9
20 23 48 7522 10
22 41 23 5915 8
26 47 27 701 1
9 27 14 6365 3
6 5 9 4270 9
25 21 36 11595 5
13 18 43 11817 8
6 45 19 3717 10
21 23 47 6551 3
13 21 39 9533 2
17 44 25 10714 4
11 47 24 9843 1
18 29 52 7287 3
7 27 14 1760 8
8 35 15 9346 10
16 36 20 11882 4
7 65 28 13089 3
22 49 24 2265 10
15 15 28 10448 8
8 12 8 14141 6
5 6 13 835 6
6 9 17 5543 7
5 8 14 14206 7
11 18 38 5555 4
6 25 55 1922 5
3 9 21 14086 1
6 5 12 1448 5
9 31 17 12480 1
23 24 42 11170 9
20 15 28 7232 9
9 10 22 3430 7
6 8 14 9904 1
3 21 10 13742 1
11 19 38 7166 5
5 16 9 5461 4
4 12 6 1401 6
6 15 8 10055 1
24 39 20 8109 7
18 24 40 13376 9
6 29 15 4468 3
16 48 26 9175 5
9 23 11 13405 4
12 28 14 5688 9
13 57 30 8101 10
18 34 18 3387 2
2 7 15 11187 3
8 12 6 11011 3
14 15 22 386 3
9 21 46 13675 7
15 15 32 9300 10
10 18 43 6325 9
7 42 17 13589 7
19 52 28 1184 5
6 5 12 11927 8
13 27 55 12714 3
7 25 53 12532 9
13 13 24 7443 6
3 11 23 12047 10
9 16 37 6404 1
28 24 47 10343 5
24 49 25 13843 2
21 47 26 2786 1
19 19 30 4988 10
9 47 23 12652 10
6 11 29 12373 8
7 46 22 143 5
22 20 36 7701 1
5 16 9 12873 10
9 18 48 14312 4
5 15 34 12213 8
5 13 28 903 10
4 5 12 5982 3
18 43 23 8189 2
5 9 19 7404 5
13 17 32 7281 4
15 25 14 12532 4
7 12 23 14267 8
20 23 50 617 4
10 10 16 7599 5
10 19 41 5758 5
4 17 8 5121 4
19 22 35 7401 10
16 16 28 13731 2
20 34 18 1373 4
11 42 22 807 5
17 26 49 13852 3
17 50 26 13305 10
17 18 27 12587 2
18 20 37 10115 9
6 18 7 7786 4
11 21 42 8076 6
15 14 22 6849 2
23 38 24 4262 6
4 11 5 9206 6
10 22 13 10258 4
9 7 12 7914 3
17 25 51 5112 3
9 23 57 12058 7
19 38 21 13967 8
13 18 29 5249 2
6 21 47 5119 1
4 9 18 7278 3
10 18 9 735 3
13 33 17 4254 10
25 26 44 12329 2
15 13 27 1485 3
13 23 13 3648 4
3 20 9 379 10
11 22 44 5298 1
7 11 22 4780 7
22 19 33 13861 2
7 25 12 13229 6
4 39 18 1069 10
19 16 31 6603 9
7 42 20 9906 6
6 45 21 5824 4
12 20 51 10538 7
11 18 10 8111 6
15 13 25 840 3
8 17 41 674 3
6 23 11 2707 6
16 21 49 7709 2
13 15 28 4640 4
10 24 54 5377 10
8 52 23 7979 7
5 35 17 13097 2
21 25 54 10211 2
5 9 22 6519 4
18 43 25 9023 8
8 23 13 1452 2
18 33 17 1384 7
10 9 15 8014 3
24 40 21 7172 10
8 18 45 1193 9
10 12 18 10917 6
3 8 20 2081 8
6 9 20 1519 8
6 55 25 14190 2
5 14 7 381 10
9 19 9 4022 8
9 28 13 2355 6
10 15 10 6704 8
9 37 16 11181 1
15 47 22 9896 8
3 7 14 13583 9
8 54 24 1000 4
29 42 23 7847 3
10 47 19 10055 6
7 9 14 12876 6
22 45 27 710 4
9 10 20 9216 3
6 42 18 149 8
9 16 8 1446 5
16 26 16 5519 2
11 34 18 1190 10
6 26 13 12087 4
12 12 19 7895 6
10 25 55 11670 8
11 26 14 11587 10
4 10 6 5485 9
17 44 20 13384 9
16 19 39 6976 1
4 14 7 1577 8
13 22 45 3307 4
9 30 14 3996 5
11 11 23 4591 9
8 33 16 11024 10
9 19 10 4118 7
8 21 12 5465 2
18 48 28 2575 1
16 19 41 2057 3
11 34 17 12698 10
10 8 13 14271 9
4 27 13 9529 2
13 29 14 8933 10
9 39 17 2308 7
22 25 53 4845 7
20 34 21 6844 6
15 11 21 13135 2
8 11 18 3523 10
14 16 27 12018 10
17 26 53 1268 4
13 52 24 3961 5
7 14 33 11746 10
11 16 31 10641 1
6 29 62 6080 5
6 37 14 4421 6
14 16 34 4086 2
8 25 51 1852 4
9 43 22 9706 4
12 56 24 2716 6
20 25 42 9969 7
5 5 11 13610 7
8 38 15 9713 2
24 47 26 992 2
7 42 17 5471 5
19 22 46 12269 6
9 9 18 13092 2
11 21 11 9101 6
18 18 31 4776 5
20 28 50 8289 9
15 21 40 10993 1
7 6 10 2703 9
13 57 24 9094 7
8 13 7 833 5
18 23 37 279 2
22 47 25 1959 2
12 43 22 9651 10
12 14 22 14402 7
11 23 61 6267 5
7 35 18 10264 8
8 16 43 10406 8
4 8 20 1950 6
21 42 22 11411 1
5 29 11 2892 3
21 44 21 2844 10
13 19 41 10453 8
10 19 45 2137 2
18 15 30 2195 1
5 16 6 13764 10
3 6 11 2577 2
20 42 20 8770 2
15 34 20 11752 7
10 18 34 13188 9
10 16 38 7853 10
5 6 9 14398 1
10 42 17 11327 9
16 56 25 3908 1
11 48 25 8456 7
7 9 20 6547 8
9 16 8 9194 9
25 40 21 2994 2
15 13 24 1378 9
8 19 10 349 7
23 35 21 6756 1
9 27 13 10542 2
5 10 25 4137 5
20 31 18 3161 2
7 24 53 5291 2
31 44 24 4359 7
5 20 44 2256 4
7 11 5 12383 5
7 8 20 11403 2
15 18 42 9213 4
10 13 31 2393 8
6 15 8 13231 10
20 27 52 6410 6
19 17 34 14268 10
9 25 12 4541 2
6 64 29 288 3
2 6 13 6706 2
10 11 20 1618 8
10 9 17 14138 5
12 17 37 14378 1
19 23 39 527 9
4 25 10 9097 6
13 10 19 4587 4
28 41 24 5439 10
7 14 28 326 3
15 36 17 3595 4
12 57 29 4929 9
13 24 14 4685 4
11 14 29 6660 3
7 5 11 7563 10
17 34 18 2468 9
18 17 27 9778 9
5 26 12 6785 7
3 6 14 10938 5
13 27 17 3520 6
8 14 9 3813 3
23 48 29 3089 8
5 9 18 13234 3
8 13 9 6881 10
20 43 21 3725 10
9 26 14 11441 2
20 52 25 3899 8
22 39 26 11106 6
2 6 12 4918 5
12 53 25 11400 1
8 24 13 8855 7
10 24 53 2655 9
3 5 14 13786 4
4 5 14 691 7
9 7 15 13449 7
3 16 8 9531 6
14 22 40 12705 2
8 37 16 12942 8
9 17 9 13427 8
19 35 23 5034 9
9 42 21 8355 1
11 31 14 4027 7
22 37 23 5299 1
20 37 19 8616 5
23 35 19 14037 3
5 7 13 9996 5
20 28 48 14393 7
19 37 23 14053 8
11 29 17 9351 7
10 47 21 12842 5
10 14 27 7348 7
18 21 47 9484 7
10 19 10 12050 7
23 21 40 13024 9
2 5 13 10474 1
15 38 20 7677 7
10 48 21 2899 1
6 15 6 4920 5
11 13 24 12880 8
24 20 39 11019 10
4 12 6 8762 7
12 32 16 6401 6
17 44 20 12381 8
24 40 25 8609 10
11 9 19 14135 1
8 31 16 4198 6
7 44 18 7394 8
9 18 8 2504 8
14 45 23 3243 3
7 51 24 2401 4
11 24 14 8967 5
12 21 13 6910 7
11 18 39 1006 6
7 9 6 13376 6
18 17 28 5549 9
15 14 23 7965 4
6 11 7 471 1
9 13 8 4030 3
4 35 16 7568 1
14 18 32 13361 2
7 20 48 3380 8
14 53 26 6260 7
11 18 45 5198 2
16 18 28 10454 10
9 26 61 14046 1
4 44 20 6701 4
6 24 55 13739 4
3 14 6 3515 10
12 46 22 1747 3
9 33 13 6542 3
13 22 14 5986 1
6 24 55 3717 9
8 42 17 6969 6
19 39 19 7764 6
9 38 16 13515 5
21 36 20 10271 6
16 25 45 12524 4
7 14 32 2686 8
10 20 37 1660 10
15 26 55 6851 6
3 9 20 3905 9
22 22 39 10604 7
15 24 53 88 6
18 31 16 7971 1
16 14 24 13565 8
19 41 23 6166 1
10 53 24 4583 5
7 6 13 13451 10
18 47 27 7037 1
11 22 43 12444 1
26 25 43 12204 4
10 13 8 9354 5
11 16 34 3373 10
8 13 7 10057 7
8 19 39 294 9
14 20 11 11177 3
7 11 5 9241 8
14 24 48 4469 4
17 27 55 5751 8
11 22 49 5984 2
6 7 13 866 5
13 10 18 4266 6
8 13 30 510 8
9 39 19 2905 10
4 10 6 6258 2
25 22 38 12173 2
7 44 17 2087 10
9 35 15 9711 7
11 31 15 12765 7
17 14 25 2008 9
4 13 7 7257 2
7 11 6 7851 2
9 26 14 2573 8
8 48 20 8704 6
16 18 38 8928 1
11 32 16 1125 9
16 53 25 11533 9
5 28 61 10915 7
10 59 23 1756 5
6 29 13 13455 10
4 23 50 14470 3
9 16 42 4143 8
5 13 26 8937 7
7 10 20 7305 2
5 15 36 12208 3
11 7 13 14113 5
4 18 9 2388 9
13 17 9 1424 8
8 16 36 4897 6
9 57 28 6485 4
6 20 11 2090 4
12 12 22 11931 8
9 21 12 11925 8
23 20 40 3490 4
14 27 53 519 5
10 11 20 1963 4
11 38 19 7172 8
24 44 22 4477 3
14 14 27 9581 10
5 16 39 10530 3
19 39 20 8764 7
3 9 20 1298 5
7 24 11 1575 10
6 47 22 3780 2
18 50 26 4770 4
4 13 6 13591 3
4 11 23 11695 8
7 32 15 217 5
17 27 16 2250 8
13 24 55 10840 1
6 35 13 8348 5
23 39 21 11255 3
10 12 20 10704 9
8 44 18 9430 9
15 18 41 449 5
15 18 29 10708 7
9 31 14 6963 2
15 44 25 13913 4
9 21 51 8544 9
14 31 19 11982 5
7 17 38 1571 9
13 41 18 8623 3
17 15 30 3150 1
7 7 15 7708 9
15 22 49 5649 6
8 24 10 178 5
11 16 28 5753 1
2 8 18 8653 5
2 26 12 11599 7
5 13 7 4133 4
21 29 49 11761 9
8 5 9 10913 9
13 17 41 136 10
8 20 40 8822 4
7 8 20 10742 1
13 24 15 3155 5
14 51 25 8364 9
