100
8 13 6 3104 8
11 11 24 2541 8
4 6 13 2032 2
13 40 22 2501 4
9 56 24 3005 6
25 43 23 1917 10
13 53 27 1813 7
11 19 41 1655 7
10 28 16 1868 6
2 16 7 2066 4
9 14 24 1951 5
7 21 11 1905 7
7 37 17 578 6
16 15 31 646 5
7 19 43 1543 3
18 16 30 2821 7
21 26 43 1205 2
6 26 57 173 2
19 36 18 2263 3
19 26 46 2657 10
10 41 17 356 9
11 15 34 2409 2
11 53 23 1114 1
3 21 9 1908 7
12 12 21 237 10
17 27 15 1348 7
12 32 16 313 3
5 6 9 2197 9
8 9 14 195 3
7 8 12 69 8
8 37 15 2942 9
20 21 45 3160 10
11 56 27 1477 10
11 52 20 1096 9
12 10 19 269 8
8 20 39 890 8
17 26 57 1286 5
6 21 11 948 8
16 53 25 520 6
5 23 9 1348 9
10 41 17 942 9
10 15 37 2116 10
7 13 29 244 1
5 14 35 361 3
20 35 18 3152 2
4 23 9 350 1
22 23 43 2815 9
7 21 46 2270 7
19 49 24 2880 9
9 23 54 754 1
10 56 21 3168 7
5 6 15 2445 10
9 41 20 2814 6
9 25 57 1724 9
25 29 46 1106 9
20 22 47 1551 4
19 20 32 76 6
5 9 24 1345 6
23 37 20 1537 8
9 41 21 2997 1
15 34 18 945 9
20 42 21 3083 3
9 14 27 1379 5
6 12 23 2648 1
9 20 9 2231 10
5 10 6 2173 3
14 19 37 2741 6
5 13 5 2256 7
3 16 8 2175 2
4 17 8 2428 4
8 6 11 2494 6
13 24 54 2041 10
16 24 13 2046 5
11 15 34 3011 7
16 46 23 432 10
18 22 36 584 4
4 34 16 692 6
9 23 53 1610 9
10 36 19 2341 7
10 7 14 2679 9
8 45 17 1715 7
3 10 24 1727 3
10 11 19 2567 3
2 13 6 2353 2
14 16 31 2171 9
8 42 16 2011 7
9 15 10 966 8
18 22 41 2401 6
5 7 19 240 1
9 59 25 2644 9
24 28 42 822 1
17 15 27 1018 10
5 10 6 67 10
17 27 17 758 6
4 5 14 752 2
15 54 29 3251 1
3 18 7 2403 6
8 43 18 2492 3
14 23 48 55 10
10 32 17 577 7
