150
9 15 29 4327 2
14 26 16 33 7
6 20 47 1866 2
3 5 12 3710 8
8 33 16 2240 8
26 41 22 122 8
9 42 19 2126 5
19 26 49 4336 7
10 19 9 1711 2
12 32 15 4384 2
21 27 45 3619 2
5 8 17 3336 7
4 10 23 3370 8
10 18 32 2034 9
4 19 9 3430 7
24 51 25 3726 10
7 8 19 1633 7
25 47 27 4478 4
7 47 20 1601 7
12 45 22 2557 10
11 9 17 4212 3
9 8 16 1366 4
8 44 22 499 6
9 8 16 1536 2
25 20 38 1184 10
14 15 28 1708 6
10 30 16 4135 6
6 7 17 4278 4
18 25 48 872 7
8 23 12 1530 8
11 36 18 1109 10
15 17 38 2684 4
7 53 23 2935 3
6 5 9 4492 4
8 6 13 2849 3
5 15 8 2371 7
9 25 14 1970 4
7 11 28 1040 10
8 33 14 2126 6
16 34 18 3431 8
25 43 24 3055 9
6 29 11 614 9
15 32 19 2411 2
18 23 48 1959 3
7 40 15 981 8
15 43 22 3184 8
20 41 21 3872 4
5 9 20 293 10
12 18 33 692 9
3 15 7 786 6
9 17 8 637 10
5 9 16 4174 7
8 16 9 3568 7
12 35 15 3690 2
10 8 15 4322 3
17 25 44 794 6
18 23 36 644 7
6 7 11 4250 9
7 46 20 290 7
9 17 9 119 2
6 12 33 3425 9
16 18 38 3507 1
16 18 39 3786 7
14 41 23 114 7
3 17 8 2369 9
19 47 23 3030 9
8 37 15 3255 7
8 8 12 4099 5
13 34 17 3628 5
6 33 14 2562 2
8 18 37 2290 2
7 10 25 4420 1
15 21 12 2244 6
10 34 14 2071 1
15 26 52 2571 7
10 14 25 1494 3
10 24 62 566 9
15 27 54 1375 5
13 15 24 2121 10
15 40 18 439 10
4 10 6 3046 6
14 17 29 500 3
12 14 32 224 5
24 29 47 975 8
8 9 14 3176 4
14 20 38 188 4
8 25 51 1787 10
20 43 20 3560 4
8 12 21 4249 5
6 38 16 3123 4
4 20 9 2203 3
5 19 10 2846 6
4 6 15 2844 2
5 11 25 4465 8
8 20 40 1103 8
2 9 19 784 9
15 24 14 3904 7
13 23 12 3868 4
10 32 14 3333 5
9 47 19 1966 10
3 6 15 3633 6
11 25 48 1458 7
12 54 26 1271 7
7 19 8 1005 6
9 15 36 754 5
18 22 42 2483 9
3 15 32 2736 1
4 16 8 3803 10
9 26 11 3283 8
17 29 54 1703 5
3 13 6 3530 6
20 16 29 3716 4
11 27 53 1118 1
16 24 13 2249 4
4 13 7 2677 7
4 6 10 2679 1
12 36 16 2348 5
13 24 12 2169 6
7 20 40 965 9
4 8 19 3153 8
9 15 39 3061 8
13 23 12 3565 7
8 46 20 2623 8
4 13 6 3575 5
3 29 13 900 5
6 6 9 3338 6
4 26 11 4469 5
18 19 33 3191 2
8 7 11 4300 7
14 42 20 3988 8
12 28 55 2830 1
4 27 13 2658 6
7 13 7 2369 9
18 47 23 1363 7
12 37 21 300 3
4 14 5 3597 8
6 9 20 1533 7
9 13 8 4252 5
5 33 14 494 3
12 57 28 3859 1
8 16 32 3937 9
3 20 8 3622 5
22 41 24 4143 5
14 28 55 387 7
9 17 10 3995 6
17 33 19 650 8
9 16 10 4146 7
7 7 17 3404 1
10 12 18 3992 3
26 47 27 4083 3
