500
3 3 3 2464 7
9 10 8 476 10
8 2 1 1622 2
8 2 7 2392 2
5 6 6 409 9
10 9 10 1672 5
9 6 10 2412 1
4 6 6 709 2
2 4 3 2599 10
2 3 1 1375 2
4 8 6 1865 9
1 3 3 1344 6
7 10 10 2043 5
8 5 4 2379 1
2 10 5 2581 4
7 8 8 1952 5
2 1 2 2321 9
3 1 1 2203 6
2 1 3 722 6
9 8 10 2017 3
4 10 2 92 6
6 2 5 2426 10
4 6 10 1595 8
8 9 8 786 3
2 2 2 1065 5
5 7 5 2311 2
9 6 2 2694 10
8 3 2 170 7
7 10 8 909 4
9 2 9 2166 10
8 5 2 1765 2
1 9 1 1890 6
2 4 10 379 3
2 1 3 1281 6
4 4 10 1114 2
4 8 1 1749 4
7 10 2 72 1
4 7 2 940 9
9 7 3 643 2
7 1 9 2106 2
3 1 2 1182 1
10 4 3 1169 9
10 5 5 793 9
9 1 2 1631 7
6 8 8 2756 1
3 2 3 196 3
3 9 3 2020 10
3 2 3 357 2
9 7 7 2253 2
10 3 5 1219 5
1 7 4 50 1
10 10 8 2622 3
2 2 3 356 3
5 9 2 2230 1
8 9 8 2180 4
2 7 9 842 8
8 6 8 577 10
3 4 2 1954 6
1 4 5 260 7
9 5 6 1685 8
6 6 10 1873 4
9 8 9 437 5
4 1 8 637 9
2 10 3 1920 6
10 1 1 2462 2
9 2 3 2152 2
2 5 4 1698 5
9 7 7 913 6
4 8 6 2744 9
4 5 1 1759 6
6 3 10 704 5
6 4 4 151 7
3 8 10 508 1
9 9 9 650 9
3 6 5 262 6
2 5 4 651 1
1 8 10 672 10
6 4 2 67 2
3 2 1 1698 1
1 9 2 483 5
3 2 7 348 10
6 8 7 2710 3
6 1 1 1108 1
4 6 4 2718 8
5 1 1 10 6
1 5 7 869 3
9 7 4 119 9
1 2 10 773 3
2 1 8 2455 4
6 5 6 2372 4
1 8 9 2119 3
8 6 2 2247 7
10 5 4 1972 8
6 9 1 818 3
7 2 8 795 1
5 8 1 1170 8
6 2 4 499 5
3 2 10 1061 9
1 3 3 2206 3
1 2 7 837 4
3 6 4 2515 6
5 1 6 27 10
6 9 2 1655 8
8 1 2 489 1
1 1 7 2307 5
9 3 7 993 2
1 2 3 2649 8
7 3 2 2622 10
5 8 7 2464 3
10 3 8 1447 6
6 7 5 1567 5
3 7 9 559 5
10 10 10 2743 4
8 10 10 256 2
9 8 9 1348 8
6 5 10 1829 9
10 1 2 1991 8
9 4 3 712 8
2 4 6 2517 1
3 1 8 575 4
5 7 3 1281 3
8 4 9 2464 7
10 3 7 51 7
6 3 4 1464 6
7 7 4 827 8
9 9 8 408 8
6 8 2 2489 3
8 9 7 1969 1
1 5 2 1475 3
5 4 6 1333 6
10 8 10 1491 4
10 1 8 1689 8
10 8 10 1807 4
7 3 5 83 8
9 4 1 150 8
1 1 6 1588 8
7 5 1 1562 7
8 7 6 1398 3
4 8 7 2096 1
2 8 2 2400 2
8 10 10 2285 6
3 6 2 2748 2
5 4 5 1812 3
7 7 4 1288 4
1 4 2 2100 4
1 5 10 1284 7
10 10 9 408 1
5 8 6 1869 8
8 6 4 1008 9
9 10 1 850 9
6 9 5 2427 5
8 9 9 2484 10
10 5 5 1381 7
7 6 9 645 1
3 10 9 1089 8
3 4 3 1287 4
1 5 8 1291 10
3 1 1 2555 8
3 3 3 1159 5
2 5 2 804 6
1 3 2 1590 10
4 4 8 1919 6
4 2 10 1881 10
10 8 3 423 4
9 10 7 2408 2
2 10 1 2568 9
8 8 10 228 4
7 7 7 698 2
8 8 8 2734 9
2 1 2 2747 5
4 8 4 1965 3
4 6 1 2452 1
10 2 5 1847 8
2 1 3 1222 6
7 8 7 988 10
1 8 2 2113 1
6 8 4 77 8
8 7 10 882 6
1 1 8 694 1
7 2 1 1598 2
9 8 2 914 4
4 2 8 2042 7
6 6 9 2298 6
10 9 9 898 7
9 8 8 2106 10
3 1 9 1798 1
1 1 2 667 2
1 3 3 334 10
5 9 6 2328 3
10 7 7 2703 5
5 5 4 1611 9
3 3 9 1574 10
5 2 1 2617 10
9 10 10 1164 2
10 4 10 1758 3
7 10 8 1909 6
10 1 5 2356 10
7 7 8 84 6
9 8 8 2582 9
7 8 8 1327 1
1 7 8 127 6
8 8 5 374 3
3 10 8 1727 8
1 1 6 1360 3
3 10 4 293 5
9 7 9 2575 10
8 9 4 2425 6
8 10 1 1750 10
3 6 6 170 9
4 5 10 867 6
2 2 10 59 9
1 10 5 1722 4
1 3 3 960 7
5 4 2 2100 10
8 8 1 741 10
8 6 1 252 10
10 2 2 59 8
10 9 4 1289 9
9 9 1 441 8
5 7 10 1098 7
6 8 2 1057 4
9 8 10 1662 2
2 10 9 201 6
3 5 8 40 10
1 3 3 563 4
10 10 10 1582 8
3 9 4 2760 6
8 9 9 1866 4
9 8 9 1810 10
5 3 4 996 8
8 3 1 1125 10
8 10 6 133 2
2 3 8 2184 1
3 7 2 2630 9
5 10 10 1023 7
3 8 1 2715 8
1 2 1 2392 9
5 10 9 1834 1
8 5 5 94 9
9 9 1 2757 8
1 3 6 367 7
7 6 4 375 10
9 7 7 2598 4
8 10 8 1786 7
9 1 5 192 2
2 2 9 1525 3
8 5 7 44 9
10 8 8 263 3
7 5 9 2683 5
3 7 4 2317 3
4 2 6 755 4
8 10 10 936 4
7 2 6 1842 4
8 5 10 1587 6
10 9 10 1286 5
3 2 5 1857 8
3 7 7 1751 7
1 3 3 1486 5
8 10 7 1792 2
2 3 7 547 9
10 9 8 1910 2
10 4 1 1854 3
8 9 8 147 8
8 10 8 922 4
8 9 7 1655 1
7 7 10 257 7
7 2 9 1713 9
7 10 5 1233 8
2 2 7 1297 8
4 7 3 1654 1
5 2 7 1985 10
10 9 10 1571 1
7 3 8 283 10
6 8 9 878 6
2 1 2 228 8
8 1 6 1542 4
3 8 2 236 7
10 9 9 2714 6
8 9 4 1545 7
9 8 10 401 4
10 5 2 2697 1
6 6 7 2696 2
1 4 7 86 9
7 10 4 288 10
4 6 6 926 4
1 2 3 2439 2
4 4 6 495 9
9 2 4 1298 1
2 2 9 457 7
6 9 9 665 4
10 3 6 1649 8
3 6 8 1424 2
8 1 3 378 4
1 6 3 2530 7
3 3 3 66 1
10 2 10 586 1
7 7 8 357 5
6 6 5 780 2
5 1 9 356 5
1 3 2 1416 7
8 8 8 1498 6
4 10 3 72 6
3 7 9 646 6
2 8 9 2608 1
2 1 5 1560 9
8 9 9 409 5
8 8 9 2746 3
9 9 8 1185 6
5 6 2 2268 1
10 2 5 759 6
2 9 10 2061 10
1 3 2 641 8
5 9 1 274 6
1 10 5 180 2
10 7 9 1755 7
3 1 4 1069 7
9 8 3 748 5
3 6 2 207 10
5 4 9 204 1
9 8 5 1165 4
9 7 7 2693 9
10 7 4 449 8
8 2 8 852 2
10 1 1 1509 4
10 5 7 782 10
1 1 2 2605 5
5 7 8 1068 9
3 2 1 318 6
8 1 6 903 8
1 2 3 2523 1
7 7 9 664 9
1 1 6 2310 5
1 5 7 751 4
1 1 2 2652 9
1 1 1 2136 9
10 4 5 1521 6
3 4 4 1995 9
2 1 2 2616 7
3 3 2 1152 10
1 2 3 751 5
6 8 8 1989 9
5 2 8 961 1
2 2 3 1115 1
6 4 10 2546 10
1 3 6 1831 1
1 2 2 1662 1
9 8 9 947 2
7 1 6 206 7
7 4 9 612 5
7 4 5 983 7
1 7 7 602 8
3 6 3 1778 1
3 3 1 2739 1
7 10 8 2649 8
4 10 10 1214 6
5 2 4 2219 3
5 6 3 1473 5
7 5 3 1811 9
1 1 1 1809 8
4 8 10 626 7
2 2 1 1624 5
1 2 5 1647 2
6 4 2 1550 2
3 10 4 378 8
2 6 7 2265 3
6 3 5 1200 6
9 3 8 1630 8
4 1 3 1680 1
3 3 3 2107 4
4 6 7 1020 7
8 9 4 2062 4
4 5 8 2453 10
2 5 5 491 4
5 8 9 2061 1
5 10 5 2652 3
9 4 4 932 7
4 3 2 2728 10
10 1 4 849 2
3 5 6 2673 9
7 9 2 1939 7
7 2 3 77 8
10 10 4 2539 7
6 2 8 2673 8
2 9 2 1215 2
6 5 1 978 2
2 3 3 2222 1
7 6 3 547 6
7 10 5 2574 6
7 9 3 2359 9
9 10 8 755 3
2 6 10 220 8
1 1 3 1062 7
3 3 5 87 10
4 7 3 474 3
1 5 2 499 8
9 9 10 42 6
6 2 1 1732 10
8 8 8 1399 6
10 3 8 565 5
5 5 1 786 1
1 3 1 993 7
9 5 5 1593 3
3 5 8 1993 5
6 5 4 2520 6
3 6 4 1768 10
3 2 7 1728 8
8 10 2 2627 3
8 10 10 2146 6
5 6 9 194 1
3 7 3 254 9
10 10 10 855 10
3 2 10 2180 5
6 2 2 1523 4
3 9 10 84 5
10 9 10 87 5
10 9 9 1948 5
2 4 2 893 4
10 3 6 2687 5
2 8 2 1586 7
3 3 8 26 2
6 3 6 1778 10
9 8 10 1668 10
1 4 7 2074 10
2 2 9 1523 1
5 8 4 1223 1
2 6 2 608 2
4 8 7 794 2
7 4 2 522 1
9 10 10 659 5
1 3 2 1648 6
2 10 10 1931 10
10 1 1 553 7
2 7 3 956 1
7 6 4 807 9
10 2 8 1933 5
2 5 9 546 10
3 9 6 1461 9
6 6 7 2233 7
2 2 1 2014 9
8 6 7 193 9
10 8 9 699 4
6 8 4 2640 6
6 7 7 1887 4
6 8 8 2208 4
6 2 9 1352 2
3 3 1 603 1
5 6 10 393 5
9 10 5 1528 2
1 8 1 2163 8
10 9 9 1937 9
2 8 4 372 5
4 10 6 2247 1
7 3 2 829 2
8 5 5 2481 3
2 2 1 2403 10
2 2 3 524 4
5 3 5 550 8
1 1 1 1904 6
10 9 8 2312 9
3 5 6 1565 6
10 9 10 396 10
8 9 4 576 5
10 4 3 1359 3
1 2 3 312 7
1 1 6 1201 8
2 3 3 386 5
6 6 3 1670 3
6 4 10 2593 4
9 9 10 1460 5
2 4 3 1348 3
8 4 10 1481 4
1 3 3 2305 5
2 2 2 2030 8
10 3 1 2760 7
9 9 4 531 1
9 10 8 1230 9
7 6 4 1261 7
3 2 1 1250 1
3 2 3 2406 3
9 9 10 73 10
10 3 7 2690 5
4 9 8 803 6
2 6 6 1932 1
6 3 1 1520 7
10 8 10 1644 8
6 2 10 1215 7
1 3 1 1454 6
10 3 6 2101 10
1 3 2 2469 5
5 8 4 1001 10
6 9 1 2232 9
9 7 7 2608 1
3 5 6 299 8
8 7 4 1743 2
3 2 1 2693 2
3 1 1 2164 5
8 6 8 859 10
3 7 9 1878 9
2 3 5 793 6
2 3 7 1380 2
