100
6 7 1 371 8
5 2 7 70 1
8 5 9 146 8
6 3 1 206 2
6 4 7 205 2
7 8 8 247 6
6 1 4 529 9
2 10 7 55 7
2 6 1 386 10
4 4 9 282 10
10 8 10 437 7
1 10 8 356 1
3 2 1 371 9
1 8 2 503 4
1 1 2 509 8
10 5 2 432 6
8 2 9 311 9
9 8 8 501 1
3 2 1 78 9
8 2 8 183 3
3 9 3 184 6
4 10 10 464 2
6 7 7 219 10
9 7 6 386 2
6 5 10 35 6
4 7 5 398 8
9 3 6 214 4
1 3 5 196 9
8 10 9 390 3
10 4 4 473 1
9 10 4 405 1
4 6 7 490 3
5 7 1 315 10
3 2 3 467 2
5 6 7 317 5
5 4 8 110 10
3 2 1 39 3
10 8 4 449 1
1 8 5 183 7
8 5 4 381 9
5 9 2 85 10
1 3 3 428 6
9 10 10 353 10
9 2 3 294 9
3 1 3 30 3
5 5 8 502 10
8 10 8 212 8
4 8 1 535 6
3 2 1 226 8
8 8 10 396 1
7 4 2 21 3
4 9 8 407 8
5 6 9 301 8
7 3 5 129 2
1 10 1 497 10
1 2 3 433 5
1 2 4 43 6
4 6 8 207 7
4 6 1 203 4
1 1 2 138 6
6 2 9 455 4
10 2 4 264 4
9 8 9 510 3
2 1 3 19 5
4 4 4 273 5
7 6 1 297 1
6 5 10 91 4
7 6 3 122 9
8 8 9 195 1
10 2 2 212 6
4 5 10 466 2
2 2 7 325 5
1 4 10 48 4
8 9 8 183 8
3 10 8 422 6
9 2 10 485 1
10 3 6 73 1
4 2 7 340 6
8 4 9 206 8
5 10 1 178 7
9 7 5 279 9
2 2 3 433 1
3 3 2 509 3
9 9 10 462 10
1 3 4 286 8
8 2 10 81 9
1 5 3 125 1
2 10 6 330 2
3 2 3 530 2
9 9 8 38 1
2 5 1 92 5
3 7 3 272 4
9 9 10 144 9
6 1 1 18 10
7 2 4 227 9
3 2 10 299 7
2 2 8 161 7
5 4 3 49 4
2 6 5 48 10
8 8 9 84 3
