200
5 8 15 5205 10
5 25 10 705 6
9 17 33 3272 8
13 55 23 76 6
8 48 19 6112 10
22 37 24 786 7
6 36 14 3795 7
7 17 9 5670 4
6 21 48 4932 6
20 20 34 2789 6
18 22 46 1937 4
10 41 20 5162 1
16 55 29 498 10
6 7 16 858 3
16 22 37 872 4
11 32 14 6360 8
19 24 50 4642 7
12 21 11 3690 2
15 32 17 2165 5
13 45 19 1192 8
13 20 10 3476 1
7 41 17 2265 4
20 18 33 3214 9
2 18 8 4211 3
4 14 29 1565 1
19 19 38 1535 3
9 15 9 621 8
15 47 23 5925 1
9 6 11 5211 5
12 35 16 4035 1
9 28 59 3281 1
8 17 10 2475 8
13 12 21 2171 10
6 12 26 2029 8
4 11 5 3474 9
14 30 15 1351 4
4 8 15 2061 8
9 24 11 6157 8
19 22 41 317 10
24 20 36 4570 7
20 36 22 3054 4
22 35 22 2980 10
17 16 30 2932 7
15 12 21 3965 4
16 30 19 4516 10
17 31 20 4881 10
6 25 13 1044 1
11 14 27 3828 10
7 17 10 6185 3
6 6 11 335 5
6 22 9 2483 2
29 41 23 1013 2
10 11 16 1640 6
6 59 27 1761 3
10 16 9 2091 2
13 35 16 682 1
17 39 19 865 1
11 23 11 3571 1
10 28 14 330 5
4 6 14 1378 10
13 53 21 2069 8
12 18 10 4458 1
11 26 52 2688 1
9 40 16 2591 1
16 57 25 701 1
15 21 43 2995 10
13 16 33 1361 7
13 17 38 943 2
7 5 9 1579 9
13 24 13 3472 1
4 13 7 4580 8
24 23 48 5016 1
14 38 18 3423 10
7 12 8 4416 9
8 21 53 4286 5
13 55 28 6355 5
6 14 37 5894 1
16 25 52 581 5
4 27 11 1048 6
12 38 18 2597 8
9 17 35 2217 1
11 23 14 1119 5
16 55 23 5844 3
8 10 18 5559 10
21 27 46 339 9
12 13 19 1355 5
25 27 43 2405 2
9 11 6 1763 8
5 33 14 5749 2
4 8 18 6282 2
6 6 14 710 7
24 27 45 3790 7
21 39 23 5744 1
7 19 47 4414 3
7 39 17 1698 1
18 22 50 3655 3
22 24 40 2799 3
6 19 40 4925 4
10 23 51 3961 1
2 9 20 5624 1
9 19 11 3146 6
10 11 22 2529 4
10 8 13 1929 3
11 28 13 2453 6
14 48 21 5452 7
20 32 17 4791 4
7 6 10 6051 7
3 5 13 1752 7
16 25 47 1833 10
4 13 6 5646 10
9 20 47 1199 6
8 28 61 1475 2
8 21 9 4182 10
15 16 35 4387 2
16 17 26 592 5
9 14 29 1637 2
18 29 18 1997 3
17 26 50 1926 9
3 25 11 2168 3
8 50 21 3664 5
10 11 22 5456 8
10 29 13 4278 4
7 30 12 2059 5
13 32 14 3970 3
15 47 24 3267 8
20 21 45 2988 2
7 16 9 1305 1
15 53 27 5307 4
10 26 11 5929 9
9 9 19 2339 2
5 14 29 4833 2
8 54 23 5111 8
11 18 11 6182 7
17 20 43 5736 4
7 13 28 2585 4
2 7 15 4793 4
22 20 36 3539 5
13 24 12 1524 10
14 43 23 3781 9
5 18 41 1632 9
12 25 12 1528 10
22 20 35 6413 10
19 22 38 3908 5
17 43 19 4939 7
3 18 9 2547 2
8 7 11 5180 5
23 26 39 5398 1
7 21 48 2736 1
20 41 24 4578 8
22 51 25 5465 1
8 52 21 153 7
18 16 30 3144 10
10 58 28 4179 2
11 19 42 3359 4
8 16 43 4697 8
13 30 18 5083 5
17 52 23 158 1
10 19 11 5119 9
15 46 26 4170 10
23 22 41 423 10
16 25 52 2882 3
7 35 14 6046 5
15 14 26 3149 9
12 12 22 4246 6
6 14 7 5917 6
19 15 28 587 4
4 15 8 2791 1
22 17 32 828 5
15 24 53 6055 6
6 13 27 3093 5
9 15 30 2344 7
3 17 8 4407 1
5 20 46 5972 8
10 12 21 5209 9
6 28 12 149 7
4 6 11 1849 2
10 13 25 6181 9
7 11 7 3657 4
19 37 19 1185 1
10 10 20 5115 6
6 12 5 5626 9
6 21 9 2129 6
6 7 18 1080 7
7 5 11 3160 1
24 39 21 4112 4
5 33 14 2480 8
13 26 48 1052 4
9 25 50 5531 6
22 37 23 6032 3
22 23 47 6264 10
8 16 42 2336 6
13 19 43 5627 5
12 20 40 1270 10
6 23 9 4335 7
6 12 29 3731 2
17 23 54 6364 2
19 48 25 4295 9
9 8 18 1733 10
8 62 27 4797 6
19 17 33 232 4
