500
19 24 51 2174 9
6 11 6 592 9
20 20 38 7250 4
12 28 14 5049 1
21 49 26 92 5
19 41 19 821 10
8 27 15 3316 1
8 32 14 1976 2
13 57 30 7958 2
10 30 13 4883 6
8 12 31 9791 10
12 27 13 9564 4
6 15 9 2322 1
11 33 17 12639 8
12 42 22 11051 3
19 45 27 10680 2
3 5 13 139 6
5 14 31 12376 7
15 53 22 2331 8
6 13 7 3864 10
19 22 48 751 9
4 14 7 7037 6
4 9 23 11344 7
4 5 11 9812 10
10 55 21 3946 9
11 20 41 10673 7
8 14 7 8403 4
5 15 6 8564 2
15 37 18 14134 5
7 28 14 12002 8
25 43 23 1133 6
7 15 31 13814 6
12 10 20 3537 9
10 25 11 14769 6
15 52 26 11622 1
5 19 42 13809 7
13 32 17 8283 1
18 41 21 375 7
14 34 19 14976 3
9 11 25 8279 9
10 13 29 696 5
9 22 44 1144 3
3 20 9 4325 9
3 22 9 6781 2
10 17 34 2652 2
13 14 30 8659 6
14 11 20 10578 7
16 27 17 2217 3
17 21 48 6457 10
13 38 17 7555 10
9 9 16 7375 8
7 14 28 5147 8
12 26 51 13933 4
3 8 20 7283 9
16 23 40 14625 3
12 28 17 7642 5
28 26 46 2165 7
6 9 6 5899 8
10 16 10 12079 5
5 10 23 4137 8
3 8 19 9748 2
10 23 61 7148 10
7 23 12 1185 8
12 22 41 878 3
7 8 14 12487 10
9 15 28 11696 9
4 15 33 9294 2
24 25 46 2970 9
13 21 50 5414 4
8 12 8 660 10
13 18 29 7757 5
8 15 29 14142 7
8 11 25 3844 9
6 8 14 1710 9
3 6 12 13494 10
15 21 41 12962 6
26 24 46 11770 9
3 16 8 1372 6
22 48 23 10882 1
10 14 7 3695 4
4 27 11 14292 3
10 17 30 15020 8
11 61 24 5013 7
11 60 23 1643 10
15 52 24 9380 10
11 18 10 12485 10
9 8 14 1526 8
14 33 19 9476 6
6 10 5 5491 1
5 13 5 12797 6
6 8 13 15299 3
6 9 24 9470 5
7 20 41 7854 2
27 42 25 650 6
12 36 18 11412 2
4 9 23 13416 1
8 20 42 5906 3
7 28 13 9919 3
8 15 34 1962 4
19 21 41 7457 8
11 47 19 13232 10
19 24 45 12377 6
4 12 24 8604 6
18 22 51 14616 5
6 19 8 2992 9
11 53 26 14985 5
21 43 27 12799 6
11 24 45 9231 7
17 19 28 4010 4
7 16 35 12128 2
4 9 24 10138 9
15 18 37 3495 6
20 48 25 9658 1
21 51 28 4482 3
18 25 41 1823 7
5 6 10 9240 8
8 47 20 1057 5
18 24 52 14944 4
14 25 14 10522 3
9 42 19 12808 6
3 18 9 10101 9
3 20 8 6169 2
10 25 52 5606 1
16 41 22 3551 7
17 26 15 12528 3
6 8 15 11514 8
7 21 42 6866 9
7 14 8 14319 8
3 14 5 10781 5
10 65 25 9668 3
8 15 9 3634 5
7 21 52 8536 6
20 35 19 14487 7
10 8 17 14295 4
8 13 31 8390 10
16 13 23 9076 9
6 26 56 8667 1
9 46 18 13475 8
19 24 46 9936 5
7 16 31 11538 5
18 31 17 12916 5
5 10 5 3204 4
14 24 51 10020 2
7 8 14 4506 2
23 23 37 12317 4
9 15 10 11206 7
20 28 49 3386 10
6 21 48 14680 9
9 20 9 3949 5
7 62 27 12650 8
3 8 19 12453 7
5 12 5 12820 9
15 41 23 5598 6
20 34 18 1776 1
20 20 39 12369 2
15 27 53 3395 9
28 42 23 2805 7
16 19 39 3544 2
9 29 14 9529 9
8 17 8 15326 9
5 35 17 3170 1
5 25 9 6137 6
23 27 45 6584 2
6 15 8 12641 1
7 15 7 11361 9
21 24 51 1374 8
28 46 26 2085 1
11 40 16 5240 6
9 17 10 8869 1
12 16 30 937 6
7 29 15 6070 8
5 37 17 8864 4
8 48 22 8547 4
17 25 15 2646 10
7 17 8 4591 9
7 28 15 6742 1
9 35 18 3217 4
22 17 31 9371 3
6 29 15 11211 4
14 44 21 8233 2
6 30 11 13972 2
12 42 20 8816 2
6 18 37 5476 5
7 13 6 4763 5
18 43 26 10294 7
12 27 57 6690 2
3 6 14 7305 1
8 9 14 4588 8
17 56 27 8163 1
16 29 17 13395 2
15 16 27 11085 3
2 17 8 10041 7
6 11 7 5065 1
5 14 32 475 7
8 8 17 2641 1
15 15 27 6873 4
17 29 51 2165 6
11 44 21 5397 4
23 26 51 8677 10
13 15 23 2367 2
6 43 19 12241 8
18 14 26 10104 2
11 55 23 8055 10
9 41 21 9721 10
4 21 10 5004 7
16 24 46 9388 5
13 14 31 4330 9
2 7 15 7071 3
3 29 13 10927 10
6 15 8 3188 2
5 16 6 3938 2
8 24 10 10972 1
8 14 7 8057 8
17 29 19 11968 8
14 21 38 15157 3
19 28 51 9485 3
5 39 16 14842 6
13 14 21 14480 9
14 23 12 131 4
8 14 32 5097 9
7 13 24 1467 4
18 30 20 14731 1
12 22 11 15150 3
4 11 27 5187 3
18 46 24 1278 1
14 44 23 15107 1
3 8 18 5935 5
11 21 51 12076 9
6 26 10 8343 9
5 28 14 11178 6
7 23 11 973 6
19 17 31 13342 3
5 12 7 9313 2
9 26 14 11133 6
11 12 21 4465 9
19 24 46 9071 5
5 5 10 11380 3
24 42 26 2957 8
5 44 19 12191 3
5 27 10 5850 10
19 23 44 499 9
20 28 16 7243 10
8 7 15 7552 8
8 14 8 5897 9
7 21 12 8061 1
21 37 24 11902 9
22 34 21 319 3
6 6 9 6797 3
3 7 16 8302 6
6 21 8 2808 3
13 18 11 7595 5
4 15 7 11213 3
12 17 31 14586 2
9 23 50 5691 8
22 42 24 658 6
8 13 26 6916 8
14 17 26 7491 5
12 51 22 7716 8
12 10 19 8385 5
10 11 25 12253 5
18 48 28 15166 9
10 21 13 13042 9
11 38 17 3689 4
11 20 10 12491 6
11 13 7 13593 9
5 24 11 1137 7
11 62 27 10532 6
10 20 46 15279 9
23 46 29 14484 4
10 32 17 2425 10
4 7 15 4353 8
15 44 21 3840 6
9 9 15 2890 9
15 40 23 3269 7
6 16 7 13492 6
8 17 44 6868 9
12 28 16 6737 7
4 24 52 3775 10
7 13 26 6588 6
19 17 31 11684 6
17 24 54 6597 6
12 17 9 3114 4
12 41 21 13681 8
10 23 52 7700 3
11 16 37 226 6
8 8 13 12980 8
9 55 27 13193 5
17 24 45 13674 3
21 19 33 124 2
7 18 36 3725 2
9 30 13 4754 4
6 11 6 7377 7
8 23 13 8540 4
5 6 10 13697 4
13 54 28 14787 2
8 16 9 4878 8
3 6 11 7868 10
3 7 16 5090 7
11 25 15 14525 10
3 7 16 13234 7
6 41 19 6959 6
10 11 17 4223 6
18 34 20 7372 8
10 25 63 14778 6
17 56 27 6282 7
16 41 19 4588 1
24 27 45 13803 5
12 29 17 11342 1
14 24 14 2796 1
14 16 27 10795 10
12 37 21 11691 4
19 16 28 11908 2
4 29 12 1006 8
4 5 14 4525 2
14 17 38 1687 9
21 27 45 6084 3
14 21 35 567 1
10 61 27 9148 5
16 26 15 1688 4
13 10 18 4628 10
4 13 29 8974 8
15 17 28 13988 1
15 47 25 11312 4
15 29 55 11124 4
18 32 17 13500 7
2 13 5 6744 1
7 5 10 814 10
9 42 21 5755 7
7 6 13 4028 9
21 20 42 5808 3
11 10 21 1420 4
8 7 11 6886 3
13 54 26 10286 6
6 14 29 3431 1
24 42 26 14047 9
9 19 46 1681 6
6 30 14 10768 4
11 13 29 4196 7
10 26 61 5351 9
20 50 27 4134 7
20 47 22 8872 10
21 24 47 4322 2
15 26 13 5796 3
8 21 9 6383 4
24 42 22 4718 1
14 19 38 10680 9
10 16 29 7855 5
15 25 13 1868 9
14 14 25 13733 1
23 25 45 13038 4
14 34 17 13029 6
23 36 19 3402 2
7 37 15 812 7
13 24 15 7860 9
5 17 38 10968 7
3 8 16 11406 6
8 17 32 11913 8
7 10 26 1913 1
7 7 15 11239 4
18 57 25 13982 10
4 11 26 11540 6
4 5 13 6613 1
15 34 20 373 9
15 35 18 2619 2
8 44 21 14263 5
14 30 16 1515 7
25 24 44 3922 4
5 26 13 14299 5
19 21 38 11419 6
25 48 25 13571 10
13 21 14 10619 7
12 58 28 9928 4
28 24 47 7237 8
22 20 36 11533 2
10 22 42 2290 7
7 7 11 5015 4
5 27 59 244 7
8 24 11 11566 5
14 20 11 4982 2
12 41 21 11848 1
24 37 23 3122 10
21 35 22 2861 10
16 49 26 9800 4
5 14 30 13225 3
12 11 20 2961 8
14 33 17 1579 4
7 12 26 2551 7
10 26 13 14088 7
18 45 26 10540 1
19 21 36 6184 1
4 19 8 12342 7
13 24 52 13389 10
11 30 15 1828 9
8 15 37 4143 4
21 27 48 5406 3
2 6 14 11135 6
12 14 27 15213 9
3 16 6 14970 5
12 47 23 11489 3
20 28 16 12904 5
10 17 36 15293 6
18 45 22 2323 2
12 15 24 7042 2
10 21 53 10482 9
12 23 14 2700 7
10 17 34 2024 3
11 31 16 3111 10
26 24 47 5591 9
5 5 13 6979 8
12 41 22 4947 7
6 10 24 5874 10
6 13 25 13844 6
8 10 21 1375 7
6 12 6 11122 4
15 27 51 9063 8
23 39 21 4859 4
5 24 9 9786 3
24 27 43 12068 6
13 44 24 14385 9
12 51 24 8757 2
17 37 19 11337 5
14 25 13 127 4
5 35 16 12427 6
21 34 19 4890 4
6 18 8 9183 8
7 11 19 9446 3
11 10 20 3840 6
6 17 39 6386 6
10 60 26 13682 8
6 35 16 12860 9
22 22 41 8455 10
6 51 24 3054 2
10 13 30 5245 9
4 7 14 8277 3
4 23 9 7045 3
3 13 29 421 7
2 24 11 14137 6
10 57 27 13290 8
12 53 26 5236 3
13 20 44 7804 2
10 21 44 9238 10
17 34 21 10109 8
12 12 23 9416 1
21 44 23 2504 5
8 19 49 3211 8
15 20 37 2487 10
14 49 20 3692 10
7 62 27 1971 10
14 48 24 12249 2
14 38 21 4761 9
10 17 8 10975 3
9 18 46 6953 5
8 9 18 6491 7
26 49 24 8929 9
2 20 9 266 8
15 23 45 6177 10
13 27 14 179 6
2 7 16 977 4
9 18 35 12910 3
11 18 41 15300 2
11 57 26 10223 9
18 53 26 235 6
3 30 14 6327 5
25 44 25 10790 10
9 24 48 1523 5
14 58 27 6040 3
7 11 26 7021 3
10 31 14 4805 8
20 42 21 10277 10
19 23 36 8383 6
15 46 22 367 1
4 24 10 502 4
16 25 13 12709 5
12 32 14 14203 1
5 17 7 6946 7
9 37 19 14632 3
13 41 23 6390 6
6 33 12 5279 3
10 32 14 979 4
17 13 24 6075 8
7 8 20 10718 1
7 29 63 2496 5
10 41 17 13397 5
13 25 60 3615 10
10 14 8 507 4
27 44 26 9873 4
25 25 44 10396 6
12 23 49 7708 6
16 40 18 4472 8
25 36 21 4418 9
8 35 17 13096 4
8 10 22 5800 3
1 6 13 6102 3
13 40 21 9675 3
6 49 23 12593 1
4 5 11 7554 1
12 33 14 2744 2
12 13 23 1815 1
11 25 12 12743 1
4 7 18 5092 1
