200
2 2 2 782 2
8 1 6 504 3
2 2 2 609 8
2 4 4 568 9
10 8 10 275 3
3 1 1 449 5
8 9 10 669 10
1 7 7 275 4
8 2 6 712 2
7 9 6 887 3
1 3 3 183 1
9 10 8 509 4
9 9 2 175 3
9 10 8 56 4
8 6 1 945 3
10 5 4 193 2
10 10 2 780 3
6 9 6 74 1
8 8 10 487 2
10 6 8 514 8
10 2 10 1070 2
7 5 4 147 2
1 3 5 903 8
6 9 7 360 9
10 2 5 946 3
3 3 5 599 9
7 2 3 234 3
1 5 8 837 7
1 7 8 1102 8
2 10 1 1100 10
3 3 2 1008 1
3 10 7 764 8
10 2 10 1035 10
3 8 5 629 2
4 5 5 367 3
1 4 10 796 9
1 3 2 759 7
2 6 6 97 6
3 1 6 381 4
6 4 4 1057 6
2 3 1 653 8
1 7 8 391 2
2 5 3 332 10
7 8 6 103 9
2 9 5 315 6
8 9 6 899 5
8 7 8 179 9
1 7 2 125 3
10 10 6 609 6
1 6 4 422 2
2 2 3 570 9
1 2 5 430 7
3 2 3 945 5
5 5 2 730 2
1 3 2 782 6
1 3 3 395 8
7 5 9 559 10
9 3 8 503 8
1 5 5 354 3
7 10 2 1014 7
9 1 2 406 5
6 10 5 169 3
9 6 5 497 8
6 4 7 161 7
3 5 1 437 4
4 5 8 560 5
9 6 6 498 3
1 3 3 72 7
2 10 4 527 4
9 6 7 58 10
10 10 10 535 3
1 5 2 460 10
6 4 10 922 6
10 7 9 231 8
9 9 9 620 5
5 4 5 873 7
1 5 2 397 5
2 9 6 453 10
1 10 7 183 7
8 4 8 279 9
2 3 2 594 4
3 3 5 328 6
5 5 6 886 6
8 4 7 568 6
9 7 3 221 3
3 5 10 223 3
2 3 2 973 10
10 10 10 356 1
10 10 9 68 8
2 3 8 85 6
5 3 9 918 5
2 3 3 214 2
9 10 8 612 8
9 10 8 1046 4
5 3 9 852 9
9 1 5 135 9
2 3 3 497 9
1 6 9 386 5
8 10 9 383 10
10 9 8 1044 7
3 10 3 722 1
1 2 2 895 9
3 8 6 563 1
8 10 4 795 5
9 9 10 645 4
3 1 3 290 2
10 2 3 409 3
2 7 1 925 7
8 5 9 475 10
10 8 8 599 1
9 9 8 549 9
10 9 10 983 7
9 6 8 443 9
4 10 4 619 5
2 5 8 983 3
8 3 10 371 8
5 3 3 914 4
4 10 4 409 1
4 7 1 760 6
4 1 1 7 1
2 4 9 88 2
6 10 10 463 1
4 7 4 319 10
4 2 9 519 2
4 7 5 816 4
6 1 3 131 3
4 5 9 1086 10
1 6 4 421 1
1 9 2 575 1
4 10 10 1064 4
2 9 9 634 9
1 6 6 616 6
5 3 8 547 4
4 3 8 665 2
4 5 8 769 4
9 7 6 388 10
5 10 5 593 6
3 5 9 1105 9
1 1 3 595 7
2 2 2 738 9
4 4 2 172 5
9 9 8 444 1
1 8 5 219 3
1 4 8 450 10
7 4 10 31 2
1 8 6 637 7
9 8 6 30 1
6 9 10 375 1
4 3 3 767 1
3 3 2 363 2
9 10 3 458 7
4 5 2 1009 1
2 1 6 1078 2
3 9 3 134 3
5 5 4 790 2
9 8 1 557 9
7 5 3 65 3
3 9 6 431 1
10 2 1 76 5
4 9 5 860 2
1 2 1 752 9
8 8 8 115 7
1 8 5 875 3
9 9 8 744 3
9 9 8 291 7
8 7 10 731 5
4 8 2 259 10
4 3 5 420 3
3 1 1 506 1
6 2 10 256 8
3 1 2 707 6
6 7 8 505 8
7 10 6 35 9
8 8 4 63 5
5 4 4 1002 10
6 1 2 611 4
3 2 2 438 10
3 10 3 400 4
10 9 3 872 10
4 4 9 225 2
2 4 3 828 9
8 9 7 857 9
2 3 2 1062 3
8 10 2 418 1
1 8 9 397 5
2 2 3 961 6
5 3 6 82 10
2 6 1 1091 5
9 8 8 211 6
8 7 9 851 1
4 7 2 536 2
8 10 7 115 8
6 3 10 754 6
3 7 10 744 9
6 5 6 339 8
10 1 6 901 10
3 4 1 1094 6
10 5 7 70 5
1 1 2 216 1
2 10 5 659 4
