150
8 8 9 227 3
4 7 8 177 9
10 1 1 583 8
8 10 1 267 2
9 4 5 470 4
6 6 5 49 5
4 5 7 411 7
1 8 8 154 1
6 2 3 795 10
2 7 8 199 4
2 9 9 117 2
3 9 7 102 4
4 7 6 58 2
1 3 1 49 7
2 6 1 43 10
10 6 5 595 7
9 4 10 101 10
9 7 6 177 1
6 1 1 407 3
9 8 8 443 7
6 7 3 186 9
7 3 8 264 5
2 2 2 213 9
8 4 4 273 6
3 2 1 70 4
2 4 3 723 9
10 9 10 609 5
2 7 5 36 1
2 1 1 224 1
2 7 7 26 4
1 3 2 253 2
8 2 4 329 4
3 2 10 446 7
10 8 8 652 5
2 2 2 23 3
9 8 2 788 8
8 5 4 145 5
2 1 6 96 10
10 10 10 794 3
9 8 1 156 6
3 3 2 636 5
3 9 10 640 7
3 7 9 601 6
7 7 4 795 1
4 7 2 325 4
3 9 9 610 2
9 8 10 789 7
3 10 1 786 7
5 8 6 574 7
4 2 6 99 6
8 5 3 443 3
3 2 9 819 7
2 1 7 386 3
8 3 3 668 3
10 9 9 722 4
9 1 1 686 8
2 4 3 650 7
2 1 3 741 1
2 10 5 336 3
9 7 3 683 5
6 3 5 543 4
4 10 8 482 7
8 10 2 258 5
4 5 6 93 1
6 3 2 46 9
4 9 8 554 7
4 3 7 679 3
1 2 2 567 2
2 2 5 717 4
10 10 8 208 1
1 1 1 554 1
9 10 8 816 7
6 1 1 455 8
8 10 8 168 1
6 4 3 799 4
7 9 4 333 10
1 10 10 657 6
3 4 3 747 10
9 10 1 424 10
7 8 5 593 7
5 3 6 833 6
9 4 1 322 5
6 1 9 291 10
9 10 3 365 2
1 3 2 602 10
5 7 4 153 10
9 4 5 59 10
3 3 2 451 3
9 2 6 516 8
8 6 2 651 3
10 3 9 104 2
1 9 8 154 6
1 8 7 238 10
1 3 2 619 9
1 1 8 134 5
8 1 3 532 5
2 1 10 657 6
10 3 1 758 1
3 3 3 602 7
1 10 2 508 3
1 7 8 653 4
9 8 9 488 8
4 4 5 398 10
2 1 9 53 9
6 5 2 575 2
10 10 8 284 9
2 1 1 276 5
5 5 7 225 2
1 3 6 306 1
10 10 8 517 4
6 3 5 785 2
1 3 2 439 3
3 8 8 827 2
9 7 10 564 8
8 3 7 365 9
2 10 4 604 3
6 5 8 54 6
4 9 4 161 9
10 1 8 286 1
2 10 9 608 4
5 5 8 196 10
4 5 6 166 6
1 2 2 737 3
3 5 2 536 2
9 9 9 792 6
9 9 9 466 4
8 8 10 708 6
3 2 3 688 3
3 7 3 450 6
2 2 3 525 10
7 8 5 221 4
9 3 1 626 8
2 5 4 188 3
6 6 3 311 9
7 5 1 541 1
9 1 1 617 4
6 1 4 465 3
10 6 2 241 1
4 1 5 231 4
3 1 1 178 6
8 10 8 667 8
6 1 10 198 8
3 1 3 428 8
8 5 9 154 2
7 5 9 223 9
2 1 3 343 6
8 9 8 371 4
9 3 3 94 2
9 10 7 390 7
6 3 2 296 1
