350
9 60 26 6602 2
8 15 39 1183 6
13 26 57 11450 7
11 21 47 1621 1
16 56 27 2927 1
8 21 11 2878 5
7 5 11 11822 8
5 7 18 7662 7
4 7 14 8844 7
17 25 53 8982 7
17 18 37 5938 6
7 15 37 9114 10
8 22 12 8645 4
16 26 50 10971 4
19 24 43 436 2
10 8 16 755 2
10 8 13 10073 3
11 24 12 11730 8
8 6 10 10586 9
24 33 18 443 8
11 23 50 8386 9
8 13 28 8289 1
10 19 10 5441 8
20 21 34 3652 9
21 25 45 9123 2
4 14 31 8102 1
22 46 23 250 10
20 25 53 11694 6
12 56 27 11833 6
4 21 45 3485 3
8 28 58 6068 3
6 13 7 2572 4
12 31 16 9509 1
5 6 11 5351 3
3 18 8 5381 5
10 21 42 10228 2
8 18 47 3047 8
5 11 6 10044 5
5 9 19 4410 5
24 42 21 6832 4
5 10 26 4836 10
15 50 23 2752 10
14 22 14 72 3
10 23 59 7133 2
9 20 48 7867 3
10 16 33 1633 10
4 6 15 475 10
13 27 57 9920 5
5 48 22 10406 2
6 20 11 1531 10
11 10 16 3193 9
7 20 45 7983 5
7 8 16 8914 6
10 42 18 5075 1
7 53 23 7043 1
7 34 17 8522 10
8 56 25 9584 8
5 5 10 4099 6
5 19 40 9228 4
10 21 44 11807 6
18 23 36 4264 4
8 10 20 1870 9
9 9 18 1291 7
10 13 30 11142 8
12 50 24 1127 10
19 21 32 10149 10
5 12 27 241 6
7 14 29 9109 4
4 12 28 8750 4
5 6 16 5833 3
9 11 20 2918 9
26 25 42 11237 5
7 7 10 5940 8
15 15 27 3490 10
14 44 21 9651 1
29 26 44 2682 4
14 10 18 8553 2
6 22 10 2153 2
2 5 13 773 10
21 43 25 3361 10
14 50 21 11122 10
8 49 20 6145 9
21 23 41 2039 4
22 25 49 4564 2
6 14 6 4257 4
14 10 19 6095 10
8 28 15 1498 6
17 30 15 11492 3
18 15 29 4832 6
4 5 12 10005 9
8 14 30 11333 7
20 36 24 6498 9
6 14 32 760 10
21 19 32 5494 8
18 23 43 7193 6
13 27 17 8517 7
11 48 19 140 9
21 45 23 3826 10
6 21 49 1826 8
21 41 20 11686 1
11 52 21 1954 7
16 26 13 1493 9
11 19 11 4924 3
16 37 22 6434 4
10 10 20 630 2
15 21 47 10306 10
17 21 49 2735 6
6 12 31 3092 3
9 11 23 4103 6
14 58 27 5730 6
4 25 10 5002 5
10 50 24 8297 5
7 10 26 11682 10
27 44 26 1844 8
3 7 16 10046 3
21 41 25 1706 1
12 57 25 5395 5
7 12 26 1212 10
11 29 17 10227 3
5 5 12 3426 8
8 14 7 11497 1
6 9 5 1039 6
7 18 43 2319 7
9 29 15 11338 6
11 11 22 9427 9
20 22 44 1382 7
5 5 12 2255 2
15 26 17 7441 7
4 12 6 6092 4
13 13 22 5489 5
4 14 33 2561 10
14 42 18 934 9
11 16 8 7901 8
5 6 10 5418 9
7 48 19 7613 10
7 15 30 7198 10
13 52 26 8842 5
7 20 9 7936 4
4 13 31 9064 9
18 23 50 1141 8
12 19 35 5064 10
6 12 23 2357 10
14 27 15 6639 10
7 29 12 9504 9
10 23 56 7738 7
26 27 44 6824 3
15 13 23 6898 10
17 40 19 7486 1
10 15 29 77 3
18 34 18 5737 1
9 45 18 9915 7
17 21 34 6501 2
8 24 55 10414 3
12 57 27 5291 4
23 24 45 9394 8
26 24 48 8306 1
10 27 54 5931 7
7 15 9 2267 9
17 23 39 5565 5
19 52 26 11920 3
17 18 27 3968 4
7 23 51 3958 2
8 10 23 5068 2
8 25 12 10232 2
24 35 20 2160 1
7 28 64 5280 4
14 17 34 10743 10
12 53 27 1019 1
6 8 17 6674 4
10 22 48 6367 1
10 16 32 8614 8
5 11 5 5282 5
16 40 24 1586 3
4 31 15 3248 8
23 46 28 2854 5
13 21 42 9508 4
7 14 32 9682 1
6 21 43 9303 5
15 37 18 4968 7
9 13 32 2240 5
19 21 32 7786 2
16 21 47 10493 5
11 19 49 9692 7
12 21 11 10675 7
7 31 15 3036 5
7 15 34 7976 5
5 34 16 184 1
6 28 13 3040 1
17 36 20 2493 3
4 7 20 4097 3
19 41 25 2432 1
14 27 14 11293 7
5 33 15 5334 4
8 8 17 8641 9
13 22 14 9911 2
8 13 33 3185 5
11 15 25 3353 3
14 15 33 6815 6
6 12 33 8125 2
9 24 58 6767 9
11 60 29 11615 6
15 14 22 82 5
11 15 29 2964 5
20 50 23 4207 5
14 21 37 6099 2
5 9 19 29 1
7 7 16 8120 6
22 29 46 8512 5
11 13 29 1132 4
23 25 48 10816 4
15 25 13 3190 4
10 29 12 237 4
17 29 15 4018 3
10 11 17 11145 7
14 56 28 1488 8
18 40 24 10729 7
4 8 20 720 9
20 29 49 639 2
11 23 46 9031 8
23 39 24 7991 10
15 14 22 11385 8
8 8 14 10335 4
25 47 27 949 1
22 32 17 2167 3
3 6 14 7873 1
10 25 11 11342 4
16 18 33 10592 10
16 28 55 6288 5
14 18 40 3722 9
8 19 48 7678 9
20 28 51 10962 2
8 38 15 940 6
9 22 13 4388 8
7 11 5 7543 3
6 51 22 10399 5
2 17 8 1308 7
28 42 24 4717 5
14 23 41 3411 6
24 45 29 875 9
23 50 27 7290 9
6 30 13 2031 8
10 18 37 4255 6
9 54 26 4612 6
15 21 12 3004 9
21 40 22 8721 4
8 6 11 2508 7
14 11 21 10855 2
12 24 13 7532 8
5 19 7 10595 2
17 20 42 8973 8
4 8 17 5487 7
3 16 7 8117 6
6 10 23 7331 1
5 8 22 752 1
7 17 7 4851 3
6 25 12 7642 7
10 50 19 450 4
7 21 49 10570 7
15 13 25 1628 6
7 11 7 3492 3
22 25 45 2744 10
8 37 14 11553 8
6 11 22 6964 10
11 40 17 8064 1
7 12 21 6297 9
14 24 14 2437 10
15 36 19 9982 1
10 55 25 7671 4
9 30 13 5386 8
8 9 15 6702 3
9 50 25 4620 5
5 7 14 7200 4
11 13 28 6506 3
21 22 35 11034 4
9 25 56 5629 9
11 27 55 5721 1
11 24 47 9776 10
14 11 22 7871 5
5 20 43 4892 2
7 10 7 11147 1
9 54 21 3907 4
8 9 15 11495 10
10 8 16 10042 7
7 34 13 6293 6
6 6 9 9314 1
13 20 40 6967 5
11 43 21 2444 3
6 19 9 9685 9
6 9 20 384 3
7 25 13 2198 8
14 23 50 3586 4
12 29 58 6677 8
8 17 37 4769 1
9 54 27 8189 1
6 8 15 11824 1
5 6 9 6848 1
7 20 50 3138 6
17 22 42 687 1
13 22 13 10640 5
20 23 49 9864 5
7 7 12 4123 9
4 14 5 8406 5
7 64 29 3738 3
27 48 24 8973 2
15 11 21 2603 1
6 16 38 10977 9
4 32 15 4929 5
21 39 23 5806 8
23 43 24 2570 4
26 42 27 7541 7
7 15 28 8242 6
6 48 21 2035 10
8 35 17 4070 3
12 11 23 3962 7
18 31 18 4473 8
21 27 51 1835 1
12 36 15 3304 9
8 12 30 7397 8
19 50 27 349 8
9 10 22 4604 10
15 19 34 1294 4
11 32 18 3728 2
6 13 27 3365 10
20 33 18 4341 2
3 21 9 4417 3
10 15 32 8849 8
10 28 61 1288 5
11 43 18 7404 7
13 23 41 626 6
13 18 10 6968 7
15 41 20 4922 4
11 13 22 6192 8
8 57 27 9312 1
10 37 15 9167 9
26 45 25 572 1
13 52 25 2264 6
16 59 25 5181 9
17 32 20 1781 3
7 20 11 6668 3
11 12 19 4414 1
19 36 21 5988 9
7 7 12 8647 9
15 17 36 7392 6
4 6 10 5094 9
5 35 15 2089 9
10 12 18 2931 3
10 14 28 8888 6
8 18 11 2113 9
9 51 22 10737 10
10 29 58 4827 7
