450
8 8 9 1919 2
3 8 3 730 5
6 1 3 2345 9
9 5 1 1292 2
1 3 10 1955 6
9 2 8 954 4
1 9 7 899 4
5 9 10 1933 3
6 9 3 1684 9
1 9 1 1679 9
9 10 8 2220 4
6 8 2 763 7
10 10 8 1935 10
4 6 1 1637 7
4 9 7 1563 10
2 5 6 1663 1
9 10 2 105 2
3 2 1 1203 7
10 3 3 2323 7
5 5 3 58 4
1 3 6 2349 9
2 8 4 2319 6
4 9 8 1531 9
1 3 2 1433 5
3 9 6 1271 1
2 4 5 1332 1
9 4 5 1619 2
5 3 2 1821 10
5 2 9 258 8
1 2 2 2292 8
10 10 8 1250 2
1 8 6 424 6
4 10 6 900 1
8 4 10 303 3
6 5 1 1435 10
4 3 10 1662 5
2 2 3 1985 3
2 4 4 2369 8
9 9 9 1814 9
2 3 1 1136 3
8 8 7 76 5
7 3 9 1061 7
10 8 8 1155 5
3 1 2 2224 1
3 10 9 342 2
7 6 2 446 3
8 8 10 780 5
9 10 3 2276 10
9 3 10 811 4
1 2 2 206 7
9 3 3 2447 6
7 5 9 884 10
8 6 3 1542 4
7 4 3 1095 3
4 8 3 1604 6
3 9 4 1966 3
9 2 2 2462 4
9 5 1 620 8
4 5 5 1959 3
7 10 1 297 1
5 9 6 733 7
9 10 4 1100 8
1 9 5 1227 5
1 1 2 1097 3
4 6 7 423 3
7 4 10 935 6
10 10 8 593 1
9 8 5 1793 3
5 4 7 658 8
9 7 2 681 3
6 4 9 1274 5
3 3 3 523 9
7 10 7 642 3
7 5 1 2401 5
6 2 4 901 9
3 2 1 1293 7
5 7 1 2140 1
6 8 7 943 1
3 8 1 169 5
4 3 4 2356 7
4 1 5 640 6
10 4 9 1777 2
2 9 1 150 4
8 2 1 1563 6
4 4 6 2079 7
3 1 8 838 4
2 2 2 2045 3
10 10 10 351 9
1 10 9 2207 9
10 1 10 1814 7
10 5 8 1551 8
8 5 3 1372 5
6 10 10 850 8
7 9 6 776 7
7 7 5 1316 7
7 5 5 1612 7
4 2 4 995 6
9 2 3 1466 6
8 10 9 88 6
1 2 2 752 8
6 6 9 1515 8
6 1 7 57 7
8 4 9 1685 1
10 7 4 1235 9
2 4 10 1841 1
6 5 7 474 5
3 9 10 671 8
10 4 1 413 8
8 1 1 1170 8
3 8 10 937 8
6 4 10 1857 1
3 3 8 1565 8
1 1 3 971 6
1 6 5 2089 7
5 5 5 2223 10
9 6 5 1124 9
3 1 2 1206 5
2 1 3 2230 1
6 4 9 1982 10
1 1 4 1411 6
2 3 3 1659 4
2 3 2 2278 1
3 10 9 1723 8
8 8 10 260 8
7 7 4 871 6
9 8 10 787 1
1 3 4 74 10
10 8 9 587 4
2 10 9 2385 4
4 9 7 1100 9
1 9 5 1860 7
1 2 2 1355 10
3 2 2 1230 9
3 3 1 357 6
7 5 10 2281 1
1 8 2 992 5
8 8 8 2187 6
2 10 1 2427 7
9 8 6 2378 9
3 2 2 940 1
4 7 10 203 2
1 8 10 1042 7
10 7 9 1444 4
2 1 3 727 9
2 3 1 545 3
9 4 5 452 8
1 8 5 601 4
8 5 1 991 5
2 8 6 1304 3
6 3 9 274 5
8 9 10 2377 5
10 10 8 1070 4
5 3 9 499 2
3 1 1 2445 5
6 5 8 391 6
4 10 9 1702 2
6 10 9 503 3
10 5 8 1315 5
5 2 1 811 8
5 5 3 1201 1
7 9 1 885 3
3 2 3 1625 7
4 4 2 1749 5
6 5 10 689 5
3 7 1 259 7
1 3 2 136 1
2 2 3 203 3
1 3 3 1615 5
5 2 1 1683 3
10 10 8 418 4
9 9 6 2338 9
3 1 2 2286 6
4 7 8 819 9
3 9 8 2158 4
2 9 5 742 10
6 5 10 1015 6
8 10 8 1525 8
9 8 9 2362 6
8 6 3 2446 7
3 10 6 1831 10
9 10 8 831 5
1 9 5 1444 6
8 4 4 2306 4
1 7 1 641 8
3 2 2 950 5
1 1 3 433 2
8 3 1 1266 8
10 6 2 515 2
5 1 6 2220 2
4 10 8 448 2
9 6 5 1115 6
4 5 10 1694 1
7 5 1 799 2
6 2 9 1959 4
5 3 9 1539 6
9 8 8 1838 9
4 4 4 17 4
9 9 8 2119 10
9 3 8 793 9
10 8 10 923 7
2 8 10 1618 9
4 1 9 1367 1
1 9 7 632 1
5 4 9 241 7
9 8 9 1640 2
9 3 10 983 2
4 5 9 691 4
3 4 1 1318 10
9 9 10 673 2
2 10 5 655 6
1 1 3 781 1
9 9 7 325 1
3 6 7 1181 9
6 8 2 1554 6
2 9 10 1335 6
9 8 6 1850 10
5 7 4 139 4
9 6 9 410 4
6 4 1 2465 6
2 2 2 1372 4
10 9 8 716 5
9 4 3 1913 6
9 8 10 792 6
5 8 9 795 9
3 6 2 1902 1
9 9 9 871 10
1 2 10 644 2
5 2 5 1779 10
3 5 1 1782 3
10 7 6 2317 10
10 9 8 2275 4
5 7 2 48 3
1 8 4 2136 7
3 3 1 673 6
6 4 10 312 3
6 1 4 1898 3
5 10 6 550 5
8 6 9 936 5
2 3 9 1768 3
2 1 1 1316 6
7 6 8 456 4
7 5 7 955 5
2 9 2 815 9
9 8 9 424 7
9 8 9 1962 2
9 4 10 2372 7
3 3 1 411 8
2 3 6 1272 9
1 2 1 1323 4
8 9 1 833 3
6 2 3 1623 4
6 3 6 46 3
7 8 8 2110 1
2 10 8 164 5
6 4 9 702 7
4 4 3 1786 7
2 2 2 1343 3
4 2 1 872 9
3 2 3 1486 7
10 8 8 994 3
8 4 1 329 5
1 1 2 32 9
7 8 1 1731 9
2 1 2 96 10
2 4 7 431 5
8 7 6 559 7
9 1 5 2044 8
9 8 5 142 7
10 9 8 1669 4
6 6 5 1614 6
3 6 8 1114 4
8 9 10 840 3
10 8 7 329 4
1 4 5 1184 5
1 5 5 606 5
9 10 8 345 6
5 4 4 781 9
3 2 2 672 6
10 8 10 2442 5
3 10 8 2211 9
1 3 1 1923 8
8 3 1 280 3
1 6 8 2403 1
4 5 1 422 7
4 8 1 992 6
3 1 1 1928 3
3 8 5 2311 6
9 2 7 556 9
7 7 9 528 2
2 10 1 79 6
5 9 4 2367 3
2 3 3 2321 1
5 1 7 290 10
1 4 8 434 2
9 2 1 1660 6
5 3 7 598 2
9 4 8 1702 7
1 2 1 2024 8
1 3 3 2336 6
9 1 9 1638 1
6 3 8 894 3
8 4 9 1576 3
9 10 3 2236 8
3 7 1 1024 5
2 2 2 1790 6
8 5 7 2162 10
9 9 9 226 10
1 1 3 948 6
9 5 2 715 8
6 6 6 2271 8
5 3 6 2354 10
1 3 2 960 7
8 7 5 1506 4
4 6 9 1804 3
8 9 9 1433 5
1 9 2 1094 9
8 1 10 2424 4
7 2 8 859 6
7 1 6 417 7
8 6 1 2422 6
5 1 1 986 4
1 2 10 2432 2
4 2 10 350 7
8 8 10 606 6
10 5 2 2133 7
8 9 8 1896 6
3 4 9 757 4
7 9 5 1858 3
7 2 10 1201 2
6 2 7 906 6
2 7 4 38 7
6 1 6 1902 7
1 2 2 1045 7
7 10 3 34 6
9 9 10 1489 5
1 1 4 1114 3
10 10 8 121 1
1 3 3 1235 6
9 9 5 248 7
10 9 8 994 3
5 8 6 1010 8
10 4 4 206 6
9 9 8 568 10
1 8 5 2175 2
9 8 10 627 9
1 8 7 2228 5
2 3 2 624 7
4 6 8 41 2
1 6 2 1549 2
5 2 8 101 9
5 4 4 1972 10
9 6 4 231 6
8 1 7 1965 9
1 3 2 1109 4
3 4 4 309 8
10 9 4 1165 5
3 4 9 302 8
6 1 3 1674 3
10 4 9 2318 10
3 3 3 13 1
10 7 1 2289 6
8 3 4 605 3
9 8 10 2392 3
10 10 1 1427 10
8 3 5 490 4
10 1 9 731 7
2 1 2 222 7
8 8 10 2326 1
4 4 9 62 8
3 8 5 1458 5
4 9 9 1838 10
5 7 6 38 4
4 3 5 1819 1
5 5 7 1858 6
2 5 2 119 3
8 10 9 2307 1
4 7 4 2485 8
2 2 1 2457 3
6 10 3 757 1
3 8 3 387 1
5 9 3 1428 1
9 7 1 164 5
7 2 5 1811 3
9 8 10 2065 2
6 10 7 529 4
6 7 2 2001 10
8 6 10 25 6
9 10 8 1984 7
6 4 1 2120 4
3 2 3 904 5
7 10 9 973 10
9 7 7 2031 4
6 4 10 1187 8
2 1 3 2047 3
9 6 1 314 8
8 10 8 1190 4
3 4 2 72 6
8 2 8 2409 7
5 4 10 1775 9
9 9 4 1032 9
4 8 9 1323 7
2 2 8 195 1
1 1 3 75 1
3 1 2 1509 5
2 4 10 1119 4
2 3 8 1440 9
3 3 3 1899 6
10 5 1 186 6
7 1 4 325 9
10 1 9 1897 1
2 8 1 547 1
8 10 10 2142 3
6 8 5 1449 2
8 5 9 533 9
8 9 9 1666 7
5 5 5 636 5
10 10 10 507 5
8 8 9 1320 2
5 7 2 1093 6
5 9 7 1164 9
1 2 1 2182 6
1 3 1 446 8
4 2 5 1349 4
8 8 8 1123 8
3 9 7 487 2
6 7 4 1026 5
2 5 4 1615 9
9 1 10 308 3
10 3 5 456 2
10 2 4 970 10
3 5 4 828 4
2 1 6 186 5
2 3 3 337 9
1 1 2 2081 5
2 1 3 1625 4
9 4 8 67 1
2 1 7 2344 6
2 3 4 1924 5
2 9 7 29 2
6 7 7 1471 3
5 10 8 301 8
5 10 6 1414 4
1 9 5 423 6
3 3 4 1494 10
9 7 2 1660 3
10 9 3 1509 6
7 3 2 672 1
5 6 6 787 10
8 8 8 114 1
1 4 1 375 7
