300
12 22 13 7421 2
4 12 6 1225 6
5 16 34 2335 1
18 30 16 1075 3
14 58 28 9961 4
13 24 44 3990 3
17 51 26 3141 7
9 21 48 5278 7
24 27 42 6510 4
5 13 5 9789 5
12 37 17 2939 4
8 10 17 2006 4
17 28 50 635 3
3 11 23 4655 3
19 42 26 8665 1
5 40 18 4652 2
8 59 28 6684 8
16 23 51 3275 8
12 13 24 145 4
17 16 33 4105 6
4 6 12 4175 7
3 17 7 3592 7
9 30 13 2656 5
11 22 50 1908 5
5 37 16 9042 4
8 9 17 1223 3
10 15 38 9398 5
7 13 31 4762 10
13 29 16 9555 4
10 16 8 6690 10
17 25 15 1370 8
14 30 17 2256 7
12 10 17 2134 10
21 21 44 3859 2
15 26 51 1613 1
10 16 41 5383 8
11 12 18 5839 2
6 31 15 1916 9
21 52 25 4294 1
6 26 13 5666 8
16 16 27 8168 6
8 9 14 4099 8
6 23 11 1721 7
5 14 30 7735 8
10 11 18 8699 7
11 24 48 7054 10
6 13 6 7438 6
7 9 5 8883 9
14 20 48 3081 6
13 23 57 2995 4
18 46 26 2184 9
18 49 24 3754 8
17 44 20 8749 6
18 42 19 9158 8
9 23 45 4849 1
4 33 15 3362 1
11 27 13 2605 2
7 18 9 2725 9
4 14 5 1676 6
3 6 11 8325 5
16 44 19 6925 10
12 19 41 5835 6
16 20 36 6098 4
4 8 18 6000 6
5 27 10 7760 2
19 19 36 1604 1
3 31 14 8207 2
6 13 26 6514 7
19 34 17 8312 8
9 26 13 3145 10
5 10 27 3896 9
15 32 16 2059 9
13 17 33 2339 2
12 24 54 9255 7
11 38 16 301 9
14 12 25 213 7
5 12 28 3900 9
11 17 38 7974 2
5 13 7 4496 9
11 7 13 2285 5
6 8 19 2929 7
12 47 25 1378 3
12 25 56 710 8
24 50 25 8172 5
4 14 5 7311 5
13 15 33 3326 1
4 13 5 1152 2
3 6 13 8532 2
6 55 25 9553 6
8 10 17 1488 6
9 18 36 6567 6
13 29 16 1069 6
6 25 10 9383 4
5 51 24 7059 1
7 20 41 9834 9
13 17 29 2548 7
12 13 28 5441 1
18 34 17 4212 8
16 22 43 6136 7
4 10 20 4102 7
8 15 9 8457 8
16 25 46 7002 2
17 50 22 5798 3
3 8 17 5111 4
7 31 16 1483 6
9 49 24 2722 8
14 24 14 6293 1
9 19 11 5281 7
12 19 10 8755 5
5 32 15 7765 10
4 8 17 5867 6
20 31 19 783 3
15 32 16 9779 4
11 21 41 2099 10
8 15 7 3590 6
17 23 40 5438 2
6 28 13 5198 3
6 11 20 4905 3
21 43 26 8593 1
13 11 18 6144 6
3 9 19 5019 4
23 27 42 9892 5
9 45 23 9635 1
3 8 19 4895 4
4 15 33 1129 5
5 15 33 9443 6
7 50 22 3599 1
5 17 37 7883 2
23 25 45 4990 7
4 14 5 8885 4
7 26 10 6034 1
4 31 15 3323 4
11 22 49 7380 6
8 18 44 6359 3
17 26 47 3332 10
17 22 40 7968 7
24 38 24 8127 3
6 39 15 7297 2
16 44 19 8941 6
5 34 14 8510 10
7 8 18 6857 3
27 44 25 5611 7
5 6 15 859 6
14 19 46 4730 3
7 46 19 78 5
18 34 18 2543 4
14 36 19 2056 9
27 22 40 1972 4
9 9 13 1911 1
24 38 20 6301 8
11 18 32 8576 9
20 36 20 8305 8
9 35 17 7468 5
12 23 54 1729 5
8 41 21 7242 5
11 53 26 6744 1
17 21 42 4575 4
8 28 11 4472 8
6 34 16 7688 5
11 27 12 1455 8
5 16 8 8751 3
8 40 16 5662 1
21 20 32 3208 3
15 16 24 3150 9
16 24 50 9392 5
29 45 26 1865 3
6 37 15 4771 10
13 18 41 8400 3
23 24 39 7543 8
12 17 31 1768 6
13 22 42 10033 2
24 25 43 5997 6
6 12 30 863 7
15 27 54 9045 4
7 9 23 2062 8
17 19 29 918 10
23 43 25 8075 1
12 54 21 8460 8
13 21 14 2933 4
15 21 49 5107 3
6 41 20 5510 1
11 23 48 9962 3
5 6 10 8860 6
14 17 38 8266 10
9 21 54 6439 1
15 20 11 5720 6
21 31 19 3684 3
16 51 28 7983 1
17 14 28 570 5
14 12 20 6184 2
6 11 6 5109 7
21 21 42 295 2
8 13 26 5904 5
14 25 57 2907 2
17 29 52 154 7
15 13 26 306 6
19 29 18 469 9
8 11 7 1485 8
18 23 45 6144 2
6 19 42 3902 2
10 7 13 3783 10
28 46 24 7144 7
27 47 25 1220 4
5 35 15 2189 4
7 6 12 7462 10
8 28 59 6310 1
16 52 23 5336 1
15 41 21 4902 6
13 15 31 2175 5
8 8 17 339 9
8 60 27 5675 2
12 14 25 1274 5
9 21 54 9787 1
19 25 54 404 8
14 19 44 1064 9
26 27 45 7655 3
10 17 37 1365 4
15 22 42 4646 3
14 27 52 7615 8
12 29 17 7829 4
4 9 19 7168 1
5 27 12 8979 6
4 8 18 7646 8
14 19 43 7475 10
7 9 16 7768 3
12 18 11 2552 6
7 26 13 1717 10
6 16 32 7256 9
10 18 9 6687 5
22 35 20 6866 3
13 14 23 8163 8
9 32 14 4468 5
8 43 19 6521 10
9 9 19 5147 7
7 14 7 6859 9
19 26 51 7251 4
6 6 15 471 5
15 31 17 1619 2
9 49 22 3458 10
7 56 24 6627 3
5 12 6 4873 9
11 23 56 4390 7
7 18 10 7051 8
9 24 52 9722 3
8 14 34 1660 6
6 5 12 4670 9
16 26 50 8894 5
2 16 7 177 6
10 14 9 646 10
11 12 18 3502 4
17 53 23 141 6
6 22 10 3762 9
9 19 41 7649 7
26 29 44 9340 2
26 20 37 6261 6
15 56 27 5272 8
16 34 18 3469 6
17 20 45 861 3
8 19 50 2413 7
15 36 19 8452 3
6 26 57 2820 2
6 8 19 9119 10
17 14 24 3759 5
13 16 34 477 5
23 25 49 8838 2
9 47 20 7372 7
8 41 18 3559 8
25 24 40 9166 4
13 36 20 984 10
12 42 21 9092 4
18 23 47 643 4
19 19 35 1529 10
7 20 49 3407 10
8 15 8 511 1
18 25 46 8584 1
8 13 25 4766 2
16 41 21 4463 3
20 22 48 6835 9
7 32 13 3463 3
9 6 11 1403 5
21 50 25 5988 4
8 40 20 2731 5
22 34 19 9165 3
12 26 50 9037 10
4 6 14 9469 1
4 17 8 5828 5
4 11 25 4203 1
5 44 21 2476 6
20 45 27 2330 4
7 22 10 4206 1
16 15 31 4158 2
11 30 15 3634 8
11 26 59 9971 8
8 12 28 8298 1
18 23 43 5446 3
12 24 12 1309 6
11 20 46 9560 6
20 23 36 4065 7
8 13 9 1552 4
23 34 18 7387 1
