50
26 38 22 436 4
14 24 47 543 4
13 56 27 858 9
4 22 10 868 6
12 14 22 1509 5
4 39 18 1673 2
13 50 22 1667 5
6 60 27 535 1
7 12 24 1579 2
12 10 19 333 5
9 15 32 650 9
8 9 20 1497 7
9 6 11 992 10
21 52 25 320 10
14 56 28 668 10
11 8 14 1325 5
10 58 26 937 10
7 27 59 1182 7
5 7 18 1185 5
17 32 18 119 5
14 14 28 114 8
7 5 9 559 7
19 30 18 1465 7
18 30 16 1297 3
6 14 32 1397 1
24 38 22 1341 3
5 12 24 36 1
8 10 17 1699 7
11 51 26 1333 1
15 25 49 113 8
8 43 16 1236 2
25 38 20 1505 2
14 58 24 659 1
14 55 26 329 10
16 27 17 1045 3
8 21 11 358 9
13 18 35 216 3
16 25 46 995 5
7 25 11 159 7
7 35 14 710 2
15 31 15 607 3
9 21 10 967 4
6 14 31 987 7
10 17 9 1534 10
22 19 38 776 7
9 46 21 1122 9
11 10 16 546 1
4 7 14 1675 7
15 34 19 1173 9
10 41 20 865 2
