250
2 3 1 336 9
3 2 3 1039 5
10 10 2 1244 4
2 2 3 605 6
4 10 4 351 6
3 1 8 603 5
9 5 10 948 8
6 4 8 751 4
5 7 1 1275 6
3 1 1 1110 5
8 6 10 1228 2
3 5 10 242 2
2 3 4 1198 6
10 6 3 1060 10
4 10 10 861 8
9 2 5 717 9
9 4 3 1188 7
3 6 1 1336 5
9 10 5 395 9
3 2 2 1125 4
10 9 9 1169 4
8 6 4 1017 10
9 10 10 407 10
2 1 10 167 7
4 4 8 180 6
6 4 8 1372 6
2 3 1 311 8
3 10 4 646 9
1 7 8 801 8
3 1 1 788 2
3 2 2 687 1
2 3 2 613 6
9 6 6 1069 6
1 5 10 68 4
5 8 10 723 3
8 3 8 1253 5
4 2 3 1044 5
5 9 6 837 1
2 4 1 519 2
10 4 8 955 7
8 2 9 1291 5
10 9 9 106 5
10 1 9 293 4
7 4 5 421 4
8 5 3 177 8
9 8 7 962 10
2 10 6 1268 9
9 8 7 928 3
3 9 7 373 1
2 5 9 1210 1
8 1 2 521 9
6 4 4 1010 6
7 9 6 808 2
5 7 4 1106 4
7 8 2 516 1
9 1 1 575 9
1 6 1 627 2
9 10 10 116 3
3 1 1 1100 7
2 6 9 1005 6
9 7 8 1270 8
5 7 2 795 1
7 7 1 635 5
10 4 10 825 9
3 5 7 440 7
1 3 2 1303 10
2 10 9 1228 8
5 7 1 545 9
6 5 9 152 6
7 1 4 948 5
1 1 4 569 9
6 3 4 240 2
8 10 1 849 2
5 2 10 177 7
5 8 2 288 5
1 2 2 479 4
3 3 1 194 3
8 8 8 833 10
5 2 10 228 2
9 7 7 942 8
7 10 7 37 7
4 3 6 841 7
8 10 9 473 1
1 10 2 118 5
6 8 10 939 1
3 2 2 369 8
9 8 10 1316 5
5 9 2 886 8
2 9 6 1141 3
7 4 3 20 3
2 3 2 920 4
6 3 9 322 4
9 3 2 591 10
3 9 8 863 10
3 9 4 917 5
1 1 1 852 9
3 4 6 382 5
10 9 8 925 3
9 3 9 290 3
8 4 3 17 3
3 8 2 802 8
8 10 8 1097 7
10 2 3 1158 5
1 6 4 1116 4
2 8 1 1193 4
2 1 3 422 4
1 3 6 1231 4
7 9 3 832 9
2 3 2 80 3
4 3 3 527 2
4 3 3 711 1
7 9 8 1160 3
10 4 1 705 6
4 1 7 658 5
2 1 9 1088 4
9 9 4 890 10
3 2 3 988 2
7 8 4 459 6
1 2 5 1216 9
5 9 3 1245 9
2 3 3 54 4
2 10 3 373 5
4 5 10 308 10
6 4 6 98 9
2 7 5 737 8
2 8 3 1257 6
7 7 7 271 9
10 8 7 682 1
3 2 2 775 5
9 8 1 1102 3
9 5 7 1153 6
10 9 9 913 4
5 8 2 275 7
10 10 9 461 4
9 4 10 462 8
1 2 8 1169 2
4 3 4 321 3
10 3 10 1151 4
4 3 1 673 7
8 8 9 179 4
4 10 4 322 4
1 9 2 602 2
4 7 7 802 5
3 1 3 8 1
1 2 3 1141 7
2 6 8 913 5
2 2 1 340 4
1 1 3 540 6
6 8 10 521 5
6 10 10 1232 9
2 5 6 827 5
2 9 6 1351 8
5 7 4 36 3
7 9 6 446 2
6 1 2 844 1
8 9 10 1020 6
2 1 2 740 7
6 6 4 1250 3
5 9 2 318 2
9 2 9 1004 8
8 9 10 499 3
4 9 10 1363 7
7 2 3 884 8
10 8 7 669 4
10 8 10 1053 10
9 8 8 1363 8
8 8 8 944 9
2 5 8 1168 5
1 3 3 17 8
5 9 3 1076 1
7 8 8 1114 7
2 1 2 389 9
3 7 5 903 1
9 3 6 1361 3
10 3 2 477 3
9 5 1 321 4
6 6 9 256 3
1 9 8 560 9
9 2 6 971 5
6 10 1 766 2
7 2 9 277 9
1 3 3 1254 9
6 3 10 1186 7
9 10 8 726 9
2 1 1 878 3
10 8 10 1130 3
4 7 9 1256 9
4 8 3 264 2
2 5 9 501 1
4 10 10 970 1
1 10 3 1052 8
2 3 10 428 4
7 1 6 350 9
9 7 10 819 10
8 7 6 570 4
9 10 9 1370 10
6 9 1 310 1
2 1 5 918 6
7 8 5 290 6
6 5 4 1039 4
10 5 6 643 6
5 6 4 396 9
9 6 1 756 1
9 9 10 966 6
3 6 4 13 5
3 10 1 1270 8
2 2 1 56 6
4 6 9 869 3
6 1 8 1373 8
3 3 1 318 7
8 9 5 1291 8
3 2 9 1012 10
5 9 10 432 7
10 10 8 1261 4
10 4 1 223 1
1 1 3 1290 8
1 6 10 1147 3
6 5 8 775 2
7 8 8 958 5
10 7 2 1252 8
9 9 9 1120 8
10 9 1 959 6
8 5 4 216 7
4 7 1 285 10
9 9 3 1243 6
5 7 10 270 10
6 3 3 133 1
3 7 7 927 1
1 5 7 645 3
2 2 2 1042 6
7 10 2 1000 1
7 5 4 796 3
9 10 9 149 9
6 9 4 441 10
9 6 8 82 1
9 9 4 258 3
8 10 8 378 2
5 4 10 93 8
9 3 9 1373 8
2 10 5 82 10
8 3 9 1095 8
6 10 5 257 4
3 8 9 1030 3
10 2 1 760 4
10 3 7 724 10
4 10 4 704 10
8 3 4 975 7
8 8 6 1370 8
10 8 9 298 4
1 1 1 1365 4
