50
2 1 1 221 7
3 4 4 91 7
2 9 9 252 1
7 3 3 275 7
5 2 4 256 9
2 4 6 275 6
3 3 3 43 4
3 5 6 242 5
2 3 10 143 10
2 10 5 79 1
9 8 2 203 3
3 4 1 197 10
3 1 3 223 1
2 1 1 252 4
1 4 9 94 8
3 9 6 248 10
10 5 8 199 10
7 1 7 144 9
1 8 7 225 1
8 9 10 70 3
9 5 6 66 7
4 5 9 156 2
8 10 10 207 7
2 1 2 60 1
5 9 4 26 4
4 3 8 172 3
9 8 8 144 7
3 2 1 28 5
2 5 5 168 5
9 3 1 196 3
2 10 6 148 6
10 2 8 177 5
10 10 10 80 4
2 8 5 119 5
8 9 8 212 1
9 9 10 63 9
1 9 4 86 1
9 9 8 57 3
2 2 1 5 7
9 1 9 159 2
2 10 7 44 9
8 9 9 52 6
2 4 3 103 10
8 5 4 40 5
9 7 3 89 8
5 8 3 42 10
7 8 1 154 4
5 10 4 29 6
2 1 7 204 3
8 8 6 257 8
