400
2 4 4 698 8
8 9 9 586 8
6 3 3 2036 1
1 5 6 259 1
10 9 9 346 7
2 3 1 1344 5
3 3 1 199 4
1 2 7 1743 10
6 9 4 2162 1
9 3 4 535 9
8 10 3 1863 3
2 2 4 1072 6
4 5 5 367 9
8 6 8 1176 6
1 9 6 1341 10
2 7 9 2126 8
2 1 9 1545 5
2 3 2 714 6
7 9 7 1967 9
4 4 7 1609 7
1 3 1 547 4
7 5 9 1907 8
1 1 1 62 8
7 5 8 596 1
10 9 9 1276 7
10 10 10 1349 7
7 2 7 1920 9
9 1 2 324 7
9 6 9 1899 2
4 7 3 388 1
10 6 1 35 1
8 1 3 1067 10
9 9 9 1477 4
3 3 1 239 5
1 1 1 917 8
3 9 1 1686 6
3 1 9 2139 2
6 5 10 1643 2
7 3 10 673 10
9 8 8 1119 6
9 9 2 199 9
4 5 3 900 4
6 7 10 2150 9
5 3 1 779 2
10 1 6 67 5
8 10 1 1856 1
9 9 8 1345 2
1 2 3 1346 4
2 5 3 208 7
4 6 3 404 7
7 5 5 1789 7
6 2 9 417 1
9 6 7 635 6
6 8 2 429 2
3 7 8 2092 3
8 8 9 2019 8
4 8 7 1755 8
1 8 4 1057 2
9 10 8 1274 1
6 1 4 310 5
9 9 8 265 8
3 8 9 1682 7
10 10 3 1910 2
6 9 8 310 5
3 3 2 651 1
1 2 3 2144 6
3 10 3 558 7
2 8 10 586 4
7 7 2 66 4
4 1 7 2025 8
4 10 9 1687 1
7 1 1 109 4
1 3 2 453 3
1 3 7 1455 2
4 4 5 503 6
1 3 1 611 3
6 8 7 1845 10
8 7 2 1303 4
3 2 2 2205 3
3 6 8 138 1
1 8 1 1082 9
2 2 6 144 2
6 9 7 1927 3
10 10 1 1782 3
4 8 2 1037 4
4 7 2 823 2
2 5 1 1112 1
1 2 1 266 2
6 8 5 646 3
9 8 9 1488 7
1 7 10 1491 10
7 6 6 1151 1
3 3 2 2157 10
3 3 8 1201 8
10 8 10 1510 9
9 10 8 149 2
8 9 9 1516 6
7 3 5 431 6
4 3 7 442 8
9 4 2 839 10
8 4 10 560 1
3 2 2 17 6
10 8 8 1995 1
7 10 1 1812 6
6 5 6 350 10
8 3 3 62 3
2 3 3 821 1
6 7 3 160 8
6 3 9 1011 8
9 1 2 1720 7
9 9 6 1540 6
5 8 2 847 4
2 1 7 506 6
9 4 9 1729 4
1 1 4 1512 5
8 5 10 1498 6
10 5 2 1755 5
1 8 8 1827 9
10 2 6 870 2
8 5 4 1389 8
10 8 10 537 2
6 9 7 239 4
8 9 10 872 5
10 8 9 777 4
9 10 8 393 6
7 2 9 366 9
1 3 8 1605 1
2 1 2 390 7
6 5 10 262 8
7 5 8 1651 4
7 8 4 1621 4
4 9 8 871 9
5 1 4 1163 7
2 2 3 1342 10
1 6 10 1864 4
8 8 6 2177 2
10 9 10 1688 6
8 3 3 120 5
9 9 1 1005 5
4 8 4 1250 10
2 2 2 2084 1
7 4 9 1380 9
2 10 8 790 2
8 4 3 395 10
5 9 10 1607 7
10 9 9 1186 8
4 2 3 1825 3
10 1 7 2101 8
7 8 1 714 7
7 4 2 115 10
1 2 2 1893 1
2 2 5 706 4
3 3 9 302 6
6 2 9 1611 3
9 9 4 1526 4
7 7 6 254 7
5 5 4 247 6
7 3 8 1854 2
2 7 7 1011 2
9 9 5 196 10
3 4 4 1749 7
2 2 3 1870 7
10 5 1 148 3
2 2 4 1917 9
9 4 6 1815 6
3 3 3 108 9
3 2 6 1132 7
4 3 2 1544 10
6 8 2 1558 1
10 5 10 496 10
3 8 8 453 9
3 7 5 768 5
6 9 6 1510 3
6 2 3 1798 10
5 9 4 1948 7
7 10 2 1916 1
3 2 1 1133 4
4 10 9 1261 9
2 8 2 465 6
3 3 2 312 9
7 8 1 331 10
9 6 7 689 4
7 3 4 526 9
1 10 8 1658 7
10 9 2 2200 3
8 10 8 2004 2
2 10 7 1646 6
5 7 4 1049 9
9 10 10 2040 1
8 9 2 1959 10
8 9 8 2124 9
7 10 5 109 4
8 3 1 42 3
7 6 6 343 8
5 1 9 1001 7
9 9 7 2001 7
4 1 4 745 5
2 1 2 194 10
6 4 6 1207 10
7 7 10 1255 1
3 8 5 431 7
3 4 10 1470 5
7 1 6 469 3
2 2 1 2044 5
7 5 7 1098 6
10 8 9 614 2
2 3 10 1815 10
9 5 6 1248 5
3 7 5 1439 2
3 9 10 1155 3
4 10 3 747 5
3 5 7 490 8
5 4 9 989 7
5 6 1 1939 2
7 5 10 917 2
4 3 2 1357 4
3 2 2 1925 8
2 10 7 1261 8
1 6 9 768 3
6 2 5 188 4
3 6 9 602 2
10 10 8 1600 1
8 10 9 375 10
3 3 3 548 2
4 9 8 791 4
8 9 2 1079 6
10 8 10 251 1
2 5 10 2055 1
8 9 8 1679 2
9 2 3 335 2
8 9 10 182 2
5 2 9 823 8
6 9 9 415 1
5 8 6 1254 7
2 2 3 2162 5
1 7 6 795 9
5 9 2 400 4
2 7 6 1458 5
9 3 5 514 8
2 7 5 66 6
9 8 5 1522 6
1 6 2 2048 6
8 10 3 1353 10
2 3 2 1738 6
3 2 3 839 5
9 7 1 1138 7
4 6 3 650 1
9 9 9 1506 1
8 9 8 1894 7
8 6 9 812 10
5 4 3 1662 3
10 4 6 224 8
2 5 7 1831 6
1 7 10 328 3
9 9 10 1270 4
3 3 3 484 7
8 10 10 628 6
3 3 1 362 1
4 7 9 1188 9
2 1 3 1969 4
6 10 10 1074 5
4 10 8 688 7
3 1 2 413 6
4 7 6 78 7
5 8 5 1865 4
6 9 4 1676 10
1 6 7 1861 6
4 5 10 1588 9
9 4 9 2092 2
9 2 2 484 7
8 10 8 1920 7
10 10 7 1841 8
10 9 8 1663 6
1 6 3 1443 9
3 1 1 646 3
9 8 8 1877 10
4 7 7 410 1
6 5 9 424 3
3 5 4 19 3
8 8 10 1208 8
10 8 9 1969 2
9 5 5 782 4
9 8 8 484 7
5 4 8 1574 5
1 4 5 296 5
7 3 4 663 10
7 6 10 1696 1
3 2 10 1349 10
8 6 8 227 7
10 9 8 305 2
7 6 3 1470 8
3 1 1 325 5
2 5 2 276 10
4 3 9 426 2
6 8 2 1460 10
6 7 6 196 4
6 10 6 160 2
2 9 1 1831 5
8 3 2 768 6
10 10 10 665 7
2 5 7 1835 2
6 9 1 2107 6
1 8 5 1673 7
4 5 7 1665 6
3 3 1 18 1
7 3 6 2033 4
7 9 5 1357 8
9 8 8 1346 7
5 8 5 1205 7
5 9 6 612 6
10 5 5 1335 2
9 9 3 2033 8
9 7 6 1083 8
1 2 1 1615 1
9 1 9 1498 9
10 10 9 416 3
2 3 3 1145 9
2 5 3 1862 9
6 10 7 416 1
5 6 6 2190 3
1 4 9 98 5
1 1 1 1839 6
6 9 10 2159 3
4 6 2 2037 7
10 5 5 1072 1
2 3 4 1138 7
5 9 8 1920 7
4 1 10 235 4
6 6 10 911 5
6 10 5 202 8
6 6 9 1130 10
3 3 6 592 10
10 8 1 739 4
8 9 8 363 7
1 3 1 1664 9
5 2 7 943 9
5 9 10 1423 9
10 9 5 1429 7
1 9 10 818 9
3 3 2 1568 9
3 9 8 1332 1
8 9 8 877 6
2 1 9 1945 6
5 4 6 1734 1
8 10 4 476 4
1 5 8 1646 8
2 3 2 1701 5
8 10 2 767 9
3 2 2 1403 9
8 10 1 278 1
9 10 8 151 4
4 1 4 155 8
7 3 5 449 8
8 6 10 178 3
6 2 4 71 2
4 7 9 2128 8
10 5 6 1828 1
10 10 5 1817 5
7 7 2 1860 5
6 9 5 353 10
4 4 2 1416 7
9 8 6 1183 10
10 4 4 1118 9
3 6 6 1859 6
2 2 2 791 2
7 5 4 1216 9
1 5 5 928 9
7 9 8 1480 4
8 8 7 964 2
6 10 7 1450 8
4 10 10 536 10
1 3 1 1706 8
8 5 5 80 1
5 2 1 120 10
10 8 6 584 4
1 5 10 274 2
9 5 1 1753 4
3 6 5 1123 3
8 6 3 826 7
2 9 2 844 3
10 9 4 489 4
3 3 2 45 7
9 8 8 1921 8
8 8 9 1730 2
5 1 10 1611 8
9 7 6 481 1
1 1 2 1200 9
7 5 1 1524 1
1 3 10 1788 3
3 4 9 1855 7
1 3 10 532 3
3 8 8 561 8
9 1 5 382 3
2 9 1 1291 9
4 6 10 1886 6
3 8 1 1793 7
7 1 4 1220 9
2 3 1 1897 3
4 6 1 2116 8
1 1 6 269 4
