400
21 44 22 1272 3
18 40 23 8751 1
6 14 27 6859 3
15 30 18 1852 2
5 13 26 6916 2
9 38 19 834 5
9 9 14 8773 4
8 16 7 6222 3
10 19 12 4750 2
13 18 31 11357 6
8 58 27 12111 6
9 43 21 4828 9
10 28 12 4983 1
19 16 29 9215 5
7 26 14 7283 1
9 53 25 10901 3
21 38 25 7592 8
12 21 10 5346 1
5 8 14 1205 5
7 14 37 1161 8
7 12 6 8827 5
7 15 32 1512 7
7 11 25 2887 6
17 24 14 2706 7
12 18 33 11903 3
9 17 8 5025 1
16 17 26 11163 1
14 24 14 3030 2
12 31 17 11841 2
4 34 16 5738 8
12 21 42 8363 6
17 32 18 2340 8
11 14 34 11403 8
28 25 47 1939 1
13 22 15 7759 1
15 28 16 3231 1
10 38 16 1609 4
5 7 17 10806 4
9 10 17 6954 4
6 12 6 4605 2
12 13 20 706 8
2 9 19 1498 3
15 19 30 2437 5
4 29 12 10348 9
18 20 41 3076 3
5 12 31 2385 5
21 21 41 11230 1
6 30 64 533 2
5 8 21 5257 6
19 52 27 9209 10
16 22 47 7026 8
12 13 23 8154 7
7 13 26 9494 10
22 35 19 4328 3
24 23 46 9977 6
25 29 46 7136 3
8 25 10 7469 1
24 27 42 2283 8
20 55 25 2128 1
15 15 23 4472 5
18 19 30 9296 4
16 21 37 11712 1
23 25 48 8546 6
6 28 12 11108 4
11 24 47 12235 6
10 39 16 5562 9
10 28 15 4359 10
7 18 44 4834 4
15 20 11 412 1
15 25 59 670 8
9 20 12 167 4
10 24 13 789 8
12 17 33 4675 1
7 8 20 6685 3
8 7 13 363 5
11 58 27 8932 2
9 28 12 6778 5
19 26 47 1973 8
5 6 12 563 6
9 31 13 5694 8
6 24 9 3234 3
10 43 20 9151 1
6 11 5 5569 3
9 13 25 12029 9
4 45 21 3497 3
20 49 29 2701 5
12 24 57 9019 1
10 7 14 6883 1
10 23 12 10146 10
7 61 26 12226 10
20 22 41 11222 10
11 34 18 6476 2
9 23 49 6373 9
7 19 46 2599 8
17 21 38 7290 5
11 13 30 4130 4
16 33 17 9983 4
19 24 56 9742 4
15 32 15 5403 9
12 16 28 1800 9
21 53 26 12570 1
17 52 23 5836 6
18 26 55 4203 5
4 19 9 7714 4
12 42 22 7906 1
12 24 51 11508 3
8 29 12 11773 8
11 46 24 2118 3
4 5 14 3776 5
6 11 6 3170 3
16 52 22 9794 10
10 61 23 12296 7
4 24 52 2110 5
8 25 57 1507 9
14 23 12 7598 6
16 14 29 6951 5
6 11 6 7594 1
10 14 9 6688 9
13 14 24 1670 1
17 19 37 3153 2
7 8 16 5691 9
15 23 40 7432 2
16 22 51 3405 5
9 16 8 6957 7
13 26 15 3295 5
11 21 54 1964 6
10 38 16 9350 2
2 19 9 11797 1
5 42 19 9100 2
9 7 13 7354 5
12 22 47 1073 8
5 22 9 4585 3
8 10 5 1301 9
3 6 14 266 7
14 24 48 4327 6
10 7 13 6019 3
16 15 29 1730 4
20 26 41 1665 6
20 44 21 1673 5
5 8 18 4125 1
7 23 52 1309 2
6 12 25 5605 5
6 16 39 6219 5
6 10 5 7832 9
4 10 6 8852 1
13 51 25 6016 1
20 33 21 9615 2
10 9 19 8586 2
9 17 31 7119 4
15 25 16 1002 7
9 14 32 927 4
18 26 15 8097 6
9 12 29 6600 9
9 19 36 1571 10
12 37 16 8665 4
6 36 14 3637 8
20 16 29 10574 6
10 25 50 4335 3
16 54 28 6156 5
7 24 51 2291 3
18 33 21 1807 5
9 16 31 9988 4
4 13 5 290 10
10 14 28 1124 8
9 29 61 4843 7
14 49 22 11500 3
8 18 37 3342 1
16 16 26 7279 6
9 24 52 3709 4
17 23 40 3570 8
3 13 5 1956 9
17 15 28 10779 2
11 31 15 3767 10
8 34 14 12615 1
16 22 37 3977 3
6 12 22 8371 4
11 52 23 8017 1
12 13 19 12145 6
12 12 18 10229 7
24 26 41 2531 1
5 20 8 11250 7
9 28 14 5298 7
12 45 19 9200 5
12 28 16 5334 8
18 18 29 7442 10
9 41 20 2431 3
15 17 38 10038 10
10 20 12 7436 9
19 30 16 6691 1
21 20 41 163 6
15 30 19 11835 5
8 32 13 10427 7
9 24 51 11720 6
5 8 15 8749 7
11 9 18 10272 5
18 27 51 2882 3
8 31 15 361 2
19 27 16 2192 8
20 36 23 73 9
27 24 46 11622 6
11 15 37 10422 3
13 26 14 9588 9
8 32 15 4710 3
3 14 31 4444 10
9 27 60 9485 9
7 29 15 7225 10
28 24 42 6855 3
11 21 10 8367 3
10 64 25 5133 8
13 11 20 12033 7
9 23 12 1811 7
10 15 28 6649 5
7 14 26 6504 4
10 11 17 10678 6
6 5 10 8049 5
19 27 16 340 4
9 11 22 366 7
14 15 34 11665 6
23 41 27 10867 2
14 24 47 6077 4
11 15 26 5689 7
3 7 15 9606 7
11 12 28 6333 9
5 28 12 6374 9
3 22 9 10661 6
2 13 5 9029 10
6 10 19 11351 1
21 27 46 11099 7
8 13 26 5229 4
9 17 9 10735 8
4 12 5 4628 8
28 40 22 6846 1
5 46 21 2444 3
8 12 22 10897 1
8 12 6 6017 6
11 13 29 6728 1
14 12 21 740 10
16 24 43 6494 7
13 18 43 6589 8
10 19 36 5826 5
20 23 38 9027 2
9 6 12 7640 3
16 32 15 9779 2
7 15 7 5757 8
9 41 16 9467 10
21 25 45 1467 4
10 10 15 8157 2
12 16 31 6227 9
17 46 22 7834 5
12 22 41 8593 1
2 6 12 4587 7
13 26 12 7520 7
4 17 8 1299 9
5 20 8 11428 8
15 37 21 11974 7
20 26 46 2292 4
13 20 49 10965 2
9 33 14 704 5
7 6 10 436 5
10 14 28 12565 2
7 12 21 8197 3
13 39 19 3392 7
11 35 15 9398 4
5 16 39 6435 3
21 26 41 10495 3
17 19 34 7681 4
4 9 22 1997 8
10 9 20 4677 6
25 27 48 12395 7
12 26 56 2059 6
22 46 27 3085 8
9 26 13 10268 4
3 11 25 11705 7
11 26 15 7333 4
20 53 24 9678 9
10 14 7 10681 1
15 25 14 10631 2
10 10 23 5832 8
7 21 42 5222 8
15 41 22 12560 9
15 23 13 9347 3
17 43 21 1169 2
6 10 18 12385 4
10 14 9 8697 1
15 54 28 1403 4
3 12 5 10675 10
16 16 27 3575 9
8 32 13 3397 1
18 53 29 11104 4
23 23 40 997 3
11 10 17 10773 1
12 19 33 9541 1
14 13 23 10269 7
9 17 35 12347 3
6 9 5 3424 1
17 17 31 4989 4
4 10 25 9821 3
10 10 17 3069 2
4 15 6 2143 5
6 25 13 2891 2
15 26 54 8460 10
26 26 41 2840 6
23 37 20 3870 10
12 9 17 10523 1
3 16 7 540 6
23 49 23 9891 10
15 16 31 7688 4
13 56 23 2973 3
3 14 6 6542 1
7 10 6 9487 5
8 12 26 10770 9
12 13 25 8598 5
6 14 30 538 5
13 19 35 5652 3
6 11 5 6616 9
19 24 54 4435 9
19 30 19 10150 2
5 27 12 4403 2
6 12 5 8829 3
19 18 38 7839 3
10 14 27 10193 3
14 26 58 5225 4
6 8 14 247 2
12 20 44 3774 2
4 7 20 4992 9
7 20 41 9785 6
7 26 11 10893 2
14 50 26 8026 7
12 36 15 6595 2
4 5 14 839 4
22 21 44 3969 3
17 32 18 12232 2
19 19 36 8742 8
12 12 19 6520 7
8 6 12 3988 8
10 22 48 4268 6
12 18 9 7948 10
2 13 6 10697 9
26 24 48 5491 10
13 20 34 989 8
4 14 31 7169 5
7 25 55 8150 3
19 46 26 10428 7
23 45 25 5571 10
20 39 19 6301 8
12 21 11 11348 2
8 17 43 5899 7
5 9 16 12484 5
14 15 31 12025 3
9 10 18 709 10
5 7 19 7624 4
24 48 23 6365 6
27 25 41 2715 9
6 15 8 268 7
26 41 23 11222 2
8 11 6 6502 2
8 49 20 275 2
11 24 12 11845 4
6 18 40 11026 1
6 31 14 886 10
26 25 48 8836 8
6 63 29 3584 6
14 26 16 7081 7
11 40 21 10574 7
20 45 27 3970 10
14 23 57 11310 1
4 6 12 9608 6
10 50 23 11516 4
8 24 51 5342 6
12 36 16 3814 3
11 14 25 4588 2
9 24 47 12453 4
13 17 36 222 1
25 27 45 8284 9
11 37 17 4122 2
12 21 54 10142 3
7 30 12 4440 5
24 23 43 10096 4
3 24 11 9344 7
11 30 17 4680 10
7 30 12 10321 3
8 8 19 9240 10
15 15 32 8032 3
9 12 7 11120 4
24 36 22 4063 5
12 21 10 163 5
8 42 18 4537 5
14 32 18 12388 10
20 18 35 841 2
9 10 22 2751 10
12 45 19 7126 6
17 17 36 10567 5
2 5 13 1744 4
14 42 24 4925 4
7 25 54 5960 9
3 6 14 7683 3
18 36 20 1176 1
11 10 18 4949 3
12 15 32 3239 6
4 36 16 8812 7
