200
1.0 4.5 4.0 4.25 2.25
5 329
18 325
11 231
1 104
13 163
15 105
12 184
6 148
8 231
1 306
11 274
7 157
7 40
19 266
6 104
9 127
8 165
10 377
8 0
12 151
16 250
5 73
4 225
5 202
6 105
11 337
18 165
1 373
11 0
4 11
11 240
6 378
14 111
8 337
2 78
12 144
3 338
8 345
6 102
16 233
14 88
9 49
16 15
3 172
18 52
1 15
9 128
13 334
3 340
16 353
4 70
20 195
18 345
6 39
18 29
5 292
7 338
19 147
11 139
17 111
11 134
1 133
15 176
3 202
10 88
18 366
1 39
20 139
17 41
14 270
8 92
1 39
5 166
19 105
13 102
15 250
17 102
17 195
9 326
10 285
18 76
13 245
4 175
3 144
6 11
6 261
1 266
7 195
1 383
13 128
15 125
1 77
3 357
10 269
15 161
15 231
4 250
17 274
15 147
14 113
18 315
12 202
15 291
3 176
12 46
14 206
7 165
12 70
9 300
7 215
5 162
5 134
12 40
18 337
2 214
13 285
8 362
11 196
4 63
1 0
12 214
3 303
8 166
2 133
7 52
1 344
1 118
17 345
17 329
12 70
19 318
1 274
13 370
13 239
20 100
14 139
2 133
18 52
17 133
18 147
17 158
8 298
17 318
7 104
8 0
9 177
15 144
8 115
6 111
10 88
1 74
6 285
1 225
14 42
3 135
18 298
7 70
9 0
12 279
16 334
13 15
7 334
10 29
19 278
14 239
8 76
14 40
8 74
20 298
19 176
19 267
10 29
6 225
3 329
4 134
4 244
1 139
14 76
20 11
4 58
12 113
11 269
2 190
20 128
7 318
14 105
8 214
19 338
14 47
14 206
2 74
10 269
16 144
11 318
19 266
6 127
9 352
3 90
17 98
18 296
