450
2.5 4.25 1.0 2.75 3.0
11 47
15 403
16 345
19 382
12 129
2 85
7 573
9 74
6 713
11 607
14 841
4 840
11 826
8 773
20 720
4 629
15 583
11 39
6 681
8 268
7 667
9 58
10 690
20 764
20 291
6 842
17 219
18 956
10 47
16 0
3 468
4 803
11 271
13 522
5 58
2 560
3 488
5 877
17 363
8 824
2 206
1 412
17 649
18 649
14 863
4 497
12 833
5 878
12 474
11 219
18 367
15 713
8 788
17 855
19 312
6 118
3 825
7 752
19 411
14 869
7 387
3 436
4 363
7 47
20 507
3 700
5 266
7 896
9 149
1 560
4 747
9 125
6 306
10 641
15 713
15 769
12 357
4 83
8 423
9 512
12 561
11 598
12 503
17 419
19 48
9 145
18 339
8 289
2 928
3 841
17 591
6 468
18 830
4 187
14 419
15 382
4 444
9 69
12 607
1 833
5 74
19 619
3 858
20 177
3 595
9 616
1 125
9 674
15 574
4 769
19 683
18 307
11 503
7 523
10 700
15 234
4 683
1 858
15 239
8 0
6 367
11 488
4 803
11 824
15 549
18 468
14 708
14 930
20 214
2 542
13 830
18 683
16 522
7 607
8 327
3 580
10 15
8 678
13 576
12 327
14 239
10 219
16 412
2 896
10 856
7 152
19 363
3 830
2 148
6 587
10 975
15 227
5 727
12 176
5 678
9 735
17 459
4 43
5 187
13 752
3 788
3 860
7 574
14 928
11 19
9 401
10 573
10 133
13 737
19 133
3 350
6 946
10 0
18 503
12 920
20 286
16 522
14 803
2 850
11 512
15 878
4 826
5 118
15 587
16 62
6 303
4 878
19 15
7 268
8 39
5 85
5 819
1 367
3 154
5 172
7 30
8 125
17 288
20 819
13 350
20 573
14 765
4 198
13 19
9 847
3 655
11 482
4 819
5 234
18 412
2 649
19 535
12 824
5 841
4 289
1 928
13 642
16 580
16 892
2 837
4 277
10 535
2 312
5 649
16 102
4 123
20 481
20 946
15 625
6 337
18 924
12 850
16 187
10 401
16 58
12 367
14 312
19 655
16 419
18 875
1 19
8 833
2 535
9 203
9 752
8 527
10 912
4 102
1 549
10 380
10 257
13 614
20 587
7 580
5 118
19 382
8 377
20 695
1 69
15 0
20 869
19 855
2 614
18 232
15 744
19 808
7 714
4 326
12 655
16 642
2 123
8 735
6 902
11 561
8 271
2 659
4 87
5 855
9 858
17 625
15 448
1 923
11 978
8 728
8 239
5 207
4 497
11 30
16 642
11 15
20 674
5 906
4 448
19 143
9 945
5 198
11 616
8 155
15 248
4 687
19 43
15 787
11 401
17 85
13 120
16 878
11 437
9 726
10 902
19 875
11 950
12 315
13 892
16 241
10 177
18 403
19 805
11 257
18 239
8 960
15 884
4 720
3 268
15 123
9 135
11 74
15 817
1 271
15 651
6 357
14 898
16 84
14 860
14 105
16 860
5 84
7 475
4 262
11 522
4 566
2 650
14 560
8 39
5 380
8 363
12 863
2 266
5 241
4 267
11 102
11 578
12 152
6 497
15 820
15 561
7 582
3 907
20 685
5 146
12 306
8 306
2 436
7 326
16 803
6 614
20 152
13 396
15 646
14 345
3 913
5 357
13 97
4 871
1 740
6 187
15 400
10 257
1 826
15 920
4 234
4 840
12 735
7 488
2 397
13 625
13 817
7 606
19 246
12 892
2 875
13 172
18 769
16 108
1 412
13 332
19 133
8 207
16 545
19 902
3 552
11 817
15 0
17 674
12 177
13 687
6 559
5 545
2 306
20 920
4 889
2 581
12 774
15 788
2 863
12 496
4 613
12 207
15 30
1 613
2 157
13 352
1 545
7 48
3 647
13 722
10 57
11 549
10 436
20 448
19 720
15 535
5 172
5 752
7 446
14 350
15 687
5 792
16 946
12 889
16 345
3 449
7 261
4 765
14 241
17 289
17 765
1 326
17 763
20 700
1 616
