150
1.25 1.5 4.0 1.0 2.25
10 267
4 121
18 261
16 85
7 39
6 125
18 40
10 39
15 267
8 285
6 117
1 271
7 74
9 291
4 121
17 165
12 165
19 0
3 211
10 127
8 127
7 232
6 127
9 202
16 150
18 243
2 263
4 264
9 232
2 125
19 73
2 65
13 161
6 40
5 237
3 193
13 211
6 73
5 0
18 214
13 144
19 157
8 95
14 51
16 182
6 157
3 98
4 241
4 117
1 164
5 65
11 83
6 19
6 106
2 74
7 187
6 164
18 164
8 65
12 40
18 215
8 244
5 46
6 203
8 266
20 114
1 124
3 0
16 247
13 65
4 202
9 161
4 267
19 101
18 51
7 117
10 214
3 241
14 59
7 0
20 98
11 94
17 211
19 80
17 232
3 272
12 101
12 59
10 246
16 75
10 85
16 58
3 118
1 305
19 95
17 144
1 125
18 299
14 46
6 211
5 157
2 243
11 95
15 234
3 148
10 132
10 257
4 281
8 98
19 125
1 39
14 103
9 281
15 121
11 202
17 165
19 241
13 214
16 202
7 50
3 264
14 145
20 19
4 182
1 73
20 161
12 97
16 85
4 173
18 246
6 0
16 264
20 182
6 246
6 241
12 202
1 142
6 190
14 243
15 85
9 19
17 165
15 62
10 244
9 144
5 175
17 46
20 131
14 51
11 74
