100
1.0 3.75 4.25 4.25 4.75
11 59
9 20
6 42
7 86
12 112
10 121
3 228
13 29
2 112
17 197
6 219
11 177
14 194
12 164
11 97
14 0
17 97
3 80
19 112
11 204
6 171
9 187
8 118
5 204
7 138
3 218
16 202
15 97
1 144
15 137
2 29
13 159
17 89
20 242
16 235
18 215
7 211
15 124
7 261
9 0
3 187
13 87
5 29
18 194
19 62
20 42
7 138
19 49
4 63
17 65
11 111
20 0
9 219
8 247
9 80
19 59
20 160
1 248
4 215
18 62
6 120
4 218
1 215
13 86
3 89
5 194
3 62
7 164
4 86
12 144
9 171
10 91
6 47
4 248
10 194
16 164
2 204
14 219
20 144
6 62
19 124
16 124
5 171
16 80
4 121
16 59
11 164
5 198
1 229
17 20
10 0
12 228
14 235
6 42
3 228
2 224
13 0
14 57
1 20
8 187
