100
3 374 509 8
23 432 1000 5
2 468 623 2
12 403 756 8
1 236 695 8
1 21 26 7
3 18 119 10
14 298 715 9
26 225 769 9
11 559 961 5
2 306 502 7
4 4 971 1
11 93 636 7
11 44 537 8
13 48 332 4
1 138 234 2
8 60 673 10
29 41 270 10
21 375 786 8
9 534 884 7
12 8 23 8
5 79 317 10
7 12 323 7
25 30 265 10
9 245 910 7
10 47 369 2
2 316 513 1
25 649 890 4
2 625 977 4
4 245 359 1
2 447 778 1
1 29 518 10
2 31 234 10
30 31 491 7
7 26 602 9
6 88 233 7
15 350 598 1
2 359 919 7
1 174 782 10
2 38 541 9
2 417 882 5
1 545 559 1
3 97 480 6
5 24 116 5
3 643 853 6
26 409 539 3
26 144 497 3
22 167 963 6
20 42 64 2
20 22 44 8
5 84 459 9
9 44 133 4
12 612 846 5
15 133 969 3
5 78 700 8
5 78 210 6
9 462 705 5
8 201 227 3
4 91 238 8
2 142 884 10
2 76 124 5
7 320 900 9
2 228 767 8
9 71 142 7
9 57 511 8
9 170 448 7
5 15 371 3
25 707 850 3
9 135 485 10
21 312 355 9
13 7 82 1
15 51 97 5
8 329 558 3
8 751 939 1
7 302 784 9
8 71 334 7
4 749 976 7
12 55 818 9
7 138 372 4
3 80 305 7
10 116 458 10
10 408 468 4
26 45 644 4
4 311 662 3
5 74 720 5
26 523 748 4
14 297 800 4
4 275 334 5
9 365 439 6
9 432 917 7
11 0 185 9
25 65 200 10
25 66 688 9
1 442 838 3
4 256 857 4
6 475 722 1
4 492 834 7
4 546 852 9
22 86 742 10
22 4 557 4
