500
14 2361 4314 2
2 4120 4626 2
1 320 1728 8
14 521 1295 6
4 1490 1759 9
9 1377 3093 7
20 3464 4560 2
12 9 538 9
3 481 1514 6
10 1768 4603 7
1 563 3815 3
22 1266 2636 5
16 701 4990 2
10 2597 4073 5
5 131 2420 9
4 644 1135 5
11 102 1685 7
2 1329 2510 9
15 188 570 4
13 2512 4029 4
27 33 346 2
5 297 955 8
20 2503 3857 6
7 1271 2806 4
23 690 1451 2
3 1398 3173 1
4 1880 2814 6
5 3093 4063 6
3 131 867 3
7 778 1728 2
14 1431 3361 7
1 1377 3034 9
11 61 2281 7
1 431 2854 9
11 0 11 10
7 3041 3680 3
10 587 3525 6
3 69 2018 7
2 2307 3215 9
15 2498 4980 9
7 572 2626 3
15 2229 2616 1
24 1710 3161 9
2 1591 3175 3
25 2366 2825 1
5 4208 5000 4
2 2420 3960 5
13 1382 4260 9
4 449 4292 4
2 3006 4328 9
1 1186 3564 1
8 4439 4940 3
1 247 1013 1
3 571 2429 6
14 1285 4959 4
15 1834 3784 6
7 264 2414 1
4 1799 2345 10
3 177 2841 9
13 1622 3847 4
5 278 2055 8
4 2796 3708 1
14 157 3332 7
1 554 3801 3
9 1180 3170 3
24 1889 3341 10
26 2088 2700 2
27 3115 4063 9
3 41 2109 6
1 736 3272 7
15 1228 4495 8
11 217 632 6
3 1616 4302 10
1 460 4007 9
10 2352 4871 1
6 762 1936 2
8 423 2072 1
4 57 1639 6
1 2236 3578 4
17 1146 3600 4
11 1524 3597 2
15 1916 2215 4
2 2223 2584 4
1 103 1741 10
10 45 1642 1
7 1082 1530 7
1 754 2864 6
9 2120 2258 6
21 1819 4792 1
24 51 2529 2
27 1860 2583 8
22 31 2439 4
24 3408 4761 3
24 7 987 2
1 747 3400 2
14 1731 2170 10
2 1202 3549 8
10 764 3769 3
24 2240 2775 4
4 689 1300 7
25 3312 3399 5
7 1712 3701 7
12 1838 3355 10
10 1535 2539 7
13 125 2509 1
5 1705 3311 7
7 1456 4142 7
1 367 1497 4
3 1021 4693 6
24 369 3470 5
1 93 1661 7
2 1936 4763 3
27 1757 4427 8
23 951 1332 4
15 2998 4343 6
3 883 2273 3
15 2117 2188 4
26 3051 4200 9
1 2148 3104 1
2 2774 3898 3
31 1843 3033 2
10 144 2358 4
6 2381 4605 4
4 1485 4904 3
4 75 1804 8
2 3256 4386 1
13 435 3031 1
5 378 1367 10
9 530 4662 1
21 185 536 9
1 1231 4676 8
15 4498 4899 3
5 533 621 2
14 838 1064 2
1 1265 4364 5
15 1906 3549 9
3 2586 3730 3
2 758 3624 6
3 142 252 7
24 3322 4224 7
25 28 1335 1
2 291 3109 8
22 683 1071 7
2 1350 4893 6
4 1842 4533 9
7 169 4548 2
6 644 2475 3
24 1862 3385 7
11 1495 3307 4
3 1088 3058 10
5 2012 3129 5
4 471 2829 9
24 3827 4725 4
4 284 2877 8
14 75 934 10
4 131 2392 10
2 3601 4269 5
3 3086 4546 2
23 359 3467 4
11 265 1619 2
2 80 2419 3
2 2089 4316 7
4 3086 4380 3
5 9 2177 4
25 179 791 3
2 534 977 2
10 2841 3867 6
23 2544 3421 3
3 765 2869 10
15 705 1839 3
4 525 1005 1
23 1712 4010 9
9 2227 3759 4
21 1448 4834 10
7 72 131 2
15 947 3611 3
13 713 4824 2
7 1791 3051 3
8 1142 1271 4
6 1184 4539 7
2 1212 4439 5
11 4789 4800 4
20 283 2370 10
9 384 2349 6
4 1189 4275 5
23 961 1976 7
26 1561 2371 10
1 2624 4001 2
3 95 908 1
1 406 4745 6
12 422 2599 2
5 85 1506 4
20 331 997 8
6 890 1306 6
3 177 585 9
2 854 2686 6
10 2021 2732 9
4 412 1733 4
17 1576 3222 9
26 32 284 7
15 2589 3515 3
14 1099 1834 7
13 840 880 3
2 1235 3007 9
12 1444 4816 6
3 281 287 4
3 3682 4305 3
12 1572 2600 7
10 596 846 3
24 4 2683 7
3 835 2981 2
8 1232 1755 8
12 2551 3269 10
3 0 14 2
10 284 4735 1
12 19 500 1
1 228 2845 3
1 15 74 7
29 3370 4357 9
11 526 1758 10
23 1628 4710 7
13 3642 4575 4
8 1001 2679 4
1 1554 3470 3
6 1188 2244 9
11 66 198 1
24 2394 4723 10
6 267 2900 3
1 2405 4900 6
25 2425 2650 5
4 1081 2270 5
2 2662 4356 7
1 3128 4839 9
2 808 2168 7
1 110 2901 2
3 1373 2300 7
28 1619 2507 7
3 892 1038 10
3 1173 4535 5
2 3054 4362 7
4 343 1808 8
24 410 3379 3
8 369 2633 5
2 2623 4529 2
11 496 3491 2
6 129 766 6
5 984 4997 1
14 2498 3881 4
3 96 714 9
13 1473 3617 8
8 1856 4639 3
9 671 2064 4
9 1051 2855 8
3 1662 2022 2
24 95 1255 9
14 2214 3814 3
15 9 2611 2
12 2317 3944 1
26 114 1230 6
9 2411 3500 9
4 407 1534 4
20 168 2891 3
30 1285 3064 2
5 2029 3802 9
10 205 877 9
15 247 1882 1
7 977 3503 6
3 158 2497 3
4 1054 4747 1
15 228 483 7
12 58 1063 6
9 459 2710 9
9 8 1631 5
3 615 1000 9
10 1203 2966 2
15 596 1581 3
6 2605 3932 2
21 358 4671 4
1 2011 3144 9
12 1014 4587 2
10 1543 4327 7
9 645 2677 2
7 3536 4135 7
5 1044 3637 3
11 426 1131 3
1 924 2216 6
13 606 1523 3
3 1355 3278 6
13 2258 3829 10
20 742 4404 5
2 1329 1973 8
1 331 1164 7
6 1750 3491 2
24 2097 3647 6
9 2958 3699 4
3 2986 4761 2
10 608 1714 8
3 1794 2122 8
12 1156 2963 10
21 67 1405 4
2 306 2217 1
26 683 1383 2
2 321 1699 2
15 4 2724 4
22 1361 3723 9
7 514 4461 9
4 2400 2588 4
2 12 249 1
4 369 504 10
14 2674 3416 2
12 180 1235 3
1 821 1700 2
9 722 4016 9
1 3147 3914 2
12 1209 4933 3
3 133 488 3
2 571 3524 5
12 2267 2722 7
4 263 2674 9
20 312 823 10
5 136 3221 1
23 2186 2565 1
11 2489 3841 3
20 164 2554 8
10 1808 4608 10
15 748 3515 2
2 366 4408 6
28 2274 3994 9
8 6 4664 3
1 1138 3125 5
3 440 1510 3
1 1238 3855 10
3 1719 2846 2
1 1800 2425 4
5 279 2060 8
12 181 1395 4
14 812 3269 2
13 2454 3944 7
28 1364 2535 9
8 488 2266 10
22 2143 4888 6
3 2328 3683 8
10 2475 4285 3
3 662 803 2
13 284 300 4
2 262 1027 9
5 4153 4945 2
17 2174 3566 2
10 643 1293 7
24 2911 3664 5
18 961 2931 1
1 834 1136 5
10 52 218 6
15 1154 4644 4
13 562 2296 6
28 498 3244 5
2 1304 4719 8
19 222 2340 2
20 143 2518 9
8 879 3672 10
13 120 3104 1
21 198 1200 4
9 374 2225 2
2 1862 3427 2
1 2380 3983 3
9 1165 3267 5
3 1498 2590 1
14 100 3270 1
5 21 79 4
7 1961 2432 2
14 2000 3471 3
1 3479 4872 3
2 1335 4617 7
5 1295 2407 8
4 1966 3687 5
5 3323 4134 1
2 98 2800 3
23 623 1184 3
1 2218 3094 1
2 887 2070 9
5 62 1858 10
5 229 2559 4
14 3159 4844 1
8 74 1211 7
28 1613 2784 9
3 128 4655 10
6 3649 4427 8
11 477 1582 2
5 974 2046 6
5 1191 1905 3
18 1671 1900 2
1 1176 1609 5
7 812 2400 8
11 403 750 6
5 515 2136 1
12 4009 4656 9
6 1257 2211 3
7 700 2007 7
10 165 3273 3
3 219 3150 2
8 894 2835 9
7 14 334 4
27 768 4492 4
10 535 2424 7
5 652 2936 4
15 285 1824 10
22 1327 4141 10
14 1491 4542 3
4 3680 3837 6
27 2629 4171 8
4 2297 3604 5
20 422 1591 6
4 549 2732 7
19 21 1321 10
8 2433 2670 4
4 3562 4684 5
9 799 2691 1
1 1019 1715 6
1 1061 2052 1
7 3275 4486 6
27 1262 4321 5
23 485 691 8
1 2116 3599 6
13 1771 3313 5
2 689 2295 8
8 566 1046 1
20 1543 3750 1
23 2574 3640 8
8 2885 4404 6
3 207 4886 2
15 829 1179 9
1 679 2412 9
11 1614 4932 1
9 429 3124 6
4 676 795 9
8 308 1516 5
13 1310 4125 9
5 3211 3800 9
19 3764 3900 5
1 4014 4737 7
4 1842 3420 6
7 407 1857 2
26 648 2946 3
2 1684 3472 2
4 1675 1747 3
11 1501 2393 1
25 52 247 1
21 2128 3300 6
2 75 4235 9
6 8 352 4
1 2083 2428 4
17 2425 4921 10
5 530 2680 3
11 938 2411 4
4 393 436 1
13 196 1800 1
10 1981 4357 8
7 323 2379 3
4 33 61 8
24 1850 2860 3
15 1182 2087 4
8 645 2231 8
24 1568 2627 10
3 2061 2779 4
24 207 2249 3
5 1728 3705 1
13 3033 4713 1
4 2896 3317 3
21 3343 3727 1
10 730 2539 8
18 1409 3025 5
6 107 1753 9
9 512 2131 5
4 2280 2902 8
2 2078 3055 10
1 703 1263 2
5 245 1656 4
4 729 3998 4
9 551 2833 8
24 3459 4536 7
25 563 739 1
12 114 392 9
12 1403 1949 7
1 2 2171 5
2 1086 4500 5
12 1437 3680 7
6 1261 3488 10
8 1588 3843 8
27 441 1235 10
9 874 3956 6
3 558 3365 4
9 3326 3791 6
2 2213 3893 8
19 2319 2959 5
13 4384 4479 1
8 251 3526 5
14 613 2843 6
6 118 258 8
27 1135 1342 7
26 1319 1671 5
