150
13 943 1373 5
3 320 504 3
13 845 1152 4
4 36 971 8
2 119 1017 6
5 187 315 3
21 302 596 7
27 83 777 3
22 796 1491 10
1 476 624 3
13 224 1166 7
9 349 1331 5
9 219 609 1
20 441 536 1
14 977 1020 8
2 243 300 4
3 834 1309 1
22 294 530 2
4 562 1393 9
10 160 411 5
7 1174 1400 10
2 1015 1102 2
14 254 1034 2
10 104 213 10
4 508 1139 7
7 113 197 1
22 25 1461 6
26 59 613 8
2 231 1180 4
7 976 1278 3
9 143 1139 5
1 854 1465 2
25 14 52 6
13 126 668 3
2 251 732 3
8 250 347 5
5 549 1073 1
2 904 1168 1
9 304 1431 9
10 72 116 8
6 11 418 8
11 915 998 8
6 760 1246 2
5 210 629 6
12 27 522 7
25 949 1093 3
3 37 100 6
1 131 1223 2
11 729 788 7
5 39 126 4
12 115 427 7
28 293 673 3
14 132 477 9
4 470 1223 2
10 71 521 6
3 12 16 9
25 749 1246 8
3 21 55 2
4 708 980 5
1 279 1389 5
2 1102 1395 7
13 20 1445 5
25 505 1097 8
3 92 584 3
4 447 603 7
6 80 106 6
4 14 20 2
25 871 1225 5
13 0 13 9
8 351 516 10
5 252 989 8
28 1138 1388 10
5 12 131 4
10 13 460 2
27 743 1388 10
26 34 81 7
20 45 286 4
10 735 1310 8
3 958 1100 3
15 888 1137 10
3 53 1256 7
3 197 471 5
19 276 728 4
6 1026 1072 10
5 42 753 9
4 527 1037 6
5 155 895 8
13 98 829 10
8 635 1393 7
5 192 791 10
13 280 813 3
4 588 1405 10
2 226 500 6
4 232 590 5
6 774 1041 7
23 15 890 6
6 98 1132 4
1 37 1035 2
2 3 1000 2
7 174 823 7
19 119 768 6
21 45 340 7
1 41 401 1
9 23 558 4
4 58 1163 6
26 1035 1200 2
3 1045 1270 8
9 418 855 5
17 312 970 1
10 164 310 3
13 626 913 6
5 72 510 7
14 470 1011 2
9 798 1500 7
18 244 966 4
2 181 261 5
26 435 980 1
13 183 929 8
10 182 930 2
24 311 842 1
25 508 1299 2
14 36 953 8
5 125 745 4
4 72 351 1
1 1041 1271 3
10 411 713 8
26 42 158 9
13 635 679 2
19 232 811 9
3 949 1144 10
6 253 867 2
3 199 949 10
9 253 1287 1
29 409 495 9
6 252 417 7
6 321 708 1
5 1114 1472 6
12 91 609 7
4 508 600 2
5 55 724 2
8 85 796 9
3 31 703 1
5 994 1474 9
1 71 770 9
11 7 1311 6
10 360 1456 4
7 17 132 8
6 362 571 2
4 518 1469 3
5 421 450 5
