300
10 2450 2831 7
2 18 46 2
6 116 132 7
3 1554 2591 10
28 482 2355 10
2 619 1452 10
21 567 1431 3
1 155 244 10
2 1901 2016 1
24 1796 2342 9
4 204 828 10
9 60 2372 5
1 453 524 4
4 68 143 2
21 1732 2455 6
2 915 1379 10
3 2156 2725 6
3 952 1205 4
25 55 1524 8
13 692 1061 4
5 230 1793 1
13 74 1097 10
7 1028 1239 6
1 1905 2001 6
1 640 931 10
6 946 2729 10
5 485 2886 1
2 1101 1449 10
4 1308 2390 8
3 195 2603 8
2 658 1944 7
14 874 1048 4
2 101 1762 1
8 18 309 5
12 572 2551 6
8 1259 1473 9
7 1634 2579 4
3 52 135 7
14 0 14 7
22 718 2030 5
5 2393 2672 10
3 98 994 10
4 227 875 6
12 727 1534 10
10 577 2041 10
3 386 1145 7
12 52 2964 7
4 3 39 1
24 36 2798 7
4 1321 2258 6
1 1803 2171 9
23 1100 2203 7
12 335 362 1
14 367 1400 2
28 128 1097 4
13 266 2228 3
19 217 498 3
7 15 944 3
2 599 811 1
15 388 953 5
9 154 1166 1
5 214 1250 6
26 646 1748 10
8 2061 2401 6
25 134 259 1
4 1155 2892 8
3 1906 2464 2
20 2161 2983 8
10 305 2237 1
4 459 1393 7
22 112 2627 8
24 2107 2466 10
7 582 807 8
15 1133 2772 6
11 1093 1519 4
1 135 841 1
1 521 1671 7
13 491 538 6
23 635 1586 3
8 678 985 9
9 851 2025 8
7 258 2124 6
25 1450 1790 1
22 1071 2298 1
5 15 1853 2
2 505 1663 4
9 1159 1942 4
3 639 2014 5
22 1969 2445 8
8 25 92 8
7 13 117 5
2 24 1877 10
1 826 1741 3
22 134 2658 8
25 505 1099 10
12 838 2923 1
8 1614 2158 8
21 1577 2852 2
2 476 605 7
8 114 400 4
8 477 2477 2
4 11 1193 8
1 400 1005 6
8 1092 1408 2
6 793 817 4
5 1713 2891 6
7 972 1929 5
1 946 1098 8
8 888 2408 7
7 206 722 1
10 248 1150 10
4 20 1158 4
4 715 2004 4
24 452 686 1
23 1352 1557 6
12 140 971 7
7 1011 2700 1
2 6 119 2
25 546 630 8
7 119 933 1
13 444 513 3
12 11 58 6
11 276 1926 6
1 360 702 7
11 0 1311 9
21 111 2950 3
6 135 823 8
3 2261 2630 5
1 1766 2240 5
4 37 62 2
1 1767 2451 9
11 162 649 6
9 312 2600 8
10 456 1646 10
12 1460 2249 4
21 6 35 2
2 231 2664 3
2 129 1249 3
14 52 442 2
15 784 2243 6
15 258 2707 3
13 287 2421 5
5 164 2705 8
4 675 2491 9
5 159 1718 9
24 2010 2744 2
23 163 1981 10
6 253 662 3
1 35 525 4
12 132 1157 1
5 536 2710 4
10 368 611 6
3 17 1410 6
10 59 473 3
5 2517 2564 1
19 73 2588 7
11 2853 2871 6
23 764 2781 9
8 479 730 3
22 1 84 5
3 1652 2702 4
9 1818 1834 3
4 345 580 2
12 1698 2719 2
4 149 1611 1
5 220 3000 4
19 2465 2613 8
19 117 1690 8
13 2385 2494 9
4 2169 2359 7
1 655 1099 5
24 181 1294 1
24 410 1938 10
14 51 2106 5
7 1121 2327 6
1 2298 2842 2
27 155 1500 1
13 918 1386 1
2 535 758 9
4 350 762 1
21 2669 2821 10
5 363 1718 4
3 161 1351 6
4 1306 2063 8
10 2001 2563 1
28 1 856 5
12 300 1580 5
20 327 787 2
13 376 1825 2
2 206 1387 10
24 820 2329 3
14 347 1649 3
2 697 1420 3
3 2848 2981 1
5 1323 1677 8
15 373 1000 9
11 284 350 2
8 247 1508 3
10 1905 2146 2
15 753 1271 6
4 1801 2215 8
1 1058 1356 2
3 1078 1991 7
3 829 2246 1
5 389 466 3
20 544 1551 5
9 409 1672 4
23 608 1513 10
26 179 756 8
9 1127 2320 5
15 416 2190 4
6 1302 2979 5
25 164 626 6
7 0 1260 4
3 466 603 10
1 916 1409 3
1 413 1597 3
15 133 1323 7
5 1243 2470 10
13 385 715 7
1 2066 2101 3
9 1751 2900 8
26 97 1092 4
2 151 2958 8
20 995 1724 3
5 352 635 10
11 1018 2559 5
3 216 339 3
2 236 1210 4
23 668 1030 4
3 1363 2299 4
24 686 2250 7
20 266 727 9
22 395 1922 6
7 581 1819 7
3 914 1423 6
12 121 1660 7
4 58 2578 6
5 2532 2894 4
14 1643 2302 10
13 1595 2208 1
23 1302 1791 8
4 2864 2872 5
22 1148 1606 6
6 486 1726 1
1 599 1737 5
7 220 2376 3
6 585 1800 9
11 1520 1578 5
29 136 1370 7
15 947 2101 10
11 1557 2699 3
4 873 2313 9
10 413 1445 5
2 1138 1648 5
6 287 331 9
4 99 2764 1
1 905 2368 7
21 817 2300 6
29 318 1285 7
4 641 1132 9
15 597 1505 3
4 31 410 9
1 1532 2717 9
14 644 2995 6
23 252 1700 9
10 463 2601 9
9 559 2817 2
14 484 700 1
11 32 1363 7
10 1368 2732 4
2 260 1370 5
1 88 1661 5
13 403 2444 9
8 1033 1145 8
5 381 1228 4
14 1217 2210 6
11 1312 1376 2
4 2159 2672 6
6 547 1300 10
3 175 1405 8
4 1357 2105 6
3 612 2579 1
26 1117 1465 2
13 94 226 3
24 35 2532 5
9 1351 1418 9
3 464 1765 1
1 396 824 4
1 320 332 9
9 794 2902 2
4 240 336 10
5 1 2910 3
3 1523 1600 6
5 37 621 3
9 1604 2769 3
14 971 1242 7
28 2357 2618 5
3 25 2193 9
11 16 366 8
