450
7 2387 3220 5
4 2280 2600 1
13 2681 3546 7
4 934 2962 1
11 27 38 2
8 13 2070 1
23 39 600 4
8 413 518 4
30 1246 4134 2
5 238 1043 1
15 278 338 2
5 818 1025 1
8 462 1508 3
12 3679 4143 4
4 2037 2886 2
5 542 1671 7
1 285 685 1
13 475 979 9
26 653 2452 9
5 465 2488 3
5 756 1535 9
2 394 2817 5
3 2178 4103 1
6 2288 4179 2
1 527 3496 2
8 471 3356 10
13 3172 3213 8
22 224 618 1
14 398 1800 9
11 1262 3270 5
19 1092 1400 9
13 12 416 4
11 707 3100 1
17 1351 3086 9
11 455 2400 8
6 31 1065 8
7 996 4052 2
3 98 1943 1
29 370 3810 10
22 1844 2122 3
12 137 212 1
18 3083 3537 2
8 2244 3575 6
2 79 906 8
2 1259 1577 2
1 3608 3700 8
15 735 2193 10
8 707 1548 2
9 1318 2178 7
1 3249 4088 2
8 233 861 4
22 2537 4086 4
1 1451 2085 7
27 1643 2539 5
1 1793 2728 10
19 1994 2861 6
18 552 2579 6
8 190 4000 5
5 2542 3710 8
14 1584 3327 7
5 535 2681 8
10 1736 1826 2
15 3596 3680 7
5 2261 3351 2
22 326 3629 8
14 975 1136 4
6 3630 3720 7
22 1252 4465 10
2 2144 2278 7
4 418 2220 10
15 1033 3381 9
9 3998 4217 3
5 1669 2201 8
13 423 4098 2
12 1160 2905 8
10 123 2290 7
3 859 1490 6
11 2029 3934 10
3 4027 4381 5
9 516 681 10
4 117 2376 5
6 1284 3288 1
2 1154 4203 4
1 509 1475 7
7 1368 1977 1
14 280 966 10
5 346 2892 9
8 288 3660 7
6 174 2284 5
21 1888 2142 10
3 72 1851 1
5 931 1875 9
9 178 2300 2
9 623 764 10
21 2380 3699 4
13 148 1057 1
10 1452 2900 3
11 1343 3970 1
4 3686 3793 6
2 549 1514 5
14 114 1332 5
8 237 2565 2
8 998 2387 4
15 215 1916 5
22 1588 2995 9
5 50 176 4
3 69 620 3
2 52 3497 9
24 1062 3568 7
4 1240 2356 2
10 510 3604 7
4 1673 4164 7
18 1714 3018 3
3 2256 2648 5
11 154 3385 5
20 2061 2348 5
5 1346 1446 2
23 1226 3456 10
30 157 4093 2
22 3663 4160 4
12 3773 4491 8
3 1829 2675 3
7 1465 4327 10
2 549 4081 7
14 1846 4436 3
4 2714 3543 3
17 566 1760 9
2 522 1452 10
10 1894 1914 2
10 1088 1500 10
13 386 2456 3
15 929 3777 8
6 6 78 8
9 3132 4166 6
23 3480 4025 5
12 604 2354 9
15 616 1637 4
15 362 1738 7
15 218 1850 6
20 35 2392 1
5 1617 1743 10
4 2370 3303 5
5 398 2153 1
9 811 1170 9
12 114 1012 4
4 4398 4496 6
14 2560 3118 2
7 2459 2500 1
3 2066 2100 4
5 843 3362 4
12 1902 4259 3
5 627 1200 10
22 259 476 6
11 897 3592 9
8 56 1821 8
5 1214 2770 5
1 1169 1781 10
1 1872 2561 9
11 979 1300 9
24 692 2443 1
2 1015 1285 7
3 364 2477 7
14 504 815 10
15 1987 4400 6
4 1544 1852 3
6 1689 2751 2
8 56 2596 2
24 396 4074 5
7 2254 3898 3
21 2331 3018 3
13 3573 4023 10
15 190 3519 9
23 708 3124 2
28 2199 2922 9
6 161 2007 4
4 665 3156 7
26 1320 3387 7
1 2457 3487 2
14 43 2027 5
2 928 2304 5
2 1835 2371 8
4 3224 3504 6
4 218 1361 3
5 967 2389 3
24 635 660 10
11 430 2694 3
3 4443 4471 7
12 1136 2754 7
11 2621 4181 8
8 1846 3569 6
4 2482 3151 2
4 326 2492 1
5 733 2767 7
9 2190 2699 5
12 880 2012 9
3 2453 2745 4
9 711 1159 4
2 288 1294 8
3 97 364 5
14 415 500 9
6 1994 3845 9
12 158 1373 6
10 586 2319 1
1 29 2501 3
3 928 2903 9
3 1742 3959 6
21 81 2975 9
26 3270 4300 9
2 2777 3418 2
8 119 661 5
3 2405 3089 4
15 3 2223 1
5 435 2135 3
5 307 936 2
3 2374 3708 4
12 234 3335 4
1 2585 3802 8
2 542 2355 1
22 239 1848 8
23 290 1771 6
23 824 1529 2
1 264 2248 8
14 1438 2730 8
1 36 1046 3
20 1698 2321 1
9 976 3078 8
23 1061 1898 5
6 727 2798 5
3 2647 4335 5
1 226 1456 10
22 1816 2252 8
19 2308 3556 1
3 1305 2314 2
3 391 403 8
4 116 353 8
1 61 82 1
23 573 4050 2
1 4481 4492 3
10 521 755 9
6 238 1084 5
3 1473 3891 10
5 291 454 2
9 942 3322 5
2 383 2159 3
1 4 2260 2
3 1083 3477 7
20 599 3374 4
6 3450 3854 5
8 300 486 9
9 1624 3162 2
12 34 919 9
4 1554 2960 9
23 1362 4011 8
2 827 2400 1
9 215 1975 3
20 1342 2080 3
4 1127 2980 7
28 133 3089 3
10 9 1763 3
26 193 2528 3
4 3127 4078 7
8 1403 2838 10
1 2100 2200 6
3 1169 1554 8
11 2161 2194 9
4 245 2341 8
2 2977 4042 5
4 449 2972 6
30 862 3147 9
11 1 2686 7
4 189 368 5
15 79 115 8
9 934 2553 8
1 3688 4385 4
1 100 902 6
12 755 1870 8
12 1467 1535 5
3 11 1154 6
1 457 1316 3
2 347 1104 8
4 1298 3274 4
8 2343 2866 1
8 1424 1483 7
2 2835 4261 10
10 2226 2610 9
1 49 72 1
1 1592 3200 1
1 21 2700 1
13 1020 1700 5
9 1135 2408 4
5 120 3522 1
5 1373 1981 1
5 1175 3117 4
6 607 1858 4
6 349 2906 7
14 433 3769 10
8 2255 3782 2
23 172 323 8
7 361 3848 3
2 1836 2882 3
6 704 4000 8
12 877 1816 4
4 1357 3413 4
20 2531 3354 3
25 1210 4267 9
14 1900 4045 2
3 2054 4148 10
2 2601 3153 5
4 6 2113 8
11 1371 2621 3
4 37 704 5
1 358 801 9
26 228 3300 6
21 149 1000 2
3 76 1145 4
20 2029 4013 3
5 3275 3500 4
2 1586 3831 9
1 1563 4010 1
3 707 939 9
24 1622 2735 9
2 3727 4426 6
7 3230 4443 9
5 2729 3106 2
3 1967 3940 7
15 46 100 1
11 272 349 9
15 2028 3365 7
22 44 1989 8
3 13 334 1
3 348 1939 7
15 1019 1523 5
4 52 180 6
13 938 1038 5
12 2593 4237 1
12 517 3640 3
24 73 731 9
23 838 2168 10
7 874 3801 1
8 705 2220 10
15 337 1333 3
5 3391 3678 5
2 445 1187 10
5 1876 4088 4
13 886 4380 1
9 68 737 10
1 128 1289 7
25 675 842 7
4 202 2082 5
26 1185 3451 1
2 534 3872 2
27 105 1815 2
22 310 552 8
21 650 1575 7
15 2227 3033 4
12 280 1266 6
15 353 4342 8
18 591 3042 3
26 34 1419 10
2 47 1256 9
3 424 559 2
15 125 158 1
13 442 2022 4
4 152 1499 1
12 530 2306 8
7 238 717 9
4 2582 3726 6
5 1584 3481 3
4 780 4092 6
1 3380 3801 9
11 4154 4479 10
5 3254 4367 7
5 2308 3527 2
13 603 1357 10
1 388 4265 9
7 1012 3563 2
2 794 3329 6
2 593 1579 7
12 1284 2146 10
24 2 2585 5
1 547 3879 1
5 3135 4186 2
20 788 924 10
19 1691 3304 8
4 312 1487 1
3 850 1203 1
4 359 1295 3
9 83 1055 5
8 6 1258 3
2 61 2800 5
7 275 1552 9
27 28 250 2
5 952 3463 1
6 3810 4274 5
22 2493 4422 5
12 1305 2297 8
2 2806 3809 2
7 513 2815 3
2 405 1622 10
27 0 567 6
28 722 1907 1
2 1534 2647 1
15 2030 3709 10
22 1417 4234 5
20 175 4362 6
9 851 4217 1
13 3543 3673 7
26 53 575 8
25 59 636 8
4 568 879 3
20 4132 4393 8
4 188 2870 7
12 3834 4200 10
2 1691 2276 1
13 130 143 8
26 1622 2737 8
6 2710 3661 10
22 1013 1639 2
4 1203 3992 7
21 1539 1674 4
2 208 370 10
9 8 2416 8
27 2677 3042 4
6 1516 1687 5
13 3544 4019 6
4 2674 4500 7
14 110 198 4
2 3852 4412 9
3 4 290 8
12 190 2992 5
7 109 849 5
27 381 2916 3
11 2042 3103 7
4 2820 4158 3
6 527 1768 6
24 420 3843 1
10 2670 4247 5
14 132 3744 8
23 1173 1226 3
5 1034 3568 6
8 242 3275 4
21 115 1185 1
4 742 2418 5
13 2061 2370 1
13 1517 4217 7
5 3024 3975 5
4 432 1857 9
8 1060 1225 5
3 431 2819 5
13 34 1240 2
