350
1 3116 3422 4
5 102 647 8
14 588 1366 10
9 1400 1954 7
9 289 1018 1
4 371 728 10
19 40 1353 8
4 298 2693 8
31 1 1572 8
15 236 704 5
1 379 2347 1
3 559 2815 9
8 2627 3350 8
9 187 2996 2
9 357 3294 7
1 2583 2900 9
19 913 1134 10
3 5 1847 9
4 128 2059 1
20 767 1987 4
7 58 3407 2
28 22 1367 8
4 699 3296 2
5 1335 1506 2
9 139 231 8
4 685 1038 9
1 2727 3118 2
4 1932 2756 9
7 644 2048 4
5 311 1784 3
12 2291 2862 5
14 52 1204 1
11 2052 2553 6
12 122 2558 8
12 45 1764 9
22 667 3343 9
4 1905 2953 1
3 374 2437 6
11 275 1096 10
8 268 2729 1
3 671 3014 8
1 183 973 1
13 2579 3212 3
12 172 863 9
5 1626 2541 2
5 1846 2728 7
15 1361 2643 8
14 1998 3274 8
2 78 511 2
5 1057 1863 3
3 247 1502 9
6 384 2354 3
21 1985 3000 9
6 1178 2300 8
1 272 1196 8
7 498 2141 10
6 1054 2396 7
1 422 931 3
4 799 2000 8
3 1723 2734 4
1 888 1874 4
3 723 2803 7
19 749 2211 8
5 888 3144 6
21 676 1080 9
5 337 3271 7
1 1734 3249 3
1 1097 2098 10
24 471 2424 7
12 1414 2447 7
5 2042 3168 6
14 133 2578 6
8 2350 2909 7
1 352 719 5
7 1033 2510 3
12 985 1744 9
10 1446 1555 7
5 157 337 4
6 12 642 9
26 2334 2628 8
13 1904 2380 5
6 373 939 5
9 235 709 8
4 666 2325 3
12 458 2180 10
11 686 1339 10
29 100 447 4
5 199 2705 5
4 1051 1804 8
4 535 1213 10
1 1370 2977 7
27 985 2623 6
15 985 1286 1
10 462 2484 6
9 26 62 8
15 1607 1720 2
1 10 74 3
10 213 896 9
7 1988 2447 3
4 1506 2285 7
1 1050 1508 5
23 191 623 8
7 17 300 4
27 1256 2750 5
6 1788 2521 1
4 2126 3106 1
17 221 366 1
30 318 486 1
7 1197 2385 5
14 439 543 6
23 3028 3265 7
2 245 911 1
22 573 851 1
2 1127 2018 2
13 1007 1867 9
9 1090 2773 7
15 310 558 4
11 2893 3448 3
4 55 213 3
8 942 2056 9
9 1348 2313 10
13 35 379 9
7 131 1724 7
22 94 829 2
5 364 1053 3
23 2590 3374 2
2 1819 2602 1
2 1566 1929 7
10 213 510 3
22 388 1665 8
1 514 1798 4
13 209 1455 6
14 38 1351 3
15 3204 3354 9
5 89 320 7
13 9 2909 5
16 959 1239 3
10 1328 2157 9
3 260 1206 9
20 1209 2540 4
27 274 930 6
10 1143 2709 4
3 816 2487 5
3 854 1485 6
22 1427 3284 3
4 1454 2547 10
14 2675 2997 6
11 1723 3328 1
21 218 1767 9
4 2137 3360 8
4 289 2810 5
8 2462 3188 9
1 2757 2901 6
2 903 3141 2
4 651 1142 3
9 692 2280 2
2 432 1400 7
7 198 1070 10
25 686 753 8
4 1732 2166 9
21 1177 1621 4
3 2131 2440 6
22 2175 2736 10
10 2879 3351 6
2 2026 2336 6
6 0 1059 2
6 80 979 7
2 1493 2302 10
14 617 1300 6
10 2086 2483 2
13 1079 2334 4
23 1489 3062 5
2 16 1487 3
4 299 2553 9
13 249 1699 6
5 1256 2174 5
21 1100 3100 8
5 383 579 9
8 920 2731 9
5 194 2249 6
3 1141 1632 8
1 340 2238 8
1 337 1346 10
6 1678 2948 10
2 742 2805 8
18 159 1177 10
8 1879 2919 4
15 2173 3079 9
11 424 1111 9
13 1313 3314 8
15 16 1254 6
1 1211 2083 10
1 704 2084 8
1 2914 3325 3
5 690 2598 8
7 1986 2869 6
14 325 2581 6
16 374 574 5
12 618 970 10
24 153 2159 9
14 2533 3312 7
5 19 2081 2
24 1665 2480 1
3 2580 3421 4
9 59 403 10
4 385 1553 8
3 9 42 7
7 1292 3011 9
10 229 2077 2
12 1166 1902 2
13 1466 2268 5
12 314 1342 6
1 132 1626 7
6 2867 3210 6
13 2135 2591 2
8 1518 3426 6
9 66 169 6
23 1633 2474 3
15 796 2628 6
1 2456 2559 3
27 24 1345 2
3 369 2689 9
13 582 2733 5
13 172 746 8
10 160 1600 9
25 1288 2314 1
12 304 893 3
11 44 1815 1
4 88 1578 7
25 164 1088 5
5 658 2928 10
4 53 200 9
26 603 2899 9
6 285 1048 5
26 22 1145 1
2 1789 2141 4
5 6 3053 7
14 35 500 7
23 463 2362 8
20 2081 2480 7
3 26 220 1
4 486 900 5
25 2558 3473 3
6 857 1493 4
3 1170 1957 6
8 651 1312 1
10 593 1000 10
14 2 468 1
15 2323 3437 3
1 2280 3051 3
2 106 710 9
1 3144 3443 1
10 124 179 4
1 493 1793 8
13 188 2398 8
15 131 1009 9
9 1023 2850 10
3 301 866 8
11 526 1140 10
6 985 1500 10
1 1853 2432 1
26 46 1347 3
24 384 2780 8
10 2901 3321 7
6 390 1294 9
9 1301 1727 9
10 2870 2974 9
13 713 1413 6
25 642 3498 10
1 14 864 6
5 64 73 2
3 729 2027 6
21 702 3017 5
9 9 29 7
25 333 2840 2
9 700 755 2
4 88 1748 7
5 190 1147 3
5 166 584 2
8 601 2448 8
4 40 2807 1
9 77 209 7
5 152 1993 4
23 111 700 6
5 234 1317 4
3 891 2057 1
11 2516 3001 7
3 82 1355 8
2 230 2190 5
3 519 1203 10
3 133 2072 9
28 214 259 6
12 668 1969 8
5 127 160 6
3 770 3451 7
4 140 183 7
22 765 3211 8
13 565 1034 10
2 1222 1451 2
3 2368 3328 9
27 1719 2237 4
22 2773 3215 8
8 1228 2909 8
27 106 2229 10
22 2132 2964 8
9 418 2143 3
9 1817 3099 7
13 1048 1779 1
9 272 1824 7
3 1191 2314 6
5 325 1085 4
11 1691 1795 2
24 1389 3430 7
16 94 400 3
14 568 3124 1
3 430 1661 7
2 1072 3500 9
22 142 2141 4
5 860 1332 6
1 1738 3400 4
6 1567 2700 2
3 340 1021 8
2 1194 2281 7
27 535 958 9
6 364 2107 8
3 205 323 9
3 937 3004 3
27 1916 2083 8
6 1420 2147 4
27 1345 1393 3
2 1166 2675 9
13 1237 2500 10
10 678 2204 6
13 2612 3215 7
1 1171 2225 2
3 1758 3152 3
18 22 519 6
24 790 2347 1
5 211 779 8
7 164 418 7
25 161 1894 5
1 967 2370 10
30 14 1449 2
4 193 1115 8
4 563 2823 4
3 1749 3383 5
17 489 527 3
14 1405 2037 3
4 37 1990 9
22 1210 2600 4
