250
4 61 1413 5
1 99 298 9
1 111 297 4
4 1486 2016 4
1 827 1284 9
2 877 1549 4
3 33 280 5
2 624 1928 9
2 744 2211 5
1 779 1667 2
1 158 328 9
12 79 2443 3
15 310 1971 4
3 802 844 3
3 620 1249 8
3 356 566 4
13 63 857 10
24 1541 1931 3
2 64 1430 6
27 657 2059 6
7 959 1724 4
11 879 1929 6
11 1038 1463 2
15 952 1415 5
22 315 768 7
9 357 580 1
4 793 1606 6
8 970 2398 3
2 1780 2429 3
1 205 451 3
9 18 1407 4
4 2223 2419 5
14 1464 1695 5
22 1343 2366 4
12 41 283 8
24 387 1383 10
19 417 1185 2
7 888 1396 3
2 474 1677 7
1 512 746 1
3 2109 2403 4
3 1374 1475 4
7 1046 1907 9
7 61 1270 10
3 188 1439 6
4 1360 1972 6
28 1100 1757 10
1 53 1842 1
13 206 938 2
20 199 2469 2
1 290 1996 7
2 1127 1815 5
19 462 1619 10
3 302 1003 4
22 846 1739 7
21 30 1237 9
24 1400 2254 6
4 978 1274 9
14 18 1330 2
4 1116 1307 8
2 2078 2421 4
25 126 993 6
10 729 2427 2
12 2280 2500 2
7 667 2296 7
14 169 1509 8
5 795 1587 2
25 123 951 8
15 49 879 5
10 852 1300 2
5 130 2353 1
24 116 2148 7
6 870 1418 2
6 708 2010 2
3 49 595 7
5 208 385 1
1 1564 1600 6
8 157 291 4
1 136 323 9
13 1534 2413 5
24 624 2307 2
4 234 462 9
2 145 2058 3
28 70 235 7
5 673 1784 4
14 1567 1738 8
8 660 1747 9
10 907 2157 1
22 674 2323 1
3 560 2300 3
8 916 2098 8
7 240 2176 6
5 195 1358 6
9 340 927 3
4 201 1643 2
25 108 1067 5
14 296 1862 1
5 11 669 5
1 823 1770 3
27 602 1785 8
7 369 458 5
4 445 2188 4
9 897 2079 5
14 331 1142 5
25 688 1272 6
11 710 1848 4
5 688 862 5
13 210 999 8
11 0 11 8
13 388 1453 1
3 974 2062 9
14 654 2035 4
7 606 932 3
13 1385 1900 4
5 105 400 4
2 321 1454 6
21 248 1887 5
3 663 1847 1
19 177 1163 9
14 819 2409 8
9 311 1146 8
9 289 1074 10
1 1660 2372 6
9 77 1203 10
24 1359 1802 2
24 47 669 3
5 449 1764 9
2 492 1436 6
1 1082 1868 5
26 148 2032 8
7 122 1026 6
25 12 1212 9
8 907 1315 7
13 271 475 7
4 11 15 8
11 209 610 3
7 47 72 10
1 562 2040 10
5 2089 2216 5
3 75 103 6
11 122 477 7
10 232 745 6
2 67 115 5
3 585 1166 10
9 1635 2209 9
7 334 911 6
5 470 913 4
13 2080 2193 4
2 881 1100 4
23 191 1518 6
14 137 1575 2
4 84 967 7
8 573 833 5
13 305 1606 9
8 746 1591 8
14 0 1140 8
29 143 1024 3
4 915 1104 1
3 670 1796 8
24 494 675 1
9 1121 2063 8
2 645 1639 2
11 156 200 5
2 1885 2100 1
8 594 2070 2
7 190 1615 8
25 87 700 4
20 681 1639 7
10 492 1410 8
10 1126 1659 1
2 85 797 2
6 1495 2034 6
11 1079 1705 8
6 489 1158 6
3 109 2092 5
1 72 1098 8
24 1218 1764 4
11 105 311 9
26 345 1188 10
10 475 2487 4
4 104 327 2
2 1207 1702 9
22 127 1440 1
8 851 1681 10
2 506 1810 6
12 574 735 8
25 242 1893 1
9 552 2392 4
3 182 1236 6
21 94 1284 5
14 123 2475 4
2 1606 2200 9
5 1050 2198 5
5 1192 2006 3
9 1606 2279 6
10 314 1126 3
8 1526 2041 5
6 4 21 8
2 400 1337 4
15 239 1200 7
10 975 1567 5
4 112 2189 3
26 454 1065 7
4 2249 2324 9
10 1154 1738 8
4 42 796 7
4 314 450 3
14 373 514 4
4 167 1269 1
11 748 1037 5
1 60 152 6
24 1723 2124 7
20 780 2441 2
11 403 2094 5
11 469 651 9
8 101 113 5
15 8 1089 1
23 24 1248 7
2 194 447 10
4 1409 2316 9
24 1477 2176 9
21 1019 1834 5
2 570 1276 10
11 65 957 7
2 462 2434 7
22 15 562 1
1 187 828 2
12 852 1599 10
5 1749 1956 5
8 424 1011 3
14 573 2334 9
21 261 1117 6
4 1807 2160 6
24 83 1851 6
2 441 1223 10
5 847 2057 10
8 781 2156 5
23 567 723 1
4 1286 2144 1
22 309 1096 7
25 205 938 8
7 37 207 9
22 416 1910 5
3 958 1513 5
3 243 955 2
15 50 132 10
9 465 1690 2
3 1574 2489 5
12 20 1116 1
2 29 744 5
