400
14 1155 2609 3
12 1420 1743 7
14 530 1770 4
2 329 1838 9
15 3535 3588 6
6 208 1073 5
3 403 2991 8
2 1769 2176 7
31 2369 3006 5
1 87 1799 2
7 402 495 3
3 1090 2709 5
10 134 2532 8
2 2732 3473 1
2 1924 2225 5
8 16 565 5
7 1166 2530 7
15 277 3353 8
6 584 900 9
3 1164 2565 1
14 1158 2980 2
8 121 2675 8
27 666 3269 7
5 1003 1961 7
3 369 3768 7
2 9 197 4
3 244 868 10
5 1560 2724 10
23 3492 3843 2
7 2759 3800 2
25 116 1284 3
5 1154 1672 3
3 1285 3129 3
5 1037 1929 9
6 45 1358 9
3 51 603 1
9 736 1293 9
5 464 557 3
19 1151 3338 6
9 1154 2664 9
11 123 182 7
13 380 1413 8
5 672 974 10
6 3079 3572 6
4 2587 3232 6
6 551 3292 2
2 1290 3820 9
13 0 1751 4
7 224 3611 3
5 1487 2818 2
13 515 2110 2
7 584 634 2
25 1383 1626 3
26 2278 4000 3
13 1639 3892 1
1 411 2498 2
2 114 168 10
4 2730 2946 8
10 152 2235 4
10 543 2166 7
3 375 1336 3
8 38 1154 2
27 773 2069 5
7 2004 2107 9
7 205 1767 6
22 458 3284 7
2 1330 1507 2
7 1715 3466 1
11 1171 1968 4
2 84 1138 3
14 827 1126 6
15 1609 3259 4
3 511 2359 2
9 752 1797 10
2 620 2077 1
26 854 2940 4
30 1182 2694 6
11 3425 3638 3
11 829 1211 4
3 576 3716 8
10 396 1996 7
24 73 1689 2
8 1354 2720 1
12 445 2222 6
26 2632 3822 10
21 1980 3779 4
7 50 250 4
7 2620 2639 6
2 776 1731 10
9 76 3424 7
6 3267 3908 10
3 955 1554 10
27 925 2247 10
14 65 1957 4
15 2035 3721 8
20 3003 3793 7
2 721 1799 8
26 622 2653 6
3 84 414 9
4 2590 3578 8
3 599 2651 6
30 758 3704 3
3 71 93 1
10 521 1668 1
21 354 1349 6
27 737 1067 1
1 739 1601 9
1 502 2080 10
2 1255 3721 9
1 1201 2664 8
11 887 1943 10
5 869 3901 3
5 400 2197 10
4 2344 3231 5
22 38 82 6
9 1696 2656 9
8 793 3046 10
15 695 1425 2
4 497 3413 5
14 772 2739 2
10 376 2390 4
5 1384 2505 6
15 1644 2288 5
10 203 3279 6
5 1884 3850 8
7 2791 2966 3
8 13 2111 8
9 1756 2648 9
3 589 3584 6
13 1792 2728 1
1 795 3710 8
4 190 936 9
7 537 1075 8
24 1367 3889 9
3 2238 2681 3
4 2566 3639 10
1 622 1566 4
1 212 411 2
5 1275 2570 4
4 162 2031 1
1 223 341 6
8 769 1599 2
20 1690 2898 4
19 2568 3519 8
15 2237 3381 5
4 2155 3912 10
23 1685 2600 10
21 554 2000 5
3 119 703 7
2 42 95 9
10 113 2209 8
23 82 1438 9
2 65 311 9
1 62 1001 3
12 77 778 7
13 849 3864 6
14 163 2116 2
26 163 3072 4
26 620 3228 3
5 977 1910 6
25 596 2776 8
14 171 700 5
1 781 2300 4
9 938 3015 5
13 1972 3084 2
5 1494 2441 9
1 58 1520 9
7 1837 2861 9
21 1577 3724 6
6 236 1147 7
26 2003 3981 4
24 459 2109 2
23 348 3183 10
12 2597 3107 3
1 843 2664 2
1 160 1800 4
14 722 1373 6
3 1572 2147 1
1 240 601 4
9 1480 3319 9
5 1591 2463 10
3 1995 3366 3
22 557 769 8
3 1431 1903 1
3 332 1136 3
2 1259 2917 4
8 966 2562 3
8 245 1481 6
7 204 348 4
1 1706 1936 5
9 2274 2750 8
1 1663 2959 4
24 966 998 10
4 789 3973 1
5 1957 2942 7
14 473 627 6
5 466 1657 9
27 1886 3691 3
4 821 2134 3
7 1344 2882 10
2 2893 3237 4
1 1585 2057 10
14 989 2864 8
26 766 1237 8
9 1384 3095 5
12 682 812 7
1 2485 3877 3
7 1032 3861 3
27 1693 1781 5
10 257 1549 4
2 2974 3244 3
1 2346 3725 9
1 324 2397 1
4 942 2260 9
20 1466 3000 2
1 87 583 2
24 125 1765 1
3 157 2459 6
11 177 949 2
2 537 1415 6
11 1491 2019 9
1 327 1359 8
2 241 1015 2
24 634 2350 9
1 1044 2443 1
29 188 686 4
24 200 933 6
5 52 286 9
4 95 1693 7
2 1813 2741 6
4 376 3774 10
13 1155 1259 3
21 1105 2352 3
30 1889 3498 8
26 133 1882 6
7 325 2371 9
7 199 3627 5
24 240 951 8
8 1007 3108 9
1 1212 2652 9
15 377 2476 6
23 654 726 5
24 705 2815 4
22 1013 2443 1
1 298 1905 9
3 713 2508 1
1 114 1499 5
6 34 1544 9
8 472 1605 5
5 280 800 10
8 174 1213 10
1 43 90 6
7 348 1300 4
3 162 171 4
2 1991 3202 8
5 2577 3567 10
9 692 3620 5
13 1552 3196 6
7 184 2461 9
23 125 323 1
22 22 1747 2
1 102 894 8
11 1335 2318 4
24 611 2800 10
5 217 591 10
24 1801 2500 8
4 3315 3832 4
23 1863 2248 6
5 856 3310 1
9 2868 3449 10
14 241 375 5
1 24 901 1
6 870 3359 7
1 349 2430 4
24 1566 2512 8
24 821 1443 2
2 869 2886 9
27 1140 2174 3
10 734 1812 2
3 3501 3869 5
19 843 2492 6
11 93 737 2
24 29 704 10
24 85 552 4
10 486 3130 5
4 3633 3764 8
27 500 1100 1
5 1838 1898 6
3 1412 1473 4
6 438 2078 6
11 375 2071 7
10 1563 1658 5
24 1385 1698 3
1 995 2632 2
2 468 1557 5
2 859 2135 7
19 1808 1847 10
10 2294 3414 9
6 784 3165 7
4 3211 3567 9
11 1091 2266 3
26 1816 3193 10
14 681 2916 3
26 924 1171 7
2 1289 1802 7
10 198 1500 3
5 2498 3008 7
9 3440 3921 6
3 247 1885 1
5 2020 3951 8
9 268 296 1
3 156 200 8
24 1135 1692 8
10 348 1473 8
5 73 524 6
1 441 2059 9
5 1251 2818 7
5 486 938 6
5 1024 2055 6
19 1901 3400 5
6 3389 3906 9
10 369 2144 7
1 2705 3396 8
10 2619 3536 1
2 803 1112 9
15 1084 3775 4
15 1172 2586 2
28 342 1643 5
4 898 3456 9
8 2313 3944 6
1 54 2899 2
8 1015 3594 4
7 458 1133 3
13 47 966 8
5 648 1039 9
8 1818 2931 2
1 1237 1359 8
2 960 2145 4
4 581 3765 9
6 1864 3017 5
5 314 2061 8
6 405 2707 7
4 1462 1490 10
12 1665 2830 4
13 168 1346 7
27 355 1200 1
13 486 1687 6
12 1614 3886 10
10 446 822 8
27 210 441 8
5 637 3803 5
1 1477 3045 3
3 374 3926 5
28 1643 1728 3
4 420 1800 8
11 1610 2668 3
8 1280 3727 5
5 346 1518 1
7 386 2712 2
10 531 2298 3
13 1082 2719 8
25 298 2377 9
15 256 1900 10
5 2857 3352 10
7 2458 2677 1
23 86 2223 7
10 134 691 9
13 1859 2273 2
7 2288 3561 10
29 111 1203 6
6 47 928 5
3 189 550 2
12 2497 3953 6
20 267 3050 5
13 3 413 7
7 13 2497 1
27 669 1467 9
26 1256 2036 9
12 126 1866 3
9 134 1024 8
7 64 89 3
8 49 3138 9
3 1315 2445 1
2 589 2906 6
2 531 747 2
9 210 460 7
21 1282 2937 5
1 1297 2725 7
5 1564 3251 6
6 1765 3983 6
6 703 3439 8
3 573 1893 1
7 2 107 6
1 77 2923 8
8 2870 3500 8
5 2845 3919 3
15 194 2388 7
1 857 1240 8
5 1679 2869 10
12 42 60 7
