200
2 839 1356 6
1 339 1468 9
5 766 1043 2
14 271 1071 9
9 724 1489 5
19 392 710 1
21 4 442 2
13 36 1498 8
22 274 1589 5
24 1384 1533 3
2 115 1091 3
15 162 915 3
14 578 1467 7
2 50 467 8
7 978 1272 10
3 842 1336 10
12 653 666 5
9 487 1146 4
2 234 1633 3
2 360 1265 5
13 1020 1759 9
7 1575 1900 1
4 0 5 8
22 283 763 5
24 91 1327 8
12 465 1347 7
5 8 25 8
3 315 812 5
6 295 341 5
22 1690 1849 7
2 1399 1500 6
7 30 1611 3
18 52 1268 6
10 750 1986 8
1 52 310 9
25 129 848 9
14 267 875 9
27 10 1023 7
12 391 412 10
5 203 1216 7
5 447 546 8
5 263 1700 4
2 483 1802 3
23 94 540 1
1 507 1925 4
5 789 1232 2
14 881 1858 5
2 214 1302 3
10 1197 1802 5
4 487 1362 2
15 10 1086 5
6 4 11 7
3 39 773 10
10 152 514 2
17 567 1073 1
4 805 1300 5
7 97 770 8
3 1479 1509 7
1 762 828 10
15 62 660 6
1 114 1566 6
21 133 742 1
9 38 1583 5
11 619 1514 4
9 595 1807 4
4 65 100 4
4 23 676 5
20 47 68 6
23 219 1782 5
2 187 528 1
9 92 1555 9
1 458 774 6
3 643 1569 8
9 845 1804 2
1 484 1400 7
1 0 653 5
1 986 1174 6
2 350 993 9
8 1025 1476 2
12 921 1111 8
5 589 1028 3
2 18 1138 2
13 30 665 2
5 349 1111 5
5 534 1553 9
21 549 1730 2
12 809 1654 4
23 4 1629 10
3 231 517 2
4 754 1394 4
11 1048 1953 6
5 904 1171 1
6 1327 1688 4
4 104 1089 9
7 205 891 3
22 1636 1975 2
2 735 1041 4
6 8 682 6
26 396 1934 9
12 1362 1565 3
8 61 450 1
4 1464 1879 1
1 1090 1741 4
14 1441 1999 4
1 31 210 1
23 1139 1553 10
10 490 1187 9
15 1542 1715 2
3 502 1788 9
1 1396 1909 4
13 225 796 10
1 501 610 1
25 10 971 1
9 227 421 8
11 227 972 2
23 163 723 1
8 528 1347 5
15 528 681 9
1 54 1396 2
12 325 970 7
4 1474 1824 5
1 417 854 6
15 64 1534 2
14 52 122 6
19 11 278 8
1 153 507 9
1 757 2000 4
9 94 309 9
13 221 1200 4
12 219 497 4
9 364 1902 2
11 1563 1693 6
11 439 621 7
6 1105 1506 5
2 529 1548 4
19 267 1019 1
3 125 1342 10
5 227 389 10
14 983 1964 5
5 110 346 7
1 161 832 10
4 114 546 4
7 162 209 8
23 68 1506 3
5 738 1212 2
15 141 225 8
5 1627 1753 2
14 315 986 2
10 366 598 1
14 843 868 6
11 279 1695 6
13 30 48 4
6 111 196 6
23 1209 1380 9
24 372 843 5
22 562 1339 1
13 1167 1743 6
6 1717 1838 2
5 1763 1844 7
1 0 682 1
1 1638 1952 1
14 789 815 5
15 136 190 7
25 878 1607 8
4 299 485 3
24 265 334 4
3 1621 1827 4
12 957 1256 1
4 1824 1927 9
14 109 800 6
13 759 786 3
22 326 1939 7
6 778 867 3
19 542 1117 3
26 1510 1832 9
2 93 102 1
1 902 1124 3
4 1204 1693 2
8 1031 1818 10
15 44 96 7
25 733 1335 4
23 203 1127 9
6 533 1177 6
8 208 237 5
2 73 312 9
5 660 958 5
2 214 600 7
15 331 1453 3
23 4 624 2
4 905 1167 10
27 89 273 1
12 465 1800 9
2 281 1118 3
3 531 1788 1
25 297 384 9
4 1254 1430 4
21 1342 1631 3
19 9 1043 2
12 588 927 4
2 363 616 10
