50
2 21 382 7
15 90 170 10
2 15 100 5
2 275 500 6
11 398 421 1
4 157 266 9
5 29 181 6
3 40 185 2
4 6 481 1
21 8 35 8
4 10 395 8
13 355 384 6
10 219 434 1
18 56 149 4
26 87 450 1
19 109 300 6
15 167 323 8
5 35 283 9
18 250 422 7
12 184 200 7
4 296 405 3
1 123 131 10
4 254 341 9
26 394 498 2
13 53 117 2
12 100 331 2
4 47 160 10
3 208 424 4
12 59 349 6
15 199 385 5
18 116 273 5
18 178 265 6
8 66 74 5
10 95 356 8
1 124 465 3
13 35 130 2
21 12 58 4
18 316 369 2
2 80 260 9
15 54 154 7
4 108 351 4
10 207 477 7
7 447 472 2
1 35 75 8
13 159 213 9
10 56 122 6
3 117 264 2
4 103 153 2
14 0 14 6
7 113 227 9
