500
1 2.91 1.55 1.24 1.75 
725 4436
91 5485
499 8409
92 4501
870 9590
750 11510
715 1097
383 5566
776 10548
111 1494
57 9133
615 5070
464 4731
223 7389
421 12004
403 9459
95 11519
193 7719
721 10796
586 455
211 14261
554 5525
263 14187
954 7993
70 9770
327 10826
510 8014
430 13567
42 8733
770 896
855 2104
577 6829
869 13025
797 1022
634 6327
428 6256
636 4701
484 7370
515 9141
628 4843
412 11323
95 13784
985 4210
574 14635
334 4682
481 6198
424 5747
749 8157
363 13064
790 5663
725 5185
733 4474
770 7361
680 6774
813 12599
453 11449
76 7060
975 2252
118 11318
262 3665
202 10832
382 9567
422 6021
264 11994
604 13602
34 10023
605 10325
132 13515
36 14065
114 13144
869 10581
647 2552
249 6857
654 2203
167 9865
196 2890
105 10558
750 4704
185 11119
834 12283
521 12671
221 2866
540 130
489 2735
72 14822
779 1535
331 8873
940 4473
452 13693
776 2805
945 10895
128 10344
204 9536
266 1865
161 4186
610 10633
506 3156
227 9176
832 2734
757 7020
587 6661
589 7614
522 10927
606 7087
186 6753
309 13521
847 7759
192 13586
291 2548
727 10416
881 12248
539 2388
896 790
795 8157
634 5084
63 899
941 6475
945 14911
966 11782
728 6650
780 2825
230 9454
289 11909
480 59
84 7260
444 12588
643 61
967 14747
923 2393
971 6727
530 11987
412 12823
749 12863
237 12406
828 14995
830 327
718 13017
339 14818
924 4572
545 6617
256 4919
392 14986
90 4199
805 8456
577 12810
850 12298
669 970
198 13884
139 997
452 819
276 5315
205 6142
35 11444
290 10126
684 3335
373 3317
11 9527
146 843
704 126
568 7594
892 10659
239 6678
761 14961
9 13908
174 6499
311 9962
354 10810
930 3019
612 7133
496 8771
242 4476
177 7761
94 14892
15 5444
73 4706
531 11859
699 3558
903 6500
463 7867
13 11665
552 14483
32 10494
983 6623
253 10288
169 3060
241 4805
440 6843
799 8073
602 2303
992 10149
433 8497
503 11476
366 7210
789 4634
713 13986
170 12018
213 5165
932 4924
856 6648
86 3282
360 9996
584 10312
801 5926
110 4613
266 13719
795 509
552 9335
659 3605
560 9965
732 7027
776 2488
697 11665
400 10752
748 2669
782 4062
850 4699
881 9624
228 9702
590 1697
934 10527
269 11226
605 3844
606 10991
927 11683
683 10931
795 6112
662 9852
563 9060
376 12063
906 10930
665 11371
112 3813
453 6296
502 12881
996 14487
617 2206
441 3885
151 10427
109 8292
788 13309
349 4995
528 4129
770 13022
393 13261
395 6942
103 12322
181 3894
423 144
88 9238
681 2183
933 14168
66 2374
813 13993
202 7162
692 12341
323 8697
972 13628
953 14713
387 14779
438 11124
79 2808
965 6433
814 52
617 2908
470 6123
582 4714
873 14757
298 5149
275 11775
303 10220
392 12029
97 9726
933 9077
662 2997
806 2453
395 468
440 5719
899 3261
129 7991
292 8658
573 8272
458 2397
238 3581
467 14339
496 1805
354 11243
946 7469
936 10406
913 2461
463 3698
38 3468
915 383
155 12013
706 3178
571 9617
901 9491
882 14737
902 1814
828 14046
133 11222
548 6729
655 5250
845 605
162 1292
667 6710
787 9314
81 2736
132 10037
974 13553
216 8331
926 3780
373 11850
696 7730
712 2734
618 10320
384 4220
81 3446
499 6003
93 14416
816 1280
913 12894
711 12129
43 782
611 1761
335 3435
250 6553
315 1379
966 6252
674 10494
921 4333
930 2893
550 228
10 14635
605 6740
631 4292
475 11522
16 8212
257 14169
741 1734
349 8820
911 9898
155 12067
752 4689
986 11650
790 1412
605 2485
687 4740
60 4227
507 4689
205 13576
234 4767
987 3243
243 14029
695 14717
579 10143
849 9998
683 7657
510 11997
771 10976
454 9127
580 12344
78 4285
797 11808
646 12812
963 1390
299 8701
95 1430
749 10182
867 143
280 1594
246 12714
944 3536
953 965
449 9806
609 5725
474 9988
311 2633
53 5855
251 847
271 2581
698 2939
87 4684
257 14537
749 11983
242 2561
896 5443
801 976
284 3202
691 12384
315 3374
310 202
346 4374
824 3022
240 3562
999 9028
33 9673
808 10367
849 7432
346 14949
745 5803
933 5148
671 6785
246 14536
159 12506
792 4084
579 14630
653 12833
441 2835
389 2993
282 7097
715 1770
948 5863
942 14101
198 2911
184 3092
611 11467
455 8998
759 10334
401 5922
838 6062
870 13644
925 4671
873 7486
510 7837
766 1617
641 12509
981 13414
141 12163
180 11984
673 12302
328 2488
541 10742
721 14982
285 173
153 8549
785 6414
23 13237
469 3337
150 14012
264 14884
296 1945
340 12564
246 1621
383 13393
52 14542
51 2825
640 4530
442 13826
421 12623
48 3468
849 7448
403 320
823 1630
951 148
817 4814
60 9181
895 9432
497 5721
607 7217
267 6679
963 5601
67 12243
960 14489
252 6323
993 13693
983 10365
856 11907
823 14325
786 12731
392 13517
283 1471
50 6130
514 7168
532 4567
118 13879
125 3997
262 8428
739 7059
72 7174
166 5058
235 1216
315 8582
483 9636
962 7454
159 14915
280 10516
606 13860
870 9131
230 13159
689 9630
58 4354
392 14563
983 2108
76 3845
478 3801
50 12368
25 9600
183 7241
175 3831
283 6442
