150
2.37 1 2.82 1.99 1.55 
299 2356
191 2238
193 2557
24 2102
232 2974
219 4286
126 3700
140 2075
36 1542
132 3528
282 2085
51 3117
238 1476
87 4363
37 1806
268 3428
50 1619
129 3783
181 2847
96 1575
224 3895
67 2561
43 1387
101 3432
148 3998
228 3439
85 3151
219 2801
94 3137
56 991
32 1733
201 3174
89 3672
267 4077
108 4270
13 2835
237 2258
165 3196
159 3901
187 2565
198 3715
58 2642
238 4437
184 678
79 500
263 3952
229 774
180 4262
166 2635
165 3188
47 513
83 3520
109 3992
144 1752
58 794
80 368
39 2364
109 4353
220 1781
161 2809
129 4107
119 4294
165 3603
22 4328
97 3899
189 3507
278 3931
70 3876
12 2947
51 1772
12 3538
23 2845
103 16
216 3316
257 3117
245 969
10 1736
79 817
15 2764
103 1452
266 2745
197 1750
164 2001
193 2656
104 64
159 2789
149 4016
87 4356
54 1756
116 474
108 239
157 2142
251 1498
150 3638
157 1719
162 2559
206 1237
232 779
43 3961
20 1455
110 1581
106 2168
128 357
21 30
218 1616
278 3694
228 1486
72 3799
284 4308
232 3222
131 3716
205 4142
283 1929
62 74
101 115
51 1963
157 1782
98 2004
150 124
184 1267
75 2028
216 1560
38 1121
261 1397
88 1104
266 427
33 3195
65 995
135 2261
159 3964
60 1038
277 1824
68 2322
263 3094
13 181
96 4340
92 3214
152 234
220 4289
93 533
164 781
173 2763
175 1385
62 2062
134 2226
73 2241
85 2002
94 4103
147 1792
262 1075
