300
1 2.54 1.64 2.93 1.64 
345 2120
251 6293
196 3409
200 7723
562 945
31 3305
581 7630
298 8388
37 8949
130 233
178 385
544 8905
596 8392
588 2019
109 8095
407 1019
172 1881
432 8691
427 6017
448 2769
389 8013
445 7562
29 6776
412 1396
346 1189
452 3592
262 6156
312 33
365 1348
371 4540
337 2508
400 6055
295 6146
549 8040
9 1503
337 3292
551 4286
279 2138
452 6702
382 3191
388 3949
129 6720
501 1414
201 2976
426 8152
355 1677
405 4856
61 3799
291 3146
198 8657
346 866
360 3623
425 920
173 2154
68 2686
491 6997
57 3097
277 5076
534 2295
322 4779
189 8829
291 7155
159 7203
515 4832
47 6512
426 8138
527 5193
121 3884
44 3081
102 6989
42 1107
114 5133
33 2583
106 5011
83 6435
238 6277
557 5117
222 3351
210 2011
6 8947
284 3802
19 1403
421 7310
462 638
20 1292
402 878
483 461
516 7952
386 6153
58 6925
554 7561
358 8218
411 6637
521 8406
200 8237
78 5973
385 4524
6 3999
298 4047
518 3158
598 5528
142 8017
215 3566
84 7804
404 233
373 8335
41 3187
168 492
228 8115
155 7995
295 8611
346 4532
441 1002
208 7590
209 4258
171 1427
160 2089
56 2078
220 4944
12 4836
221 4549
139 3850
240 5241
308 5315
79 178
132 7697
578 1925
103 8564
124 4405
254 8571
315 5946
195 6673
455 6040
66 7025
486 5924
398 4632
250 472
150 4170
302 2331
375 6679
181 5550
161 2008
114 6013
157 2924
349 5853
133 2028
310 7262
99 3920
294 3400
199 3074
59 8857
346 7443
392 7472
484 2825
549 4425
84 6440
538 5275
145 6870
220 4809
317 1260
429 3906
249 1459
153 3318
70 5127
486 1161
519 5254
102 312
43 766
296 544
590 1992
288 7126
385 2276
369 368
64 8509
466 6643
101 6255
586 745
221 2850
317 3672
27 7044
151 841
588 3151
291 2346
433 5080
314 1695
38 7590
589 8422
161 4895
437 544
451 5321
182 4026
309 96
299 2599
219 6382
423 6942
200 1723
107 5841
393 8997
218 3501
81 7582
20 8758
471 7312
332 3997
443 2130
273 281
184 1690
392 2518
20 5294
369 4597
579 3329
563 2618
483 619
555 738
151 2680
296 6145
541 3733
435 3387
585 6173
31 6398
194 8089
178 4788
168 6817
17 2665
370 8163
487 1900
290 8502
586 6465
302 3882
45 5907
320 7577
153 2945
250 2877
154 6639
531 1670
108 3897
293 6683
248 3505
119 1601
73 5978
355 3624
456 6350
415 6529
528 2372
528 4205
332 86
514 3644
254 4818
571 347
252 3189
249 7866
402 599
587 245
276 3362
589 5572
378 2623
81 4994
33 6707
242 7445
134 4429
294 934
309 3894
50 5373
330 189
584 3228
186 8861
589 87
528 7840
443 6570
291 761
57 6699
107 8516
28 711
102 3984
371 7882
219 1065
166 3886
423 3123
555 4887
73 6786
279 3671
215 3686
479 6822
441 3691
388 679
405 1601
28 990
154 8551
258 4231
501 1785
369 119
428 2761
362 3330
14 5963
127 2710
410 4473
511 6496
400 471
424 3005
324 8206
269 8280
