450
2.51 2.42 1 1.18 1.75 
546 1138
259 7229
660 3598
6 3211
39 9871
143 9016
332 6398
890 5827
470 914
718 8582
760 1367
385 1895
187 9143
327 12417
587 8572
288 11448
24 9308
204 8691
406 195
448 4227
669 5903
881 12132
242 6665
379 5994
153 601
312 11545
259 8005
66 7891
119 7445
476 1250
569 3048
463 8352
510 7433
326 7316
175 9846
430 4576
233 2785
856 2714
894 4223
528 3211
623 5970
360 6075
599 3115
741 6148
321 10471
598 10343
141 12895
87 6447
412 11830
507 119
256 10240
652 4221
73 5186
526 1690
13 2158
657 2017
63 1318
120 3655
757 155
615 2699
811 7378
834 6644
654 10876
540 2908
420 4185
151 8428
205 9400
805 5686
577 2572
502 8626
139 3589
325 6918
708 3899
769 12949
661 631
615 6141
302 11946
713 8742
852 9909
783 10647
55 12657
78 3615
780 6728
680 8387
457 2543
254 7569
706 2423
823 10514
794 4610
85 10002
699 3654
352 284
395 12523
651 864
251 13337
91 5163
308 3467
609 1570
373 10972
759 470
151 10416
687 5016
557 1752
613 9480
111 4122
753 3404
731 11707
234 4557
555 1776
347 3908
788 6810
420 2429
471 2426
696 11400
592 6742
797 11439
423 8679
876 58
214 10408
322 8101
235 8000
588 8942
819 11772
808 8784
659 4122
337 12050
9 10805
100 9063
624 11555
57 10077
462 997
419 6902
141 520
112 1987
138 11610
126 8162
234 11081
33 10792
751 2362
108 1784
683 11476
884 13163
519 6021
568 9533
226 12692
76 6264
391 527
257 1858
689 6361
764 4545
568 5720
198 6623
227 12405
221 6600
709 6909
353 3353
723 8323
575 10083
518 11898
361 8392
468 11426
419 1101
475 10734
269 2201
13 8765
334 2606
74 2810
348 7354
117 2426
489 3476
469 4397
802 9859
8 9709
839 6062
324 8536
71 217
421 5598
605 564
185 8609
119 10881
31 6872
201 13436
558 9209
233 2260
65 2052
891 10601
557 5698
463 4022
294 5682
773 5874
711 7009
515 4751
285 4263
740 12003
773 10361
42 2657
268 6696
277 4328
635 11057
574 6065
844 5406
100 3640
221 11776
81 13081
880 11250
819 982
551 12318
380 8766
160 2564
780 12206
93 3783
342 5807
643 10181
495 8020
210 1851
381 743
184 3575
471 10059
432 5140
482 7273
460 5818
218 2092
223 7704
813 4203
40 7415
408 3305
708 6072
750 717
295 248
532 4213
849 8080
888 3081
741 9952
702 5230
263 5909
112 214
625 6136
91 10895
687 8388
229 11682
11 85
603 8968
550 5093
15 907
678 791
782 328
416 4201
458 2763
11 4667
133 5329
499 7009
861 11405
743 10345
846 8086
599 2839
820 4935
506 393
230 11204
29 7713
232 322
830 10377
77 8372
434 3105
251 2185
582 4905
802 8631
175 8745
750 7667
98 8185
331 7705
717 11480
578 9339
698 202
366 13370
37 4975
804 10844
308 11361
223 299
388 3469
895 2374
454 4713
587 9244
324 9798
240 2658
395 10624
534 1530
474 10912
67 10813
370 13386
398 2216
530 3376
95 8921
510 2205
57 13075
650 9716
758 8055
659 9531
723 8769
335 5668
462 2381
51 10494
524 2769
449 2914
587 13412
265 12491
799 220
531 11732
453 5990
512 10024
843 12003
433 9148
606 7682
241 5721
159 11857
457 5846
857 9358
57 9826
5 3580
582 1707
512 4664
709 3725
318 125
563 7141
48 13209
502 905
647 247
586 11590
769 9938
881 11550
441 11881
29 5165
80 6012
725 12155
357 2801
104 12204
773 10250
690 1807
668 11223
54 7256
698 947
239 4439
29 11632
431 5195
298 5732
176 9201
459 2968
260 3765
230 5617
851 12646
114 6438
16 12208
180 2662
34 10298
860 11503
174 9261
480 4452
181 46
694 10981
760 8770
31 13281
360 3658
436 9353
503 4010
658 5978
68 10839
539 7878
434 4911
502 2111
294 4762
414 2034
588 5380
129 8706
359 5227
816 9612
364 1869
806 6743
726 4996
413 11134
437 13216
850 12828
279 10360
156 4860
198 3528
320 2195
343 1089
795 4569
258 5287
472 9913
486 3533
273 6591
412 6503
199 3123
764 3583
732 11947
171 4605
426 12181
61 8223
574 4401
573 8317
518 4709
371 5003
533 12894
533 5889
237 4488
386 10526
343 1680
183 5442
856 8252
777 5241
845 8439
240 3611
170 3872
22 6507
753 1867
762 1959
821 6947
497 4638
96 1897
872 740
500 10739
728 13042
818 3829
548 556
452 2985
827 6922
294 1728
792 566
467 2168
408 13117
28 2606
496 2501
765 5139
143 3509
796 2853
165 540
221 11286
362 1198
720 8062
271 5196
399 13252
358 7117
481 4829
566 2894
86 12094
151 9337
519 6251
458 12492
683 6989
198 4625
252 11434
