100
2.95 1.3 2.65 2.63 1 
99 1181
59 1928
38 717
147 115
191 2009
121 1265
161 1813
109 2753
112 705
96 1763
145 2326
112 1944
23 1721
81 99
84 2756
190 2097
133 1704
198 2556
40 943
99 2185
197 229
108 517
131 2572
108 2993
160 662
159 474
92 1343
193 730
112 34
30 1251
84 1914
23 1203
142 2453
132 1275
63 2885
46 506
176 1694
69 2410
60 150
107 1034
32 282
118 991
108 564
22 2666
31 368
195 2932
174 876
40 1541
140 1568
187 378
190 439
133 670
14 2340
164 1027
127 674
121 2614
25 1642
8 1856
10 559
183 1657
28 2480
112 134
158 1738
179 1637
148 2854
56 925
141 362
109 91
122 2235
43 167
114 2722
108 2135
162 713
151 952
40 350
19 551
75 2379
101 373
114 1701
114 2407
5 2345
170 461
200 1881
14 2458
173 504
54 961
167 69
32 2665
104 1042
45 1490
172 1259
175 2724
32 957
171 1675
79 434
123 756
148 1780
147 767
164 882
51 2503
