200
2.84 2.6 1.24 1 2.72 
215 2985
319 5162
67 3669
112 3551
216 3689
229 1189
199 2048
95 83
298 5167
174 991
215 4097
175 1636
114 94
326 220
236 1835
331 4416
198 1720
120 790
159 59
299 1538
377 5312
338 84
46 241
355 2537
388 2363
377 1179
315 287
195 3193
397 4624
129 2433
238 4393
138 5325
358 4443
192 2590
16 5328
354 654
354 3221
123 2120
105 1723
104 3299
321 4227
62 2436
205 403
372 3480
195 5806
46 441
312 961
273 2640
255 1942
307 5783
318 1867
356 4791
399 3014
36 3223
54 4772
368 902
145 2277
357 5886
184 4147
171 5748
343 5091
248 804
116 2522
133 5950
400 3953
258 2677
399 3162
165 2257
145 2301
74 3287
106 1335
238 3056
380 53
215 3298
37 3647
61 2087
170 3123
289 2347
93 4169
308 3269
61 2153
249 5386
148 1492
51 2230
262 1816
290 3985
44 5578
11 3627
252 533
326 3014
216 224
110 4411
257 4465
158 2811
200 3850
138 1620
390 244
181 5011
220 4534
165 3370
288 819
189 1791
381 4969
191 994
192 5614
271 2376
38 5244
11 1973
244 5288
187 1168
6 2157
322 5267
59 235
64 1944
71 4235
36 1051
97 4098
230 2729
326 4346
283 1522
258 3528
230 1965
59 1747
204 4089
361 5778
275 4560
182 484
379 863
320 1471
120 5155
242 4625
218 5605
363 4892
42 5371
135 2920
338 2068
149 5608
344 4975
391 3981
298 1276
145 570
279 4055
66 984
72 2115
143 976
217 5905
76 5702
117 4758
87 146
314 642
245 4276
95 4534
390 3229
219 4439
306 5295
351 2089
323 3835
256 2478
121 4185
62 522
202 2406
175 1640
373 3434
379 4613
290 3041
289 5959
100 3307
246 4698
357 4291
80 4999
39 525
211 29
212 2652
386 4473
133 987
286 5066
113 5918
371 4638
276 3411
280 1232
158 4903
172 5259
9 1721
98 3225
57 4393
162 4613
282 5146
309 3255
169 1165
308 2793
144 1964
118 682
320 5070
191 2378
44 5716
185 4965
312 5861
262 3364
312 4302
293 3411
