350
1.22 2.58 2.81 1 2.21 
614 5949
400 9884
79 6719
251 3605
508 1782
173 8860
307 1655
638 8766
523 4828
547 3679
391 4917
517 7990
651 4815
650 1959
585 528
693 1199
22 5230
499 5181
32 6243
582 8700
166 661
666 233
75 2158
302 8751
31 9693
108 9694
312 1747
488 6816
398 9884
517 6408
179 7525
658 5664
91 7075
89 2885
382 10335
131 4675
172 7459
491 6500
25 7233
449 438
378 452
229 1544
217 7219
227 621
43 3366
16 2387
619 634
460 6379
359 2046
221 8008
176 5865
608 3590
346 3444
603 9740
537 3442
359 4429
304 1674
42 6679
375 2312
216 3092
499 7123
273 6037
96 9408
389 1630
584 8110
21 8478
248 5510
664 206
307 9962
600 3448
671 9370
637 4212
426 3622
570 2697
54 8882
64 5232
500 9140
66 1053
633 8630
481 6466
358 6479
641 10029
400 5502
367 10036
683 1120
630 8730
461 5261
560 5671
364 8012
605 10361
241 222
351 9785
637 10187
38 5717
652 614
161 1562
653 5597
50 2957
481 2761
41 7093
82 8390
109 335
680 5451
526 4328
609 4582
87 2681
533 4688
454 3828
462 619
377 8534
78 3831
372 4806
266 3803
671 8478
25 8129
566 3488
693 840
405 4184
201 10170
15 8366
403 8876
59 2173
351 1912
550 105
12 5402
49 5124
324 2155
143 1961
11 5647
576 5545
361 6454
133 4718
678 4420
160 5738
330 8005
449 1018
421 5004
493 2888
513 4650
578 10382
219 3429
534 7715
147 4652
550 9855
631 615
36 37
506 1091
289 8743
194 1607
37 6
434 870
289 2831
598 5314
408 5069
345 6576
334 3144
64 2455
441 10397
442 6803
371 3555
485 8466
134 10424
540 10245
494 2715
628 5371
478 899
306 796
572 2048
660 5298
29 5031
453 7198
49 6160
592 4283
277 2547
523 5100
422 8365
18 4366
544 2357
640 788
239 2918
276 8854
633 6269
224 3192
655 3294
503 5382
689 9754
61 8730
230 2134
335 10302
196 217
525 7743
434 1774
415 1995
175 7262
629 3517
100 7489
148 9934
578 1433
122 10483
160 139
541 9725
222 893
666 10118
483 3670
526 8932
497 421
191 8277
432 3735
73 8116
465 5564
456 3344
478 7402
185 4571
303 832
592 4968
439 10235
609 7100
399 973
139 3297
126 9180
649 2657
78 3022
240 2881
222 2392
356 9117
38 7203
438 6172
641 5553
593 1484
652 7866
116 10413
331 10037
559 1517
263 7703
191 10326
278 9697
541 5134
489 7015
257 4512
106 10444
433 3114
567 10105
92 4667
625 9836
666 3284
590 910
540 376
251 3457
444 5257
104 8006
370 5143
82 2670
151 6611
71 10261
690 4337
534 7773
310 9296
588 1893
432 9873
195 6403
234 6001
585 10489
12 5794
509 7178
511 486
539 2087
81 4820
336 5853
575 6332
605 1166
283 7581
610 5051
261 2268
587 5478
608 8775
342 6619
163 8160
465 548
574 959
648 1113
154 5554
351 4678
75 3626
470 164
382 10343
86 2841
261 5963
690 2564
393 9680
45 3525
416 9282
592 2504
369 415
576 8408
381 5080
443 10471
549 10464
514 774
653 8170
319 1324
573 5515
434 9293
325 1088
603 8502
442 446
318 9602
607 1588
115 9293
431 5129
358 5427
140 4255
696 5050
370 5563
248 959
633 3832
337 8938
474 3472
280 1166
368 4857
293 8039
39 6199
408 296
276 4603
46 6135
403 9417
556 277
407 6548
430 6316
347 5544
565 9776
455 228
49 5501
615 2502
161 8497
532 2598
599 9724
519 4736
158 9487
423 4915
362 6367
644 60
453 10179
667 2939
423 7160
689 7268
700 7200
260 7832
386 10361
134 9164
372 6889
