250
1 2.94 2.59 1.51 2.84 
455 1751
339 652
293 6255
306 1220
189 2509
402 524
361 1965
45 1550
470 7073
116 16
443 5501
178 896
367 5863
101 7494
189 6203
203 3171
353 6322
429 6283
277 5063
65 4439
383 6864
313 5210
172 1369
285 5218
500 3309
7 4460
359 5646
55 3078
200 4776
120 3498
411 6983
265 441
255 2866
408 6743
6 377
230 2510
122 3367
446 4759
392 2734
26 6756
109 7348
125 6250
250 99
267 6249
239 6772
225 3015
491 4251
434 5570
115 742
193 446
243 5166
14 1231
213 6622
47 6257
283 4716
173 4099
477 6541
115 4697
69 251
194 6029
361 7362
67 5063
348 6413
62 5122
245 1575
443 114
48 6543
275 933
411 7424
469 1457
111 4384
499 6431
262 4456
283 3387
129 608
386 6462
182 5733
301 6283
368 5344
286 2948
263 399
344 5599
210 392
99 1903
499 5100
398 3749
78 139
296 3430
217 2878
387 7432
434 2354
454 5312
350 6689
295 4026
146 4315
156 2940
276 6353
341 6744
324 5607
57 3506
405 5627
277 1396
12 2934
39 2211
192 925
445 3417
132 2627
258 6573
149 2023
265 5254
282 1466
30 335
5 5872
366 2328
425 6264
113 1516
295 4908
485 1946
476 2382
428 6390
378 7379
118 6075
405 3217
443 7383
404 6908
217 69
357 1796
86 2481
406 4632
138 415
66 2796
495 326
222 6743
233 4066
497 1340
370 1511
298 764
72 1792
490 1630
198 1685
345 4143
344 1714
273 1421
63 6899
291 1960
20 4341
436 3074
192 5316
468 6506
274 5273
200 1191
481 6215
7 704
454 962
134 2629
420 179
120 7169
448 1847
333 612
275 1679
440 2019
327 413
47 4514
492 4709
33 4250
278 563
331 5079
69 1314
335 3573
211 2908
173 7224
23 1544
154 2678
10 3509
230 2105
161 1448
389 614
308 6637
122 4338
183 1926
6 3440
362 4714
156 1132
151 708
142 665
130 2741
437 2163
172 3205
68 3551
296 5045
218 5665
156 1038
17 5247
291 1738
63 6077
371 2342
346 1865
187 5599
221 2436
302 3186
447 177
152 744
373 125
199 4037
212 1706
351 4144
289 4346
201 2610
36 1266
184 5712
33 1943
318 3335
46 2599
336 4564
443 2806
241 5878
81 993
424 7055
142 5357
302 6254
482 1366
208 2659
61 7015
250 6915
308 5902
62 4650
116 6828
298 3563
368 50
233 2741
86 2003
198 4902
301 152
465 6023
303 495
229 6642
142 6572
206 6054
206 1238
344 4435
409 3321
293 2303
271 173
308 2911
474 3528
382 6234
321 3182
154 7268
85 2311
400 2912
