400
2.55 1.84 1 2.76 2.93 
779 988
436 5455
306 6330
431 670
369 7086
276 7276
223 7634
404 9517
800 6395
588 8087
144 9589
505 14
560 8293
712 6242
376 11925
615 7528
210 1713
688 6273
605 2094
23 6330
382 9866
311 5029
782 3254
215 2029
261 6278
745 4977
482 6217
262 4235
235 2088
435 5756
765 5772
424 7878
537 6262
162 5121
265 11016
431 3800
221 1803
340 1246
102 10889
797 5440
727 10021
118 5791
656 4268
273 7656
325 400
332 2754
404 5981
692 2603
410 994
123 4584
765 8612
355 6928
546 686
170 2098
408 10878
560 10223
400 4247
127 10578
356 10393
18 4016
716 3159
621 4196
194 10552
193 10548
310 2649
552 1697
779 5791
321 4136
550 6393
717 10667
240 4468
408 8510
745 553
30 290
38 4690
764 10935
793 2011
527 1975
91 2191
533 2379
458 131
777 3733
147 10312
240 5093
354 11061
745 7601
465 8231
53 3359
444 9518
296 9354
251 7484
422 9305
784 9879
151 7180
43 10810
33 6675
788 6060
149 3230
585 529
567 4579
251 8529
47 10457
648 6501
84 364
294 10133
669 9532
414 11924
432 10999
682 10203
341 4156
335 3417
209 1471
553 4835
302 10499
455 7922
670 1862
681 8982
258 1252
720 6967
499 749
212 11941
528 5059
758 2498
143 2326
734 9773
359 9687
79 564
742 390
463 7168
410 391
523 11265
187 1017
526 3091
748 10174
108 1885
506 7047
238 687
350 4336
285 3931
194 7537
452 11074
260 1799
724 2124
783 9340
175 616
279 1132
118 2232
81 7593
258 8158
446 11712
765 3072
563 6234
488 10287
242 5800
100 9372
69 10606
585 9534
747 6136
411 10290
528 1254
511 5796
127 8609
54 7944
218 3326
163 7183
700 380
583 4551
527 3563
620 1737
188 4220
209 3281
707 11552
445 1693
305 1113
773 3238
294 11863
738 2267
314 188
30 8936
580 134
693 1368
709 3141
243 929
337 1131
621 7787
421 10293
675 4256
631 7086
486 8718
760 7547
521 6427
703 2814
51 8649
611 4842
11 10770
314 3824
698 4881
105 10248
247 2145
720 2123
445 2342
469 3899
426 1741
38 3560
737 7695
194 11317
209 7105
687 11555
221 4910
473 2171
710 3146
735 773
604 3124
455 1716
391 568
510 5293
526 2924
264 7565
333 11452
391 473
340 5906
336 5346
170 9324
123 4995
496 8166
41 1814
64 1702
497 1951
167 2395
575 7524
757 11438
625 1608
220 5148
82 6839
439 7900
540 11424
137 959
29 7700
579 2267
636 3531
755 971
34 10002
442 11485
24 9039
295 10330
28 7562
437 7279
128 8767
351 11757
450 594
151 6995
684 11046
132 7946
653 1314
755 11931
264 6145
622 6873
123 7187
245 5448
296 10061
193 4976
597 8442
657 5769
138 7143
218 10696
223 7952
471 7641
666 10020
393 6222
756 11366
726 7124
633 7692
654 2108
69 3648
283 9357
636 8566
752 1078
329 8735
133 5789
648 3913
249 8689
60 1573
747 119
217 5848
670 917
588 5677
367 2598
132 1815
494 8550
169 4862
510 3072
334 686
468 401
754 5151
721 4626
517 1289
345 9820
7 144
786 4903
127 22
416 7664
790 8430
560 11580
665 10966
798 10531
612 4045
740 1731
492 10441
611 1593
77 2094
379 1131
97 1574
137 453
46 5585
360 8409
498 8256
410 9001
218 391
498 4447
155 9208
143 3430
189 5349
159 4157
427 8587
769 11042
305 3948
433 2128
796 3229
498 8311
351 8117
731 4601
134 8519
410 5112
193 4950
645 2877
716 2322
150 2810
333 5458
687 9309
514 1160
727 7158
636 1737
184 5797
706 3603
676 910
546 786
746 4045
94 3967
118 7366
367 56
681 753
309 4311
432 370
667 4695
566 7257
173 9930
535 10214
454 8186
665 7189
572 5569
464 3777
329 7093
460 591
501 8520
539 4043
240 2283
293 10246
479 7404
263 11980
494 772
373 10338
759 7713
519 3509
235 1037
480 7990
521 11831
60 3366
661 1781
592 2377
283 10690
638 2469
195 3260
534 6603
61 2638
71 10390
325 1919
195 7306
167 2495
670 2562
217 5084
75 6142
248 5098
298 2720
742 4422
376 8242
81 7341
771 6319
630 5263
321 7574
740 1124
