150
1.9 1.71 1 3.38 3.22
12 40
13 0
13 63
13 20
8 132
13 56
6 33
8 122
10 69
15 59
14 154
10 137
7 69
11 127
13 45
8 32
11 68
15 104
10 97
14 29
15 11
7 102
14 98
15 41
11 136
6 57
15 103
14 43
8 48
7 102
6 75
14 70
15 105
15 13
15 153
8 81
10 6
7 152
15 92
12 52
7 153
12 90
7 31
15 2
8 122
7 32
14 2
14 59
6 36
15 112
6 111
7 104
15 86
8 28
13 53
6 106
12 121
12 133
15 43
10 114
10 25
8 16
9 17
6 109
7 75
15 43
10 71
12 152
13 75
10 6
12 142
7 29
7 116
10 5
6 81
8 54
11 56
10 18
7 154
11 107
9 23
12 44
10 7
14 68
12 94
12 38
6 57
9 93
11 133
8 6
12 123
6 62
14 121
9 85
9 118
10 103
6 4
14 108
13 109
7 107
12 59
7 41
10 2
11 137
7 43
7 45
13 152
14 62
13 48
6 54
13 58
9 97
10 149
9 84
13 14
10 19
12 118
9 95
7 53
10 40
8 121
13 9
8 1
15 55
12 7
7 135
9 16
11 77
9 113
12 71
12 28
15 18
9 65
13 151
11 107
6 61
9 82
14 152
9 56
12 84
8 73
15 50
15 9
10 93
12 90
11 105
8 7
7 141
9 52
11 146