200
1 3.79 1.94 2.47 1.42
12 262
8 242
9 181
19 46
9 83
8 48
15 29
13 100
18 108
16 16
14 138
12 167
12 13
13 27
16 131
9 164
18 74
8 256
10 111
20 245
9 162
12 154
10 115
16 113
10 215
10 51
12 266
8 245
18 62
16 9
8 39
19 260
18 54
16 118
12 128
20 112
13 49
15 66
10 188
12 1
19 154
13 231
20 156
13 146
12 230
19 5
13 94
10 149
9 248
10 135
16 225
8 216
17 6
15 21
12 121
15 61
8 77
18 109
12 236
8 75
16 208
20 183
8 210
12 201
19 61
18 115
12 107
9 165
18 12
17 25
11 79
10 33
18 209
10 223
13 213
12 172
13 63
11 14
20 74
10 32
8 128
18 111
15 15
16 187
10 17
18 207
13 118
13 25
16 3
8 118
16 248
12 9
13 55
17 245
8 154
14 90
14 28
20 47
15 206
9 200
19 212
13 117
16 87
20 142
14 131
9 15
20 71
14 34
14 54
10 156
20 269
20 35
18 44
16 228
13 263
19 183
13 18
12 219
12 233
10 247
20 18
13 101
15 20
15 226
15 95
13 60
8 263
9 24
17 1
17 213
12 79
11 187
17 136
11 208
18 106
20 266
8 74
10 57
18 126
16 210
14 75
13 173
8 40
9 121
11 243
19 66
18 171
17 33
11 243
19 209
13 202
17 7
11 96
9 132
9 172
15 105
15 226
10 119
13 225
20 51
9 176
14 128
13 1
16 216
13 256
18 214
15 211
20 80
17 204
9 29
12 59
11 65
15 244
12 1
13 0
9 146
8 69
15 250
12 207
18 226
18 234
9 78
10 206
19 47
15 204
14 133
17 111
12 1
9 213
19 51
9 3
12 83
17 14
9 108
12 22
12 266
8 270
20 196
11 263
10 136