300
3.27 3.81 3.22 1 4.0
29 261
26 114
28 6
16 499
28 488
24 287
29 505
20 489
24 283
30 471
14 232
16 222
14 86
25 498
18 57
22 1
27 261
29 536
16 593
28 447
19 484
17 202
24 590
29 369
21 448
27 610
16 252
14 536
29 216
18 519
13 452
26 222
22 536
25 380
13 185
26 19
18 436
22 332
23 476
28 153
16 165
25 68
22 491
24 551
15 147
26 38
25 285
28 50
15 508
15 539
25 425
27 482
24 293
18 258
17 458
20 601
17 568
29 306
29 624
16 157
21 225
22 50
16 240
16 489
18 136
19 109
29 146
27 60
13 131
13 557
21 445
29 583
30 156
15 100
12 499
28 74
23 123
17 235
24 307
18 217
27 31
28 371
12 87
12 602
25 558
20 116
13 530
24 232
22 205
29 339
17 328
30 593
26 1
26 336
28 217
13 338
13 431
18 179
26 59
24 419
28 514
16 129
22 260
28 387
15 563
21 152
12 565
13 514
23 421
15 426
30 335
13 278
28 433
27 426
29 268
29 410
13 162
30 363
22 145
18 338
13 533
23 314
13 140
25 321
12 10
30 504
15 226
19 542
15 244
28 17
24 237
26 210
16 569
23 529
25 375
16 133
19 486
12 526
21 29
18 449
25 344
20 288
13 451
27 562
29 67
28 241
27 459
24 495
21 221
23 117
20 353
16 455
14 8
19 414
19 263
25 199
12 250
18 203
17 577
29 318
27 463
17 210
17 98
13 79
27 184
25 150
25 550
16 389
22 472
13 72
19 438
12 469
15 51
24 586
20 273
15 145
29 202
19 520
16 87
12 418
14 497
28 0
27 188
12 102
16 530
15 24
19 222
24 165
22 386
14 453
28 2
16 561
18 600
14 316
23 402
30 457
26 70
21 42
25 370
27 610
12 470
25 546
12 223
18 127
21 464
16 413
16 245
13 471
26 151
13 327
13 183
19 521
19 130
19 321
29 487
24 468
12 576
23 610
27 123
27 306
26 495
20 358
26 237
28 489
22 47
13 603
16 507
27 426
21 106
17 217
20 433
16 122
28 344
12 24
15 275
17 96
24 208
13 509
14 202
19 610
18 413
24 294
22 225
16 562
25 263
20 527
25 116
21 269
23 488
16 253
26 536
16 620
28 546
21 119
12 124
17 563
23 211
24 506
27 100
21 69
17 80
26 265
21 65
18 586
14 210
12 586
26 532
30 595
28 623
26 287
29 374
13 184
23 488
13 106
13 137
12 527
14 345
26 375
20 44
23 289
16 28
13 348
18 164
23 466
12 195
23 261
23 522
26 249
16 491
24 282
22 264
17 43
18 399
30 442
29 606
19 51
20 161
12 518
29 19
28 225