500
3.47 1 1.29 3.01 2.76
25 1604
50 542
30 1289
27 1117
32 433
24 546
43 994
26 594
27 1469
50 544
42 1649
22 694
41 280
49 986
37 1310
36 980
23 1437
26 1450
37 1352
47 155
25 322
21 568
28 1315
50 1305
28 225
38 975
41 728
50 198
36 767
24 1530
43 1622
40 1719
45 228
37 981
44 932
50 743
33 301
41 1519
26 497
49 70
30 1001
36 1677
43 704
37 743
25 1378
25 313
48 699
23 196
22 1047
46 1083
44 719
41 1574
47 1716
20 1277
22 530
28 298
38 1046
47 39
37 1413
28 746
30 1167
36 483
25 1035
30 1238
31 56
43 1451
21 34
27 61
25 1547
20 696
28 869
23 1115
44 1593
24 500
22 1390
49 817
33 55
34 1682
22 1529
30 1188
21 1644
42 1662
37 1570
34 977
50 1061
22 140
25 1635
50 1693
48 166
35 593
34 1599
34 571
48 1566
42 326
24 63
39 1678
34 386
27 1086
33 1166
29 18
49 1461
29 994
41 296
33 737
23 255
32 90
47 931
27 1024
22 474
31 1697
24 356
42 182
21 9
36 659
44 1050
29 352
34 1258
33 551
47 941
47 538
25 137
21 623
29 377
27 1611
50 575
45 1061
29 957
42 1538
44 1241
44 1314
29 1164
45 1083
37 767
35 690
43 498
39 1060
49 1326
37 178
24 1627
45 1009
26 1595
42 1075
43 801
36 1331
20 792
29 1660
25 497
38 893
21 997
22 1200
27 875
49 1640
25 798
45 1419
41 1284
36 176
26 1201
37 766
27 1352
23 1467
26 742
43 1093
24 1173
38 431
28 531
34 1187
26 1230
35 1586
21 1498
24 824
43 1579
29 1452
36 219
45 398
49 1570
23 1304
35 417
46 1315
41 152
31 738
21 927
26 917
42 672
25 681
25 1030
25 13
21 291
24 1195
21 1644
42 490
22 241
20 1721
34 643
31 1185
50 23
40 1033
46 1466
36 473
26 1717
34 1184
42 1670
26 1013
50 1331
27 1479
36 923
37 208
46 735
48 642
48 628
44 669
32 1331
21 1010
48 937
49 582
29 570
50 492
38 146
34 387
22 1360
29 1549
30 786
31 21
38 757
25 939
23 1678
43 675
26 244
31 362
35 1251
20 1350
34 1186
32 1715
27 547
22 1672
31 248
25 408
38 862
23 166
49 822
39 1680
36 91
31 146
40 1461
42 831
38 1167
30 943
47 1541
34 60
35 108
40 1071
47 100
36 1628
49 128
31 1488
22 1056
29 1684
25 1259
22 612
46 521
41 1095
33 1337
30 1379
20 362
36 680
30 262
42 903
42 1034
24 1209
39 20
33 1124
23 925
41 360
44 275
36 1037
41 148
40 849
48 830
49 663
44 416
45 745
45 1362
31 1711
46 1207
23 971
23 1
37 310
25 901
50 1375
32 932
29 179
37 248
36 1157
27 1176
34 1233
28 895
20 773
41 399
44 873
24 1504
34 1345
20 556
50 948
31 624
40 780
25 294
31 1076
43 1317
37 205
38 650
45 1075
49 713
24 1601
44 504
28 1616
26 798
36 142
50 363
35 552
44 338
21 263
20 1403
45 254
27 963
27 277
36 1195
25 196
35 1628
50 842
24 1150
50 1402
45 1085
29 773
46 1182
30 1046
42 598
33 1163
46 456
29 126
41 1130
36 1251
28 1467
31 377
30 1320
42 396
31 516
40 494
20 544
31 393
40 741
50 1579
31 461
23 58
24 1163
47 1500
26 1120
27 915
43 1374
23 811
38 1124
36 171
20 961
36 807
32 563
40 445
28 251
32 313
26 793
42 519
22 1414
27 1377
48 462
21 1610
37 1025
24 1525
28 1112
34 842
42 1689
23 1113
31 512
49 1050
22 334
45 1569
32 1709
30 20
37 1143
45 898
35 30
49 452
46 1084
46 1448
32 263
27 617
45 636
50 761
47 689
34 699
23 1496
29 1677
29 1577
37 1161
23 136
25 279
49 661
30 1244
40 507
36 1130
41 1121
45 216
23 1558
35 689
31 1687
35 1062
27 1175
44 836
43 451
46 58
20 1262
25 1700
31 1482
43 178
27 143
41 616
25 1203
40 1212
22 554
34 751
20 1392
29 322
50 758
24 1437
24 1622
31 1599
45 840
32 1197
41 1498
44 350
23 1618
26 460
33 1532
30 1136
23 416
47 68
32 1147
47 1219
40 956
32 929
41 178
24 540
20 847
46 1458
39 63
27 1494
38 366
48 436
39 1038
42 1173
41 326
25 724
23 771
43 156
26 1539
34 131
28 1348
46 694
44 1026
25 1549
39 1061
36 126
45 214
35 113
36 192
46 210
36 1708
21 542
37 490
24 94
38 181
48 419
50 214
32 435
29 339
35 512
27 454
26 1022
37 1035
42 631
27 297
32 288
25 1288
29 864
33 513
37 1557
43 144
47 1560
23 100
38 431
28 975
35 1556
29 1000
46 815