450
1 2.1 2.17 3.06 1.23
25 914
20 818
42 702
21 1053
29 839
38 1222
28 1220
27 489
41 1314
35 1035
28 319
19 914
38 91
27 831
26 828
19 283
40 448
37 426
32 393
32 35
20 301
24 1018
20 752
42 883
42 164
40 677
33 353
24 573
41 1305
29 692
32 626
24 771
27 11
36 648
41 675
41 1053
23 180
41 1225
20 1016
35 391
19 772
29 1251
33 945
41 547
43 1239
38 393
45 456
44 927
24 937
44 1331
31 966
35 821
24 141
43 1028
19 1309
44 797
39 725
40 754
23 78
22 1119
32 145
41 606
41 86
18 632
39 1012
39 673
23 176
36 42
32 230
43 301
24 526
43 1257
20 421
29 1359
43 1288
45 961
19 127
23 887
25 1248
19 947
38 84
40 215
41 60
27 141
21 1166
32 1114
34 237
44 1306
44 441
35 132
24 1267
32 1131
18 277
44 1310
23 954
24 1223
28 922
39 479
29 934
31 289
35 594
43 1219
34 401
43 469
18 809
43 881
21 57
30 488
20 927
22 979
39 41
19 192
33 48
32 38
22 1264
40 69
37 400
31 1265
29 42
39 824
27 363
32 282
45 564
28 1179
41 1191
45 422
26 118
42 1059
33 1364
40 1032
32 957
30 1366
34 127
39 808
26 696
27 661
33 1040
45 545
24 1373
26 838
27 1004
31 911
43 536
32 922
36 721
32 435
38 770
29 156
28 642
36 188
37 1090
40 901
21 1175
39 59
30 462
19 330
37 1072
41 1217
25 1190
35 734
45 147
18 809
29 396
43 882
41 249
18 58
23 561
33 34
32 229
36 923
30 516
37 75
30 370
37 845
36 854
39 611
36 1123
33 1175
24 336
20 365
19 732
20 1364
35 839
30 84
29 675
19 1005
44 1202
25 363
21 652
40 1079
36 397
24 611
29 509
27 381
39 645
34 320
26 77
35 562
21 333
42 742
22 1343
42 621
20 1286
32 140
33 120
19 1330
25 1206
29 92
23 101
20 1145
19 362
22 728
22 334
26 825
28 278
30 929
39 705
18 862
34 867
20 323
19 341
27 814
37 748
21 856
23 149
25 483
42 941
22 300
37 699
31 425
33 229
38 119
25 1019
31 214
24 1333
31 875
18 675
31 470
27 91
32 228
39 455
40 575
32 901
36 715
29 8
30 85
40 396
34 1094
32 315
38 10
40 959
19 24
42 184
24 976
34 1045
26 655
22 165
22 1341
28 111
42 934
24 188
35 297
20 1233
22 687
42 140
26 1156
41 401
34 440
23 1255
21 569
45 1360
34 87
24 178
33 1148
19 787
18 732
28 966
39 1109
33 623
36 1354
26 587
32 727
30 117
45 1272
24 587
30 206
37 679
29 21
22 930
25 1204
25 250
19 100
41 758
43 49
36 1381
32 427
41 1209
42 295
35 392
19 1392
35 115
45 630
33 375
33 1225
41 423
32 562
22 1306
24 427
20 391
24 1090
36 455
42 447
25 688
43 163
23 602
21 1165
43 1128
44 979
44 16
18 1317
18 279
18 1241
37 775
19 1310
29 961
26 509
28 1049
38 701
32 543
18 1325
41 1019
19 1382
31 823
31 75
35 687
28 1098
38 1291
35 592
28 717
43 437
45 918
23 1382
19 653
30 1319
22 802
22 634
40 717
29 851
29 535
40 353
18 116
40 1158
19 791
41 1256
40 283
35 1255
35 1315
19 885
33 110
38 130
18 181
23 1060
23 301
40 632
30 947
41 1364
28 603
33 685
41 1052
26 1023
45 673
29 1360
18 639
33 1136
36 1357
45 204
26 1306
42 548
37 936
34 822
19 1182
34 1079
31 456
19 542
41 312
25 488
19 626
32 359
41 592
26 178
27 904
26 673
36 1226
37 316
18 65
44 29
28 898
26 968
26 1308
37 761
40 1123
26 843
25 308
19 123
24 1058
42 42
29 684
28 1065
19 471
20 949
30 303
23 260
20 16
39 1271
30 524
42 58
36 350
44 1022
24 1357
40 594
36 461
35 1276
21 388
39 985
30 1129
30 972
25 1262
20 1387
25 559
23 208
41 493
37 1388
31 584
36 733
23 814
27 694
29 747
28 1260
18 1051
18 646
19 1142
19 284
37 1117
37 1170
28 422
34 730
35 590
29 566
28 544
19 998