400
3.45 1 2.66 2.98 3.95
39 929
27 727
28 187
31 328
28 967
29 109
37 42
33 294
37 264
38 25
33 491
40 63
25 217
30 470
23 515
34 166
17 1104
33 915
26 206
18 829
31 822
37 212
32 956
28 136
35 157
23 1030
31 324
32 770
34 1128
32 133
36 116
23 859
18 1070
27 915
26 1006
27 258
17 190
23 407
20 981
16 164
21 656
39 689
18 190
29 810
25 1038
40 1122
26 512
35 983
25 855
30 652
20 150
23 118
30 960
28 928
31 202
26 634
25 508
19 24
31 105
21 476
37 501
31 585
26 478
26 285
18 521
34 730
28 767
18 1130
24 185
22 1069
30 1046
27 898
17 789
33 1125
24 812
23 956
39 1032
24 358
19 794
32 992
20 552
29 126
35 1003
36 649
17 423
26 671
29 1053
22 896
30 896
36 221
25 634
19 166
24 778
40 285
28 659
16 256
33 890
29 50
30 262
20 121
24 396
29 1012
38 759
29 1110
20 559
23 328
26 670
27 415
29 145
20 338
26 91
32 767
22 566
29 16
26 1009
24 743
32 552
37 766
27 1074
20 688
18 183
18 959
27 890
38 157
17 512
36 154
39 1053
35 713
32 1070
17 1065
31 11
30 536
37 1021
39 587
35 794
19 107
35 955
39 1094
29 955
17 177
19 53
33 213
25 1023
30 99
37 801
33 1014
19 1123
29 48
39 282
39 441
30 103
27 60
35 384
17 570
20 104
29 131
17 404
24 611
25 225
34 1135
36 39
40 909
38 800
27 507
21 760
39 484
37 292
39 213
19 747
33 791
23 379
24 921
30 512
18 83
31 1062
36 529
24 954
31 1078
22 1009
27 1093
27 443
30 1030
29 995
16 359
21 353
30 1009
30 693
28 196
18 1123
17 193
31 787
38 438
33 1011
33 167
24 852
29 366
39 249
33 164
21 1012
36 722
38 825
16 826
35 220
16 882
21 581
36 842
26 263
17 740
28 294
35 1082
23 844
21 983
20 634
40 629
33 319
32 619
16 974
35 1115
17 274
26 197
31 123
25 1044
36 1036
24 218
36 300
40 921
27 423
22 500
21 567
18 403
24 361
16 1002
16 884
33 898
37 756
39 593
16 448
27 492
36 790
38 117
40 51
31 985
17 813
29 1064
20 1083
38 65
34 803
40 1024
31 692
31 195
27 1085
32 645
33 1088
32 896
19 97
21 557
23 979
32 855
18 433
22 1097
35 211
23 5
40 135
40 520
16 258
18 818
28 161
25 759
26 1053
30 690
33 1021
28 339
25 177
20 197
22 364
19 322
33 424
29 953
28 71
24 794
32 429
20 42
31 60
28 772
39 635
34 935
17 884
29 55
38 144
37 603
18 1084
33 556
38 703
32 1011
23 925
31 567
38 582
27 252
22 501
30 900
29 508
39 177
35 78
40 951
38 390
26 748
33 176
27 455
30 415
35 584
22 142
35 997
29 914
21 961
24 889
40 388
28 49
35 618
36 597
21 463
21 35
31 710
17 1065
32 418
20 1
39 190
33 1096
27 999
19 981
35 586
26 930
40 584
30 719
35 137
34 224
36 1009
21 758
22 274
38 111
16 329
30 913
33 886
19 839
35 1040
39 530
31 937
16 469
18 849
31 632
40 634
29 306
40 492
17 1020
21 612
30 897
38 199
32 200
16 1
34 297
39 399
36 455
38 233
39 799
40 907
29 934
25 117
38 665
28 1051
33 452
27 865
28 200
25 668
21 9
18 976
24 984
38 304
27 403
21 196
38 816
33 661
31 1019
33 18
20 960
32 792
31 370
37 948
24 94
27 914
19 821
20 478
28 40
34 204
34 694
25 1023
17 955
39 827
24 719
21 781
29 477
35 846