100
1 2.22 2.7 1.86 3.69
6 23
10 16
8 67
6 39
5 7
10 47
4 56
7 27
6 39
6 22
6 10
6 66
5 7
8 39
4 49
9 48
10 39
10 10
7 26
7 65
5 48
7 29
10 41
9 21
10 62
9 54
6 65
10 46
10 22
4 52
4 2
8 4
7 16
10 21
10 53
6 51
9 28
7 24
9 43
8 62
8 35
7 2
5 16
5 16
8 70
5 25
5 48
9 12
6 43
5 38
4 38
4 6
10 8
9 56
8 37
4 47
5 49
8 47
4 33
8 8
7 35
4 17
9 61
10 0
7 33
10 68
9 4
10 52
10 60
4 38
6 24
7 56
4 11
6 37
9 19
10 24
4 53
6 24
10 10
5 8
6 47
5 64
7 19
10 12
4 47
10 4
9 6
5 28
4 23
7 8
10 58
8 22
6 38
7 35
5 3
7 57
8 67
7 21
6 11
4 2