350
1.55 2.24 3.65 2.32 1
28 507
31 446
24 124
35 608
18 273
22 83
19 435
27 612
31 783
21 526
28 155
29 47
19 732
33 585
17 523
34 182
25 728
21 520
16 23
34 350
29 417
16 209
27 873
34 752
23 592
22 411
24 105
20 467
33 794
28 481
21 319
25 150
28 79
22 358
31 244
35 423
18 448
24 439
31 356
28 750
29 310
15 674
30 33
35 178
14 590
20 28
32 520
18 270
29 515
19 850
28 194
30 372
21 515
34 800
28 448
20 867
22 414
27 359
26 508
20 75
15 685
14 688
33 808
14 309
32 49
14 368
28 841
33 339
34 412
23 568
23 76
27 598
32 139
23 254
28 549
20 432
17 791
14 116
21 512
20 651
17 608
24 475
22 598
31 38
33 540
20 348
27 74
24 527
27 876
32 857
26 250
24 537
19 43
33 14
29 192
32 641
32 529
35 766
21 333
24 554
31 603
22 11
17 715
31 841
33 151
16 8
22 478
17 69
16 236
32 94
26 9
15 289
31 750
23 701
26 102
26 343
28 505
32 518
14 189
33 196
17 645
20 810
21 686
34 592
31 83
35 139
30 206
33 258
28 803
15 15
26 354
28 95
20 99
18 869
31 823
18 94
16 452
24 512
18 620
27 93
14 474
33 716
22 341
30 174
19 722
33 404
26 732
16 219
16 757
30 167
21 820
15 388
23 544
25 823
31 848
35 522
26 535
26 282
14 153
15 349
14 549
14 741
31 847
25 571
30 669
29 6
26 190
25 819
32 84
24 74
27 601
20 758
25 366
26 320
22 157
23 314
21 552
21 589
21 134
34 515
26 301
28 460
24 292
29 723
30 716
22 265
18 554
15 192
24 828
34 467
33 310
22 216
16 174
34 800
35 496
21 289
32 174
26 282
31 220
21 815
19 805
14 66
24 768
25 500
30 128
30 609
24 791
26 875
17 514
35 163
14 482
33 875
21 875
32 502
32 227
32 557
34 269
16 583
21 382
31 640
18 316
33 237
33 487
15 155
16 687
35 834
28 666
15 698
15 836
35 296
24 636
25 841
15 116
14 783
23 862
32 255
24 12
35 231
15 596
30 600
35 158
26 836
29 261
32 480
27 479
28 736
23 794
16 267
19 356
14 334
31 414
15 198
26 169
21 258
34 130
20 627
35 240
30 422
14 201
22 408
18 595
27 758
29 613
15 706
14 671
35 479
32 207
35 782
34 414
33 449
23 308
35 236
15 584
19 277
24 325
28 243
14 856
26 121
16 130
29 661
21 632
35 761
27 655
21 397
29 38
35 716
14 299
19 723
34 139
24 474
14 492
16 745
21 10
20 70
31 285
18 417
19 185
27 871
28 487
34 128
18 362
16 495
31 81
34 835
23 49
20 313
21 560
20 503
25 839
25 382
35 432
32 747
18 727
26 865
14 162
34 60
29 238
16 384
29 723
32 628
32 184
26 636
30 690
21 76
25 557
32 786
24 620
28 722
25 218
25 789
25 828
35 227
33 95
35 857
24 692
29 371
15 665
16 637
31 62
21 81
30 501
29 363
35 85
16 215
31 689
35 391
20 815
35 193
28 649
24 236