250
2.02 1 2.31 1.33 2.58
22 274
13 132
14 388
12 111
24 401
12 92
25 70
19 97
22 274
15 103
15 430
11 196
19 198
23 400
17 60
25 295
22 74
24 439
25 200
19 112
23 406
15 28
18 75
10 200
22 407
14 427
12 275
23 246
21 105
17 174
14 440
22 127
10 234
16 102
21 421
17 299
11 1
21 259
10 289
14 206
19 429
16 206
18 210
24 352
25 103
20 130
21 40
10 153
15 55
25 403
15 200
14 250
17 225
16 132
16 185
20 151
15 28
17 66
21 281
13 199
23 388
21 256
11 50
14 243
23 73
18 259
21 279
21 339
18 109
25 218
11 199
18 265
18 314
22 150
16 117
23 159
13 30
16 269
17 379
21 348
22 62
22 48
24 57
12 87
12 0
16 341
20 33
11 361
21 245
16 243
17 252
20 82
13 161
16 384
10 136
16 441
14 91
24 238
10 366
13 110
10 230
24 62
23 302
10 357
16 274
15 186
10 327
11 246
22 278
22 31
11 156
21 71
11 333
24 300
23 343
10 229
17 413
18 420
24 158
23 158
13 358
19 220
24 244
22 376
16 87
23 40
10 362
23 202
23 241
24 237
24 277
23 180
10 385
23 100
19 339
21 395
11 125
12 356
19 303
25 10
10 350
25 6
17 360
17 237
12 264
18 47
10 237
15 255
18 198
23 117
10 73
11 44
14 215
23 20
10 393
23 37
23 194
24 223
24 351
11 164
14 14
22 300
25 411
10 283
23 288
17 401
13 345
21 228
21 141
19 232
10 162
10 374
14 82
21 121
16 388
23 427
15 215
20 37
17 128
16 425
13 436
21 212
12 146
19 12
24 66
15 44
19 330
10 26
25 442
25 161
19 252
17 330
21 209
23 222
16 250
15 38
20 173
22 31
19 41
11 368
19 100
12 86
25 299
13 52
15 426
17 290
14 64
19 297
17 405
11 202
12 63
13 220
12 414
23 412
21 139
13 316
24 214
18 130
20 52
20 335
11 404
15 75
25 256
11 144
19 231
22 432
23 404
21 172
14 282
22 246
22 415
21 74
11 133
24 378
17 157
23 345
15 200
17 234
20 406
14 413
12 227
25 230
14 202
20 388
16 101
13 300
22 234
16 390
21 295
24 373