400
3.82 4.53 4.99 1 5.2
27 965
22 260
40 874
28 1466
9 290
23 1434
29 368
36 1554
4 1014
29 672
14 1142
35 98
24 744
36 788
39 222
14 746
14 1164
29 67
6 1180
40 1481
27 46
40 1496
17 1654
36 1549
22 5
32 595
26 1100
24 463
20 312
40 1635
16 264
15 549
4 1040
39 1644
33 1342
8 52
17 560
31 110
23 414
20 1107
33 568
10 1565
17 229
2 162
29 681
39 796
18 1281
21 1065
31 159
15 1
30 43
40 474
29 820
12 1611
24 380
13 933
23 187
34 1414
16 988
12 49
37 133
26 1381
38 118
3 1147
34 1282
35 153
22 1274
7 606
34 1145
33 1118
30 1545
14 486
14 690
3 507
34 1601
13 149
38 1242
31 22
38 1367
39 1450
3 366
37 36
22 675
12 419
19 1651
1 1043
32 1528
25 1058
32 359
24 1316
29 423
40 617
7 955
16 786
25 1248
11 499
35 757
12 986
36 154
33 1338
33 866
38 1053
38 269
8 56
9 1310
19 601
7 1527
33 1293
15 1152
27 380
38 559
24 163
9 414
22 161
13 940
5 674
29 663
18 1223
32 98
38 549
22 950
18 1507
35 388
27 753
16 1349
9 942
34 104
8 622
40 945
24 1233
13 1096
8 404
6 552
6 435
16 1071
35 634
6 814
11 676
5 222
35 882
15 354
11 1511
7 649
17 553
24 1290
27 427
1 1372
9 445
3 1493
5 171
14 1571
24 323
13 859
29 808
15 1585
21 1496
34 1468
3 447
2 333
21 744
25 409
4 449
21 790
29 1482
19 693
36 890
11 1097
18 1526
1 1284
22 574
20 567
34 1200
16 582
3 24
34 331
24 629
16 1538
2 746
6 1291
13 1358
18 1521
18 26
15 1559
22 1264
13 38
29 1401
35 677
22 561
34 885
4 185
2 208
15 603
12 1248
6 866
33 1568
12 1563
22 606
6 1504
35 950
6 1397
9 961
31 683
11 286
6 879
13 137
33 813
3 335
10 1024
26 1600
18 758
8 775
31 1432
16 252
2 11
33 1307
23 738
30 799
12 947
30 44
36 659
22 1594
21 1474
11 1403
19 1046
15 756
18 296
19 192
36 966
12 607
27 1217
39 879
7 91
18 1606
24 699
11 40
32 530
7 980
10 678
35 903
30 399
4 1421
17 1254
9 196
34 1579
16 1508
2 1321
40 217
11 808
32 1406
28 926
24 1046
26 1218
32 107
22 633
2 130
32 1577
33 38
6 650
24 337
38 1300
35 704
29 1009
9 248
37 256
1 1
29 1305
33 849
13 1394
27 1289
38 867
3 1588
23 35
21 1074
22 300
10 1313
7 320
11 810
33 626
6 832
32 137
37 1423
1 1483
24 823
13 1502
1 1138
27 467
9 1309
34 906
12 56
17 1054
1 375
14 272
26 1329
1 1504
2 1218
31 737
11 381
36 1309
7 566
30 738
34 1272
37 1610
40 73
16 1024
7 1309
2 824
8 120
4 810
26 1066
4 956
19 586
40 544
4 702
28 698
11 1419
30 482
7 178
2 936
31 1493
25 990
6 122
32 224
4 228
31 873
34 634
24 618
25 1456
34 1203
3 1641
30 1070
20 635
15 1495
15 213
13 1560
23 1184
16 846
4 1107
14 947
15 1183
12 1433
23 1646
40 950
19 293
1 443
36 676
14 1054
27 228
30 992
1 1563
30 1137
40 63
22 1
31 1546
31 492
25 1545
19 449
28 601
29 886
8 1290
35 488
15 529
19 645
11 205
32 251
16 736
27 1637
4 506
14 1222
17 1296
40 325
6 1509
39 379
36 408
25 793
26 1218
13 1593
30 634
27 553
19 830
20 53
10 753
13 439
18 81
5 13
33 388
31 974
5 1475
15 582
21 780
18 695
39 1152
24 1467
13 38
28 1029
6 41
23 11
18 486
21 1003
19 787
22 630