100
1 2.97 1.64 1.31 4.31
1 81
9 91
9 90
2 95
8 3
10 64
6 42
4 20
3 102
8 89
9 66
2 13
4 104
9 29
6 48
2 96
3 63
8 8
4 104
4 5
1 9
10 55
4 60
4 45
1 89
6 81
8 13
3 17
3 38
5 52
4 51
5 42
4 105
8 18
6 102
10 70
9 69
9 30
4 41
9 102
4 42
3 88
2 49
6 89
3 43
5 97
5 42
4 92
9 80
7 89
7 73
6 68
8 87
6 77
2 68
8 85
10 40
5 98
3 19
5 1
10 80
9 34
8 32
3 17
1 51
3 97
3 28
5 45
9 58
9 98
1 76
1 56
6 92
2 28
8 26
6 10
3 4
9 59
10 101
6 10
1 38
7 91
3 5
4 104
1 53
6 52
7 98
10 15
5 46
7 20
3 68
4 42
2 82
9 68
5 79
1 42
3 24
4 40
6 67
1 102