300
2.2 4.32 5.85 1 1.79
5 4
19 190
4 158
9 669
17 289
10 92
22 795
15 200
11 601
27 517
24 925
22 863
20 866
29 552
7 598
2 9
7 188
29 0
26 912
17 357
14 123
21 357
21 108
19 925
10 77
4 678
22 748
13 421
22 899
28 620
11 443
4 482
7 479
10 764
15 559
30 620
14 834
8 138
19 394
5 32
9 436
13 210
16 643
5 860
18 250
7 208
26 153
24 701
16 687
5 672
18 147
30 105
25 324
21 835
13 424
21 671
22 469
1 936
23 402
6 203
6 803
28 238
15 29
1 545
22 667
25 191
13 115
26 172
3 858
4 121
1 765
22 872
2 687
16 417
25 813
20 22
14 349
9 727
15 286
28 625
23 674
20 773
17 438
29 904
6 650
10 531
25 666
21 545
21 650
26 743
2 557
19 661
25 251
17 884
1 581
12 460
26 613
22 48
19 442
16 18
21 379
13 575
25 772
1 60
8 851
6 685
7 176
16 490
23 461
25 722
17 217
11 460
29 225
17 293
2 246
27 333
14 226
22 567
5 834
4 442
27 522
22 625
2 506
2 115
28 143
26 211
20 159
18 682
14 438
15 527
15 430
3 171
22 560
18 37
13 454
18 84
15 368
27 668
8 374
27 711
4 231
26 169
13 508
29 367
25 85
29 524
17 128
6 819
6 611
26 572
22 644
25 274
26 567
9 735
6 738
11 417
5 555
12 324
20 727
3 943
15 862
27 379
9 441
29 893
17 218
16 537
30 837
30 765
25 923
13 717
20 191
2 757
19 232
2 41
3 669
29 819
28 587
15 680
11 32
23 28
12 736
22 23
27 610
19 659
3 101
26 59
18 550
27 590
15 180
17 919
24 572
14 382
7 104
14 52
19 178
22 19
26 353
28 9
1 357
19 550
17 548
19 161
10 458
30 754
27 564
16 785
28 563
25 459
27 359
19 120
8 30
4 423
1 853
17 839
5 927
23 292
19 447
23 939
5 944
22 947
9 650
4 915
13 157
16 122
2 227
28 911
15 377
20 26
9 64
12 832
9 618
14 888
10 837
3 398
23 612
10 588
12 13
7 259
4 117
12 846
10 510
11 514
17 707
30 362
2 747
9 468
17 311
26 905
26 219
4 869
7 47
22 290
13 361
29 256
16 606
28 620
22 528
14 382
22 21
12 792
13 714
9 649
25 738
10 588
3 54
18 96
25 194
30 860
7 48
17 503
11 927
9 11
29 740
29 715
19 330
5 223
26 1
25 96
24 74
11 936
11 899
16 581
17 268
19 886
20 884
6 478
3 696
16 189
5 334
23 51
7 729
25 489
4 469
3 592
24 596
19 927
7 3
3 102
8 395
21 209