500
1.38 1 3.26 5.21 4.56
15 1389
16 1606
13 800
47 885
14 4
48 7
17 1494
31 1553
12 1700
2 2369
3 1342
27 751
10 1165
5 329
29 1503
32 1814
11 1481
33 1271
27 422
27 258
13 1000
35 1291
33 249
24 1313
31 798
28 1721
17 1689
18 1234
11 322
47 1794
11 1283
2 1525
39 1159
17 544
43 1671
49 1932
49 1932
44 551
41 2036
46 1625
29 1413
18 113
9 1417
18 1236
34 2515
37 2154
42 1778
41 121
34 638
30 1297
38 1542
13 29
46 478
29 871
37 683
24 368
5 720
42 1839
34 1435
25 2085
31 1405
14 1382
4 1019
30 1659
39 1675
29 2395
40 862
24 1580
43 87
33 1810
14 2346
17 2485
44 655
23 1722
12 370
20 2315
16 1224
22 873
50 262
34 1082
2 1882
49 1289
6 1944
38 2462
5 763
10 2074
22 266
49 1957
34 1949
3 165
26 1330
38 642
7 2100
35 2452
21 1685
36 679
50 608
5 901
13 2151
48 138
3 2032
28 2511
33 496
23 1699
35 598
1 284
10 2264
3 1498
28 618
48 664
20 2388
10 1142
41 2177
47 1770
19 570
40 385
21 377
35 211
11 979
42 1102
5 1577
38 361
24 1834
30 170
8 1137
20 798
24 283
27 1514
35 972
41 830
47 695
25 1926
4 216
39 1212
42 2439
27 2108
21 816
32 1992
29 1299
40 594
6 1326
2 1424
10 537
14 1388
3 1010
20 2103
11 359
24 2364
36 2328
31 1302
9 489
12 853
42 899
7 1665
2 1643
17 2056
8 562
14 505
26 835
29 120
21 2261
24 1952
39 95
49 661
37 2288
23 2350
3 1993
39 2155
45 1629
38 1207
1 985
21 1082
33 414
4 921
10 1835
3 2316
41 1522
31 1143
42 1016
9 2003
17 1435
39 672
37 1916
35 1328
48 2371
46 1459
41 1559
1 295
14 949
28 1665
30 1953
19 2271
38 1294
29 271
50 2195
3 747
41 1771
15 1646
8 691
40 2185
25 415
21 1689
23 1706
7 2070
24 2093
45 1207
33 1969
10 852
10 2005
6 1633
24 350
49 429
21 198
43 2123
46 898
22 2078
33 935
33 2006
39 2281
49 2467
29 1875
30 648
2 261
38 20
4 655
6 2470
18 961
8 1332
20 555
48 1034
9 1384
44 36
6 1644
28 200
28 1455
41 2282
31 603
24 80
7 2175
35 1641
31 2503
2 2027
16 1365
6 2507
46 2045
25 1213
7 333
17 2228
24 1177
24 1054
12 675
26 222
1 1180
22 1214
36 181
17 1731
48 892
31 2452
32 1973
47 2508
29 1139
15 1428
41 1306
1 1580
37 1091
13 2446
49 86
28 684
50 897
8 1330
32 2475
16 2282
16 2030
38 402
43 1117
45 1442
13 2367
16 94
32 2451
10 1243
14 2054
3 600
7 105
43 2439
27 2085
2 968
21 773
22 1790
26 2064
14 2450
14 282
2 1903
25 2519
46 2496
34 1804
28 1419
18 728
3 27
25 885
47 1659
15 535
46 0
42 2082
12 1180
43 578
8 841
20 2209
40 655
20 1076
47 745
44 946
17 1329
29 1618
10 1997
31 1820
24 974
5 954
10 1898
3 1999
23 2195
41 522
13 2051
33 159
44 256
48 1934
38 1651
14 1683
40 508
12 1757
17 147
27 57
49 545
34 758
15 2381
27 531
15 1044
22 2086
33 2093
29 2039
14 2086
16 728
25 410
38 1400
14 1955
6 947
23 1000
36 2066
50 1432
38 1854
23 1579
47 922
33 1685
9 316
18 2045
23 329
44 1679
37 2397
7 951
29 1015
46 759
24 248
28 1177
31 1256
30 658
37 340
25 1929
46 2128
29 1536
34 2025
10 1420
7 867
7 2276
20 848
8 923
40 1081
44 805
45 210
32 1644
32 2170
9 1067
48 2385
20 293
15 696
11 2003
21 1723
40 840
31 2166
25 1435
33 2173
48 1042
4 1687
4 2513
24 2033
27 935
10 289
24 1333
43 375
46 1988
11 517
5 2070
36 2111
18 2399
10 1448
24 1597
35 1378
12 2418
21 2276
27 1453
38 2042
4 2367
39 1501
43 1678
48 1580
50 1528
48 2315
43 292
40 1918
25 1764
18 272
12 441
28 1356
33 1131
5 1540
13 1533
5 399
16 553
14 333
2 485
18 2503
8 346
6 2254
9 1107
49 1256
15 1285
34 157
8 44
29 2496
4 1022
50 492
11 1309
32 2510
12 2455
24 1828
31 1475
5 1183
6 278
19 100
17 1174
19 1204
31 409
13 446
10 358
48 1514
31 1420
18 2441
29 2408
26 1680
36 2378
9 1268
49 1578
21 1573
9 2094
34 668
44 2001
29 1423
31 1965
33 2029
40 2331
35 2497
33 649
19 1073
31 2075
50 1079
4 268
26 1511
36 1307
22 2251
19 269
23 498
24 2296
4 2092
30 2453
24 888
35 1218
5 1636
19 363
3 2102
37 710
9 348
37 1927
4 2026
29 1760
42 82
32 2456
3 1959
30 846
42 1048
20 2295
8 1187
19 2417