250
1 3.6 5.19 3.54 1.73
18 168
2 173
5 407
16 339
12 312
24 299
1 230
24 391
2 153
12 629
10 469
19 200
20 135
18 111
8 331
14 365
2 586
2 73
2 472
11 24
9 32
5 209
24 225
10 122
17 338
10 625
16 508
20 512
16 439
4 618
14 414
25 487
12 278
5 413
2 296
17 168
14 417
22 166
8 124
19 209
13 536
11 492
13 387
17 428
21 270
12 206
2 423
12 517
7 566
19 523
11 118
2 600
9 22
4 613
17 340
13 366
22 631
9 47
24 420
11 431
20 127
6 106
12 280
13 227
9 165
4 345
3 620
1 98
9 430
20 144
15 246
16 454
5 78
9 17
23 352
3 579
8 444
2 215
10 131
7 261
18 588
7 195
6 454
17 45
17 52
2 367
12 337
21 352
15 281
23 58
20 413
18 127
21 395
10 132
25 503
5 139
23 501
25 535
21 321
25 410
25 146
11 357
18 562
24 269
6 57
4 63
12 29
1 462
12 48
14 518
24 362
9 436
6 64
3 182
12 568
13 231
23 224
3 62
21 599
19 42
13 181
11 59
22 80
22 138
17 180
10 312
18 34
9 236
20 247
18 122
16 126
11 211
16 532
15 115
1 59
22 194
6 296
8 248
25 150
4 239
8 91
22 113
14 542
20 29
16 610
23 46
5 397
11 524
15 386
22 181
21 185
24 515
16 105
15 30
4 614
4 364
6 232
13 576
3 554
20 255
16 372
3 100
11 488
18 158
5 330
23 291
20 446
6 48
11 359
19 268
15 44
17 355
20 534
4 416
4 583
2 362
1 134
9 607
23 480
22 84
21 355
21 42
21 516
5 421
6 30
4 112
5 74
1 604
6 115
10 208
8 266
8 470
20 462
23 332
16 196
6 147
11 142
7 386
2 554
20 296
10 443
6 337
1 485
3 497
2 36
23 398
5 513
1 51
15 427
22 113
12 87
15 286
21 602
14 413
3 548
12 373
10 576
2 258
11 373
4 224
6 539
25 245
18 449
11 520
6 255
22 109
19 138
10 270
17 291
9 336
5 616
8 311
11 581
20 287
14 394
17 276
23 200
3 251
12 324
7 59
5 98
9 375
6 450
13 136
15 418
24 123
20 402
17 547
19 578
19 179