500
2.47 1.95 2.91 1.0 2.08
8 76
6 6
1 6
2 92
6 164
7 102
7 170
3 243
6 116
4 195
9 33
6 225
5 13
3 114
8 63
2 193
3 246
6 28
3 197
3 70
10 206
1 155
10 114
6 178
8 212
7 58
10 83
3 13
6 179
10 199
8 3
2 173
8 7
2 149
8 8
1 88
6 136
2 14
7 46
1 218
9 17
7 238
5 2
5 227
2 143
4 242
9 104
3 222
8 161
2 69
1 24
6 128
1 194
7 175
7 34
6 82
8 37
4 89
7 231
3 185
4 163
7 241
4 154
3 142
1 107
5 86
9 153
1 87
10 230
5 111
8 143
6 205
2 10
8 143
10 182
5 103
8 186
2 81
10 28
8 42
9 215
5 12
6 221
5 184
1 89
10 165
9 76
1 46
5 247
1 89
10 13
5 172
9 195
4 32
7 170
10 204
3 63
6 33
3 235
2 34
7 148
6 228
3 130
7 107
6 133
9 101
4 161
9 59
5 111
6 93
4 92
8 27
5 196
10 163
7 164
6 47
5 6
7 207
6 187
7 213
10 106
8 128
7 115
9 123
8 43
5 142
7 12
2 166
7 146
9 49
5 182
1 50
3 229
4 217
8 28
3 233
10 51
7 247
10 16
1 45
3 181
6 27
1 8
1 202
3 136
5 111
4 222
9 191
1 196
4 158
8 57
9 136
10 161
3 122
5 68
5 61
7 178
10 42
2 183
2 169
10 223
7 207
8 98
3 174
8 47
7 146
7 99
7 79
4 177
2 200
6 119
5 247
2 11
8 20
10 129
3 136
10 42
4 191
10 168
9 40
1 92
1 235
1 55
8 137
6 158
4 96
2 174
3 215
3 127
7 50
2 192
3 99
5 229
1 20
6 166
1 119
4 187
3 113
6 44
9 51
1 16
3 204
3 22
6 131
2 205
6 28
8 155
3 114
3 146
7 238
4 109
5 150
2 50
2 66
4 234
5 149
8 16
7 249
1 239
7 13
6 34
9 80
8 57
2 52
10 191
6 164
4 236
5 122
8 22
8 13
7 112
1 136
2 134
8 159
3 223
5 51
1 176
3 54
7 80
9 173
5 109
6 148
2 9
6 44
2 103
6 85
3 180
1 115
8 35
8 130
1 37
8 36
9 12
3 37
3 247
10 164
2 47
1 72
6 5
5 66
6 206
5 0
8 2
9 128
6 129
10 169
5 62
5 148
9 113
10 230
1 40
7 18
10 142
5 109
8 189
3 225
3 171
4 27
10 156
1 31
7 117
6 95
7 197
7 42
4 124
7 68
4 190
1 177
2 19
7 205
10 17
8 149
1 132
7 136
2 178
4 248
8 214
1 71
1 248
8 223
2 239
1 150
5 163
1 105
6 223
8 171
1 200
1 225
8 188
6 152
6 38
1 67
8 239
2 5
7 50
8 226
6 169
7 48
6 153
9 220
6 64
10 149
3 196
3 164
1 159
4 150
1 82
9 184
10 9
5 93
10 86
7 125
10 35
5 207
5 170
4 34
9 183
10 247
1 207
6 88
6 55
10 39
2 139
5 20
10 167
6 30
10 69
8 169
1 71
9 209
4 24
8 140
6 209
8 176
4 33
1 204
5 158
8 153
9 106
4 221
1 148
3 220
4 35
2 23
9 152
9 62
5 150
9 16
4 23
1 118
1 246
5 104
9 14
8 21
1 2
4 191
2 95
5 211
4 212
5 208
9 102
4 217
7 226
7 198
3 177
9 222
7 138
4 62
4 195
5 128
5 212
4 225
2 11
9 247
8 139
2 176
3 104
8 246
7 63
10 186
6 25
6 103
7 120
2 208
7 175
9 226
2 189
8 162
6 217
6 173
10 145
6 40
1 121
9 140
9 190
9 242
9 97
8 20
4 69
2 182
5 195
3 16
2 221
7 223
5 42
2 203
1 210
7 109
3 10
6 194
8 43
9 130
4 80
4 7
2 162
2 22
8 41
2 243
7 63
7 11
10 91
4 28
8 137
4 65
10 88
1 107
5 96
1 71
9 5
6 48
1 248
7 150
1 100
8 211
9 149
2 107
7 229
1 65
3 232
8 97
9 133
2 62
1 55
9 27
4 214
9 47
9 58
5 231
3 143
2 197
5 208
5 156
6 62
5 148
2 4
2 215
1 61
3 31
10 193
1 165
10 245
4 128
3 218
2 92
1 41
2 16
6 134
2 178
8 5
3 181
4 207
10 245
3 122
10 231
3 206
10 196
3 200
6 104
10 96
9 150
