100
2.9 2.73 2.99 1.0 2.65
6 22
2 42
6 16
10 27
8 20
2 11
2 19
5 24
1 36
9 25
4 24
4 0
8 41
8 17
8 23
5 45
4 32
3 23
1 0
3 11
9 13
7 48
2 2
1 4
6 7
9 43
5 23
7 6
2 22
5 45
10 23
8 12
8 44
7 22
9 14
1 15
3 46
6 48
6 26
2 45
4 32
4 43
2 27
3 4
7 15
2 26
2 32
4 32
3 37
1 43
4 3
2 13
9 30
7 11
1 24
3 35
9 44
5 22
6 49
7 7
3 13
2 34
6 16
10 24
9 0
3 14
7 44
10 37
7 29
2 6
4 23
7 10
6 5
4 48
5 7
4 36
1 40
6 6
9 6
10 31
6 0
8 23
9 15
6 44
5 10
2 37
4 13
9 10
1 35
7 19
9 4
10 41
5 45
2 35
8 6
6 0
3 28
7 44
2 5
3 26
