350
1.63 2.77 1.0 2.34 1.56
9 17
7 172
7 117
10 17
5 91
7 102
7 95
7 157
1 108
3 72
7 71
7 162
6 0
5 168
10 54
1 147
3 102
4 128
8 4
7 24
9 139
2 67
3 4
4 94
4 46
8 119
1 4
8 88
8 109
7 155
7 99
7 79
3 124
8 134
6 60
7 134
3 88
8 145
6 59
10 72
4 142
3 50
4 115
1 31
6 57
1 145
10 75
10 139
9 93
3 51
3 26
10 7
2 27
4 126
6 91
5 170
1 21
6 156
9 11
6 87
2 71
4 106
1 9
4 142
4 1
7 156
9 34
1 0
6 126
10 143
9 96
2 166
2 104
9 104
2 73
3 119
3 143
4 149
4 109
2 148
7 94
2 27
9 65
3 107
9 154
1 5
3 46
3 173
6 67
10 54
9 160
2 20
6 60
4 92
2 56
9 29
2 166
9 100
6 90
3 17
7 147
9 48
2 45
6 18
8 169
3 46
8 104
2 168
3 169
10 147
8 48
9 40
1 3
10 112
9 116
5 117
9 37
9 93
3 132
4 75
1 74
7 161
4 34
3 152
6 26
4 39
1 69
3 68
6 70
6 6
6 11
1 50
8 157
2 127
9 30
5 136
10 40
10 173
4 5
8 135
7 157
9 103
4 75
8 69
6 108
7 121
5 67
4 57
9 87
8 169
8 161
4 94
1 113
1 115
6 99
5 35
1 80
4 86
10 0
9 140
6 50
9 110
6 3
2 92
10 102
3 74
6 23
8 167
3 72
10 92
2 103
1 34
1 125
9 70
8 13
4 92
8 95
10 110
8 60
3 16
2 22
5 101
9 100
8 105
3 75
10 31
1 161
10 93
10 76
2 83
10 100
2 173
7 154
1 31
6 96
10 115
8 130
1 132
6 85
1 21
8 171
8 91
7 142
8 126
3 147
1 4
5 50
3 61
8 148
3 135
7 69
6 104
1 26
8 57
8 74
4 0
9 17
8 48
1 140
9 79
6 77
6 152
4 44
10 148
8 123
7 170
7 156
2 168
2 14
10 150
5 125
2 136
3 165
8 151
4 2
6 27
4 13
5 16
2 45
10 28
8 165
4 60
7 53
4 108
10 132
8 28
7 52
1 83
1 56
4 55
3 71
8 145
5 148
5 126
7 22
9 163
5 113
6 9
4 99
4 106
10 41
5 150
10 96
1 0
2 153
3 58
4 8
4 81
9 130
3 158
8 154
1 36
1 14
7 155
8 84
1 2
3 152
7 138
2 62
3 123
6 22
9 170
7 34
3 14
3 69
3 90
9 140
9 7
2 51
2 98
6 134
8 60
5 115
4 10
4 114
5 164
1 141
4 90
5 66
4 77
4 135
6 162
6 117
4 1
5 172
10 164
1 48
1 124
9 44
9 2
6 88
3 119
1 142
5 120
2 56
5 152
8 147
4 74
1 94
8 128
6 63
10 97
3 28
5 118
3 110
6 9
9 143
6 85
7 150
3 123
2 70
10 70
7 142
3 151
1 102
3 17
10 17
5 83
2 133
9 73
2 108
7 104
5 23
6 13
10 107
1 53
10 20
7 41
7 101
6 136
