250
1.73 2.63 1.43 1.0 1.31
3 106
1 60
5 46
1 119
2 31
5 89
7 33
10 40
5 45
2 81
6 117
6 113
6 102
9 59
8 4
1 115
8 6
1 41
4 44
3 97
1 83
10 103
7 88
9 6
4 35
4 44
10 10
3 15
2 28
3 73
7 52
1 41
8 114
1 102
7 113
6 91
3 56
3 108
6 41
10 7
4 1
10 65
10 25
4 10
10 73
5 61
1 19
8 30
9 37
6 61
5 100
9 12
10 69
1 111
2 100
6 62
4 75
3 56
8 24
7 21
4 45
9 107
4 55
7 124
6 89
3 84
9 99
4 16
6 70
6 91
4 64
10 91
3 70
8 123
2 38
8 85
6 7
8 59
3 123
4 65
10 12
8 117
3 102
4 51
4 20
6 24
7 81
7 71
10 43
4 10
10 44
5 85
7 43
6 30
2 61
2 58
1 52
8 100
7 52
10 51
8 46
6 44
8 10
8 25
2 28
3 29
3 60
4 59
7 68
10 13
7 40
4 70
2 26
7 52
4 21
8 105
4 10
3 53
6 44
4 32
9 71
9 122
7 8
8 84
10 124
4 58
7 61
7 98
6 45
3 4
8 60
1 102
5 79
8 58
8 66
1 99
5 47
2 98
9 32
10 21
6 78
1 27
6 99
8 24
10 54
9 77
6 22
3 88
5 56
3 27
7 100
9 33
2 97
4 66
10 47
2 96
3 61
7 21
4 113
3 83
5 116
9 18
5 71
8 43
7 16
9 71
3 103
3 40
5 14
2 42
5 4
5 46
9 22
10 35
8 73
7 29
6 41
2 65
1 86
3 119
1 9
1 98
10 67
4 72
3 47
1 72
8 21
5 34
2 116
9 101
4 39
8 114
2 0
6 72
6 13
7 44
9 102
3 37
1 28
2 65
2 47
7 25
2 49
7 29
1 107
6 115
5 75
5 34
2 65
10 55
9 16
4 115
4 5
9 122
6 108
8 117
7 108
4 52
8 30
8 115
8 97
6 32
1 84
2 92
1 51
5 31
6 109
2 99
9 31
8 104
3 67
9 6
3 20
10 41
6 34
8 98
1 36
1 68
9 115
2 77
8 72
10 0
2 91
7 92
2 23
2 54
4 108
4 40
5 42
2 49
