200
2.51 2.1 1.8 1.54 1.0
7 78
9 68
9 3
1 47
7 82
5 21
1 18
7 0
3 22
9 80
7 69
7 78
6 18
1 3
2 19
7 19
10 3
4 22
3 95
4 88
3 60
1 83
5 15
2 5
2 3
3 79
7 11
10 1
8 53
2 21
6 83
4 69
3 74
7 16
1 46
4 60
2 61
1 68
6 42
6 83
5 40
4 94
3 65
4 85
8 97
6 73
5 40
1 1
9 11
9 23
10 82
7 80
8 89
5 9
10 43
8 86
1 47
3 95
10 59
10 22
4 67
6 94
10 48
5 62
1 39
5 21
10 32
1 25
4 45
9 49
1 95
3 64
8 82
5 22
7 17
2 23
7 47
4 2
1 86
4 6
3 79
2 25
5 37
7 22
9 22
10 34
3 27
2 42
8 94
7 91
8 8
5 44
2 12
3 91
4 79
2 57
5 28
8 75
8 11
2 39
3 80
8 6
9 6
5 78
5 82
6 13
1 78
6 17
4 42
2 85
7 68
8 67
3 30
10 27
1 41
1 33
6 29
9 99
5 64
9 66
10 70
5 86
1 12
8 27
6 3
9 7
9 85
1 26
1 86
7 40
1 5
6 8
10 10
9 28
4 34
8 3
3 4
5 64
10 16
4 63
2 57
6 2
6 17
3 20
3 39
3 14
4 14
3 33
5 29
7 67
8 12
2 27
6 8
2 47
4 86
2 72
4 52
1 64
1 64
9 76
8 0
10 51
2 39
6 99
1 57
5 38
8 13
9 33
7 44
5 2
10 26
5 20
9 59
9 16
8 54
7 29
3 47
2 64
6 30
7 39
10 94
5 31
2 94
5 19
4 13
8 35
6 63
7 40
10 27
5 2
6 57
4 46
4 37
4 31
5 7
3 48
1 35
3 88
10 4
5 79
