300
2.54 2.43 2.32 2.1 1.0
7 144
9 102
2 97
7 72
10 147
8 137
7 128
1 38
5 79
2 120
2 69
6 146
5 119
4 45
5 40
3 40
5 1
8 37
9 48
4 63
10 46
4 4
10 13
10 120
8 57
7 55
3 27
7 8
7 145
10 131
5 60
5 37
10 118
9 137
6 119
4 0
1 127
4 50
6 122
7 49
1 148
7 64
1 111
1 108
6 56
7 20
4 95
3 125
3 70
4 87
1 49
6 15
8 24
5 125
2 65
1 50
9 74
7 81
7 133
10 146
4 114
1 64
4 70
8 61
5 131
10 119
6 19
2 38
10 60
7 141
7 82
5 23
4 111
6 121
5 108
1 95
1 96
10 74
1 78
9 83
8 82
6 74
3 29
7 129
10 22
8 120
5 119
3 81
8 114
7 33
5 70
2 123
3 139
3 7
2 40
1 62
9 145
4 39
1 55
9 41
1 142
2 86
1 12
3 74
3 59
5 60
10 121
2 80
8 7
6 133
1 69
6 130
6 113
10 123
4 116
9 14
6 10
2 48
10 129
2 116
8 134
2 83
7 89
6 95
6 110
6 65
10 106
5 143
2 99
1 24
5 4
7 64
8 85
2 129
4 72
4 84
1 40
7 147
1 5
9 54
1 93
9 5
7 133
1 65
1 38
6 86
7 82
5 83
7 149
3 101
7 149
5 123
9 65
4 0
4 49
5 28
8 15
9 130
1 56
5 85
3 69
5 134
8 75
9 10
7 142
3 98
2 119
2 17
9 118
10 74
7 98
3 62
7 22
9 105
5 27
5 120
2 49
6 21
10 23
6 47
9 104
1 117
5 4
4 20
7 103
1 139
4 28
6 138
6 96
3 137
7 14
4 123
10 70
9 1
8 137
1 84
4 64
8 62
9 100
10 23
10 106
2 7
1 61
4 29
2 18
8 148
5 106
3 87
5 9
5 3
7 112
2 11
9 89
5 21
1 23
3 46
5 13
5 36
8 9
3 51
2 36
3 110
5 118
2 91
5 117
6 53
1 117
6 1
5 122
8 49
2 72
6 70
2 85
3 92
6 40
2 19
3 14
10 59
7 146
3 88
1 106
5 65
4 129
8 142
7 71
8 121
1 88
2 33
8 40
7 18
9 7
8 96
9 32
4 28
10 52
5 59
9 93
3 54
6 134
5 26
8 97
2 4
9 149
2 133
7 82
1 23
1 135
5 145
5 88
1 132
1 102
7 64
4 98
2 127
7 103
1 9
4 22
9 41
9 122
8 17
10 32
2 13
10 96
8 74
10 84
6 2
2 19
3 72
3 113
10 15
6 21
9 79
10 136
9 118
7 28
8 139
8 38
2 51
10 68
10 51
