200
4.63 1.44 4.19 1.67 1
7 191
6 384
6 119
10 82
9 224
4 26
3 165
10 163
20 289
10 340
5 302
20 175
3 180
18 352
1 160
11 178
6 104
4 59
17 20
11 119
1 35
19 222
13 70
4 119
4 334
2 310
4 128
17 164
14 293
14 371
2 152
2 212
5 378
12 29
12 316
1 36
14 339
1 101
18 283
8 113
5 293
6 187
14 279
4 251
8 155
7 302
3 167
3 134
10 198
8 18
9 99
5 7
5 239
11 142
15 362
9 226
19 374
2 56
11 169
15 57
17 220
5 130
11 37
17 50
15 120
7 30
9 47
17 150
16 178
14 56
11 382
18 257
17 44
15 301
1 123
2 95
10 290
8 327
10 297
2 142
20 329
13 244
9 189
16 62
5 278
18 341
17 67
8 240
4 142
14 249
8 125
6 11
1 325
7 294
4 136
3 197
11 181
17 34
4 247
12 24
15 136
1 104
2 119
18 203
9 5
17 31
12 216
19 198
14 258
12 349
1 164
20 126
8 319
3 29
15 116
20 124
12 45
13 81
2 228
5 377
20 168
3 350
5 211
5 220
19 99
4 379
7 323
14 142
14 216
2 182
5 322
10 101
1 149
3 109
19 121
8 296
4 39
13 20
3 281
14 244
7 113
6 37
1 11
15 51
18 177
10 304
2 24
2 212
17 161
7 166
10 15
8 147
5 366
17 253
13 98
5 317
13 367
12 104
5 160
12 63
9 93
15 228
7 48
9 125
4 357
1 378
18 124
11 187
18 274
6 61
6 275
10 54
3 355
14 298
9 107
9 257
18 80
10 270
14 148
2 294
15 159
3 33
6 154
6 382
16 52
16 137
6 8
6 257
8 296
12 379
17 217
14 63
18 187
3 238
19 33
20 206
19 339
7 227
12 300
5 61