150
2.94 2.59 1.0 2.03 2.81
7 1
4 23
2 72
10 59
4 18
2 61
10 68
1 66
6 30
1 73
3 0
6 60
8 41
2 71
8 46
7 46
2 59
4 0
2 38
4 25
9 45
4 7
7 57
4 60
3 68
5 38
3 9
3 60
5 18
4 40
1 54
9 24
10 66
2 34
2 23
9 29
6 57
2 4
2 74
10 68
8 51
2 54
6 14
5 62
9 62
9 74
1 12
8 45
6 73
3 14
2 72
7 24
9 65
5 41
5 60
10 13
8 14
9 66
8 10
9 13
10 64
4 33
7 27
1 64
4 2
6 20
2 33
10 66
5 19
6 25
1 56
7 33
10 7
5 65
3 59
8 37
3 61
2 63
3 21
9 24
9 42
9 36
7 19
6 4
5 39
7 64
2 50
4 73
9 7
4 55
2 39
6 31
6 37
2 25
10 6
3 16
10 4
4 59
3 1
9 63
3 11
5 12
3 24
8 67
7 10
3 73
9 48
1 58
10 55
3 68
1 61
2 5
5 18
3 1
10 55
3 16
1 58
1 32
10 73
7 6
10 21
4 28
10 38
7 13
8 63
4 35
2 0
3 33
3 57
8 56
1 36
9 57
10 66
5 6
5 24
10 17
1 35
10 40
6 67
3 6
8 58
6 48
3 71
6 52
4 70
10 1
1 40
8 71
8 20
6 36
