150
5.9 5.26 1 2.88 3.45
14 64
10 39
5 41
1 51
13 10
13 124
13 136
14 216
9 21
1 70
10 177
3 114
13 107
10 78
10 185
12 80
15 113
11 62
4 175
5 69
5 5
5 116
10 9
3 221
11 108
11 3
8 50
6 31
5 5
13 150
11 7
1 33
11 76
11 111
13 148
7 54
10 39
4 163
10 134
12 165
7 148
4 27
13 129
13 224
12 184
8 111
3 147
9 10
15 61
6 122
9 7
13 117
1 194
12 36
1 129
2 217
13 189
13 110
7 52
1 96
9 75
1 98
8 27
11 172
15 109
11 181
1 196
12 194
7 27
13 118
2 78
3 115
1 160
5 10
5 64
4 25
15 210
6 17
8 83
13 54
4 98
3 200
5 55
5 20
4 92
15 76
1 172
14 149
3 43
15 122
14 127
3 144
6 136
9 215
12 180
13 44
12 24
1 227
2 178
4 117
6 186
4 154
4 39
8 60
5 71
11 197
11 32
6 26
13 76
4 164
2 210
13 75
3 112
1 15
14 146
7 12
1 159
2 201
6 66
3 121
1 221
11 194
14 22
3 192
2 173
4 127
15 25
2 78
7 158
8 223
7 225
8 201
12 197
1 169
7 203
10 156
12 76
5 202
9 196
4 4
4 108
1 196
9 113
5 53
12 159
11 219
14 17
2 12
2 220
4 75