450
4.14 2.6 1 5.21 2.9
11 581
7 280
11 677
14 830
4 645
20 2015
20 899
22 1409
21 1126
38 808
43 1018
13 821
19 1136
6 165
37 242
32 490
41 1261
11 1045
45 1363
27 1430
42 1557
26 368
10 1670
11 419
20 2038
36 987
15 376
5 1826
21 589
21 440
44 496
27 1470
1 886
11 1944
7 157
9 346
40 1217
8 541
22 1839
36 585
26 1530
9 1451
39 1697
37 63
8 570
41 1913
18 1687
11 1516
10 1668
43 262
24 185
34 1267
31 1419
29 1193
44 562
40 444
19 313
11 2016
23 1100
21 1370
7 1184
36 345
35 1409
12 1750
13 1128
4 1422
26 982
1 1945
36 1854
35 1455
41 938
37 483
30 777
23 474
41 1142
34 1413
44 1133
4 576
31 1744
5 1219
35 1568
43 171
31 869
42 1016
33 337
30 1755
33 876
33 1885
7 1622
41 432
17 1097
4 520
43 1394
31 726
11 1980
3 912
22 1313
2 1918
42 1458
30 125
13 1970
14 310
1 287
39 1446
16 683
14 220
14 202
34 279
45 1096
29 1665
34 2014
40 925
28 1820
14 1549
7 245
22 1943
4 1031
34 219
17 1020
23 1003
34 2004
40 682
38 462
9 363
29 1772
20 1772
39 147
16 473
19 1296
21 878
18 1791
45 399
10 1600
11 1703
23 1696
10 2033
7 1400
11 464
22 1292
24 1138
17 93
2 673
4 525
13 1367
29 1583
36 1648
25 869
3 536
24 1921
13 1100
10 1898
5 1189
34 377
25 2039
6 1029
25 590
40 1802
6 478
18 1513
13 31
37 57
30 1113
37 1359
29 882
20 196
9 1303
21 1437
17 1872
17 71
29 1390
6 1678
15 1046
9 143
40 1700
5 1943
27 1738
8 207
6 1374
33 1105
40 687
36 1748
25 511
24 1782
6 1804
14 1369
5 668
2 1386
15 1046
27 956
27 203
36 671
1 171
13 1188
44 1051
20 312
36 146
37 38
5 1982
19 29
21 87
29 435
31 990
16 1686
32 1142
31 482
41 446
30 143
17 1942
8 1677
34 1649
26 306
36 1731
3 2049
10 12
39 1556
19 1962
3 438
5 1189
33 1141
34 456
21 1977
43 1049
16 914
4 120
24 33
10 1837
23 1088
40 1041
42 63
19 1459
22 879
41 981
22 172
41 1737
26 1467
15 1767
17 923
45 1368
2 701
20 1577
14 1709
26 1634
11 1090
35 1865
21 970
37 1960
8 777
14 1148
34 1047
13 1752
19 405
31 1830
25 294
23 1051
43 1034
11 300
41 592
39 68
3 549
28 928
24 1492
7 473
12 389
33 1668
43 1104
11 917
27 866
23 209
15 1468
6 118
34 2035
9 312
37 545
12 860
32 1152
10 60
38 1919
45 894
12 859
2 79
20 1785
23 705
40 1187
10 40
40 1766
26 347
33 376
2 1246
24 159
5 578
30 1333
40 134
30 694
21 1493
33 1057
37 379
19 1128
42 1791
40 1847
11 442
6 723
22 973
9 1514
19 44
5 261
25 172
31 1694
23 1619
11 169
24 579
12 280
10 885
13 702
16 47
10 1444
6 389
28 1319
45 1984
14 205
24 586
23 1441
39 562
7 1838
9 1352
34 1001
24 1310
30 6
20 825
45 1264
19 1959
11 1213
6 529
5 794
44 1065
28 1770
18 295
21 697
8 1116
25 50
18 173
14 886
44 806
23 809
32 1295
18 352
18 1293
42 1748
25 395
36 1416
44 1529
3 485
27 1678
32 1984
36 593
3 654
4 404
37 1535
25 1147
10 1732
12 306
17 1714
3 2038
31 319
6 521
23 1717
5 1856
37 1265
44 1578
38 1118
35 171
28 1536
45 634
22 778
11 427
5 6
18 205
7 585
33 920
28 560
40 1040
2 1519
32 1646
15 331
42 1126
40 144
30 1754
8 673
35 62
34 1916
33 442
25 1274
27 378
34 1089
5 1685
25 647
11 498
14 250
19 1080
26 708
13 1906
6 1595
27 1068
19 819
17 1707
8 1023
3 950
29 545
6 115
32 586
18 740
45 1432
6 254
34 268
9 512
7 164
39 1533
25 263
38 939
31 760
7 322
6 77
11 39
3 1912
25 1328
33 1035
30 130
45 1863
26 495
36 782
20 1778
28 1512
37 614
41 618
35 149
7 1898
44 1675
44 1826
27 1444
31 1024
40 597
4 1763
20 1993
2 797
17 1590
21 1128
16 1950
10 551
6 1638
34 1078
34 1160