400
2.04 1.0 1.78 1.42 2.28
4 9
6 42
9 44
2 189
1 74
1 17
9 28
3 179
4 52
6 181
3 72
2 105
5 41
1 6
6 85
3 194
5 163
6 12
7 93
8 80
9 97
2 30
4 138
4 115
7 162
2 81
5 80
1 78
9 106
7 38
1 143
4 155
10 186
1 27
9 151
10 173
7 171
5 172
7 82
8 196
7 78
5 15
9 158
9 135
2 149
4 80
10 161
6 101
7 135
7 170
7 113
6 114
3 28
2 26
2 43
4 20
6 48
4 113
5 67
7 18
1 157
1 164
2 76
3 112
7 169
7 78
2 64
7 155
8 192
9 34
8 84
9 33
3 40
5 184
1 58
7 46
4 55
5 58
2 147
2 34
2 94
5 181
8 175
7 61
10 78
4 20
5 99
5 87
9 147
6 193
10 72
1 115
2 18
1 82
5 13
7 145
3 177
1 189
6 125
2 192
10 108
4 92
5 119
2 131
10 23
10 145
4 38
6 178
10 93
8 95
2 105
3 129
9 177
9 149
8 111
2 8
2 113
1 114
7 138
6 182
3 166
3 11
1 194
3 170
8 107
5 162
2 156
9 105
4 192
10 43
10 24
2 136
4 20
4 191
4 45
9 188
8 116
2 7
9 98
10 195
6 75
9 183
6 20
9 199
5 134
3 62
4 173
1 95
4 84
10 32
5 42
7 96
9 59
8 83
9 189
9 4
4 182
9 160
1 99
4 92
4 44
6 198
3 192
8 152
4 169
8 85
10 171
1 119
9 33
1 23
7 153
1 144
8 21
9 31
3 19
10 156
3 161
1 62
5 90
10 172
2 147
7 121
8 5
9 189
2 75
3 113
4 119
3 60
9 74
3 2
6 79
5 171
7 99
8 177
10 63
10 14
4 60
6 71
3 18
1 168
8 10
8 8
2 50
6 13
2 187
5 176
6 112
10 42
8 46
3 194
10 88
1 1
7 28
7 145
8 76
4 112
10 86
3 44
5 175
3 128
7 47
8 197
9 128
3 40
4 127
2 151
9 157
9 43
7 124
4 140
3 181
8 161
6 50
8 162
4 75
4 13
8 27
4 124
9 154
10 101
4 97
4 98
8 146
7 66
4 142
5 63
6 102
5 89
7 189
3 169
9 8
8 195
5 117
10 72
5 68
1 98
1 26
7 150
8 149
2 46
2 24
8 179
10 84
4 112
3 53
1 58
7 181
6 181
9 179
7 118
1 193
4 34
1 73
9 23
5 16
3 82
9 199
3 120
3 56
3 89
4 72
8 182
5 151
8 44
5 68
7 51
2 61
1 56
2 33
7 83
9 41
7 92
4 16
8 183
4 93
3 166
5 26
7 12
3 113
7 117
3 182
6 191
9 171
10 38
1 75
9 159
2 155
2 131
8 187
8 32
8 190
7 194
6 73
6 180
6 120
7 7
8 96
4 156
3 31
6 90
4 114
3 137
2 145
1 2
1 60
3 165
9 55
7 183
9 73
8 164
3 30
6 43
5 21
9 71
6 152
4 75
3 113
4 169
8 97
9 40
8 193
6 63
8 93
10 96
2 36
10 82
6 43
1 173
4 38
7 88
3 162
4 92
2 95
4 127
10 168
1 46
4 21
7 167
9 42
10 8
3 141
6 97
5 134
1 54
5 197
4 186
10 133
6 14
1 3
2 46
6 172
1 178
5 103
5 176
2 1
2 44
6 0
3 124
1 152
5 176
6 59
6 142
3 31
10 71
1 90
2 65
1 129
6 168
10 119
3 187
3 44
10 3
6 151
4 5
7 199
6 113
9 113
8 29
9 154
4 114
