350
3.29 5.3 2.24 1 1.62
16 271
32 775
27 565
18 98
34 463
25 733
34 258
18 1051
17 0
18 234
19 435
5 1329
18 488
35 566
1 214
29 468
6 514
25 932
12 80
10 299
20 559
33 424
15 577
28 986
7 1095
28 154
5 500
14 711
34 509
3 1049
30 909
13 250
30 1134
15 356
18 930
16 1164
34 352
14 330
7 441
21 409
18 647
10 718
13 580
8 46
5 1001
20 54
34 1191
16 1245
17 1150
18 887
24 720
35 1073
7 1302
23 1166
10 696
28 894
28 974
3 483
5 15
29 644
9 3
26 626
35 687
15 273
18 981
26 956
18 1300
2 820
29 1094
10 1268
15 50
30 618
18 1328
18 469
30 101
29 828
13 315
24 384
35 83
7 193
2 231
17 521
35 291
8 717
8 856
20 1178
21 1106
2 1325
2 1098
11 158
32 302
11 689
16 706
34 1165
14 1013
27 130
31 681
32 374
5 872
33 1062
24 1212
26 225
15 917
34 405
9 886
34 56
7 1304
30 189
13 105
31 130
34 339
15 927
26 380
19 1043
29 372
30 1290
22 1225
15 305
5 61
27 170
33 142
18 498
22 1183
31 458
31 463
10 830
23 1155
34 381
18 794
17 831
29 256
5 763
7 395
4 526
34 872
14 974
28 715
35 483
17 1085
6 78
4 1095
4 613
28 286
30 1291
16 313
13 855
4 1002
26 1329
15 1083
3 758
25 1214
20 559
14 389
3 829
14 1260
23 147
29 499
9 1055
15 1047
4 875
24 65
30 491
13 1114
26 1065
7 4
32 635
17 37
15 397
10 819
33 553
35 787
4 316
29 565
28 1264
31 659
4 521
11 675
4 1177
28 388
1 498
5 1333
17 184
35 1285
19 660
4 48
27 458
33 532
22 1026
5 394
22 502
35 540
12 412
3 401
26 494
28 268
31 1210
11 642
32 503
9 1065
33 1004
6 319
19 390
29 661
29 911
12 941
31 919
17 1314
12 1224
31 3
15 618
21 596
4 317
12 829
31 442
19 870
21 172
34 242
9 1256
30 41
22 360
34 1333
25 622
11 331
23 705
5 84
25 496
3 282
31 761
12 602
3 211
11 706
22 819
28 1131
35 571
26 1068
10 321
20 1126
20 176
11 343
32 1260
24 1180
10 847
12 781
8 258
7 145
26 517
29 1264
3 339
30 588
19 1319
9 757
9 613
26 869
17 566
8 1271
12 446
31 647
11 506
18 786
14 1183
7 733
19 709
34 822
11 563
10 51
32 724
34 1291
22 820
25 13
29 602
29 770
13 827
24 388
22 262
2 881
24 1114
29 1259
10 43
22 844
35 580
2 692
24 102
29 49
28 1214
32 193
26 1073
19 918
23 479
27 436
27 669
21 26
20 1313
19 449
6 748
12 233
32 1198
24 1181
22 326
24 847
5 638
20 397
30 898
1 1003
18 20
11 803
15 828
31 1123
15 1029
21 649
35 620
24 1232
15 789
31 810
17 79
2 1116
26 299
3 335
4 899
7 172
23 470
25 230
30 1101
18 50
6 649
13 1149
11 323
17 2
28 1161
8 1162
8 666
23 464
16 128
19 963
31 357
2 1189
35 630
4 1260
31 851
10 458
15 899
1 1077
29 531
10 662
7 918
17 782
30 438
18 337
12 744
33 296
17 743