450
2.84 1.95 1.0 1.65 1.64
8 82
10 47
8 117
7 215
9 139
5 88
5 99
3 51
2 187
2 190
10 73
2 202
3 19
4 199
5 157
7 217
10 133
8 20
7 111
8 52
6 142
6 180
4 32
3 178
2 52
2 196
2 183
7 78
9 6
7 213
8 51
9 95
1 113
5 150
9 21
4 2
6 187
5 6
7 153
9 45
4 117
8 45
7 124
8 118
7 6
8 45
7 77
2 25
7 96
3 171
8 219
2 211
2 222
4 133
9 213
9 111
3 13
5 191
6 180
5 77
2 201
10 132
2 161
4 184
5 159
8 165
1 88
9 106
9 23
2 39
8 39
4 192
1 159
6 170
2 57
10 107
8 134
6 132
6 191
3 45
2 195
9 74
9 53
10 20
6 76
2 81
6 104
4 118
8 112
2 25
9 19
6 142
10 161
6 112
4 139
7 222
6 112
7 197
10 180
7 63
6 207
3 212
9 116
5 52
9 164
9 189
2 28
5 152
6 71
1 17
3 101
9 64
5 154
1 127
7 121
10 101
7 130
8 161
1 171
6 195
6 18
3 182
6 131
10 219
4 52
8 129
9 49
3 182
9 140
10 209
5 177
7 95
10 184
3 109
5 15
6 44
2 56
4 73
10 64
5 142
4 97
10 122
2 130
5 192
6 122
3 103
1 3
2 40
9 157
6 161
8 40
4 91
5 219
8 28
10 123
7 94
3 39
10 213
8 112
1 222
9 131
7 25
2 103
1 211
1 164
2 137
1 44
2 134
1 203
8 128
4 219
2 84
10 45
1 87
1 88
6 80
7 61
6 129
3 93
9 38
8 78
7 212
8 139
4 4
3 52
5 208
8 16
8 56
7 47
8 194
1 68
10 105
1 67
1 194
10 184
5 83
8 137
8 68
3 119
4 175
10 169
2 13
7 8
2 158
2 211
4 134
5 105
8 178
9 208
5 81
2 168
4 70
7 117
8 222
2 46
9 136
10 160
9 214
2 174
3 35
7 94
2 1
2 55
8 157
7 187
5 66
4 19
9 138
10 45
6 34
9 165
4 150
2 131
5 33
5 220
2 112
7 151
7 222
8 56
6 157
9 104
5 220
1 90
2 177
1 45
6 207
5 208
7 30
2 99
6 46
6 221
6 31
2 167
8 146
3 126
1 32
2 189
6 3
10 2
1 189
4 56
9 219
1 207
1 202
5 156
7 151
7 16
9 4
7 140
6 162
6 106
9 214
1 29
9 48
2 7
7 65
1 32
9 79
1 69
1 127
1 144
5 99
5 195
10 174
9 140
1 70
9 180
9 221
6 119
9 151
6 171
9 84
6 213
10 207
2 46
1 106
8 23
3 125
7 167
5 147
10 104
4 84
9 33
10 19
4 88
1 15
7 65
3 202
5 126
7 127
7 215
10 201
8 74
7 16
2 87
1 123
10 50
8 70
9 61
5 94
2 30
2 72
7 96
8 7
10 120
10 93
1 55
4 42
10 110
6 167
4 221
8 196
7 132
7 192
2 197
3 114
8 45
7 50
10 193
1 188
9 98
10 126
4 113
2 139
6 167
9 164
2 28
3 11
2 30
3 97
5 116
6 158
6 14
8 182
9 186
5 115
7 192
4 73
1 110
6 74
2 210
5 173
7 15
3 153
3 104
4 19
7 206
3 131
6 40
3 32
10 170
9 75
8 110
8 82
4 45
5 140
5 81
9 11
2 207
8 52
2 59
6 139
7 42
9 118
2 9
3 129
1 110
8 67
1 213
3 206
3 99
8 215
5 218
3 126
2 117
2 90
7 30
8 14
1 33
8 187
7 169
5 22
8 5
8 25
3 164
1 84
6 172
9 146
4 12
10 12
9 49
9 101
1 126
2 82
9 114
1 27
8 114
3 185
8 118
5 22
6 209
8 39
8 11
9 85
10 138
1 111
8 21
7 152
3 187
6 78
5 176
1 201
6 215
10 37
5 103
1 175
9 149
3 224
8 115
9 146
6 154
6 80
2 102
1 91
7 67
2 64
3 200
3 108
3 49
8 100
