450
3.66 1.79 4.87 1.46 1.0
13 4175
19 1144
1 2215
9 4358
5 3527
14 91
8 4189
11 245
16 1629
2 3762
3 1479
15 4487
8 1276
12 3597
7 1422
19 3781
15 4274
2 741
12 4159
1 1508
4 2519
17 4234
6 755
5 2070
7 3051
15 3251
16 1973
19 1050
17 2648
2 1430
5 738
12 2697
13 3293
12 1455
19 1023
8 1629
17 3462
6 3067
1 1491
17 2508
13 4392
4 530
5 135
20 4171
16 1194
7 2057
4 3970
11 4088
3 1623
10 125
10 479
17 3637
1 867
13 19
2 2740
7 4123
3 436
2 3390
14 2267
8 3069
19 2711
5 3757
13 2697
2 1153
12 3756
11 2071
6 1413
1 906
11 681
19 3818
2 4201
11 2250
2 4417
5 1579
8 2623
8 1956
12 534
1 3709
18 2814
15 4292
15 300
12 1555
1 3075
2 2411
13 2920
17 1244
7 4225
8 3703
3 3775
7 181
6 3481
8 2768
4 531
17 475
17 1555
2 2505
15 925
13 1018
7 1302
17 4283
9 4307
6 1233
13 2855
13 4235
2 4004
13 805
12 1819
16 2483
15 1915
4 3960
4 86
8 881
15 2741
1 1624
3 3511
4 3585
19 1132
4 4483
19 3744
8 595
13 4065
15 1885
8 2943
11 215
10 4372
11 1130
19 91
17 3479
13 3566
18 1628
9 1404
13 1104
18 2925
7 983
15 2795
9 1410
9 1976
7 3998
16 4418
19 3526
18 2624
18 2083
8 379
3 3481
6 2417
19 588
11 931
9 531
11 1322
8 3393
7 1584
4 100
1 4429
2 2281
4 1436
5 2039
16 2583
20 1397
20 2322
18 1884
20 1589
16 3167
19 3024
12 1051
10 2715
5 3646
15 3104
13 333
8 1285
7 3532
14 1316
10 2448
17 3702
8 999
14 3769
9 2091
14 3320
4 1909
13 763
13 2876
19 3810
1 3698
7 1639
3 3266
10 1929
14 2910
13 1580
8 4480
15 1864
15 2603
19 4181
19 3856
10 3394
13 1470
3 1977
6 3378
2 1784
17 293
4 2542
10 2752
8 3522
9 2046
14 3191
3 3258
6 4184
13 4124
10 3372
8 4022
6 2716
16 4376
5 1982
15 1599
19 2211
4 1789
10 1876
2 2983
13 3826
17 4212
4 1819
8 1856
13 4075
11 3411
4 1340
8 3415
9 3809
7 2962
7 4332
20 1920
3 663
5 3883
11 2884
7 3036
15 2319
12 1969
16 2457
8 1670
1 1869
1 4449
8 1164
9 3902
9 1507
11 1572
19 301
7 3776
4 2290
14 790
13 2666
6 67
17 646
6 2887
6 3648
15 1665
16 2596
18 3608
20 945
18 585
2 3119
11 325
16 1058
8 3562
10 332
7 1572
2 1133
13 2370
19 3175
2 1261
8 3750
1 1243
6 1911
2 843
17 1532
9 1175
7 1642
14 1130
17 263
1 3044
17 990
7 2763
2 997
20 1220
16 2091
16 3057
3 1162
15 722
5 1627
6 2189
5 2532
16 2769
11 4409
11 2227
7 4308
3 2533
6 1574
10 1725
19 4164
19 1111
20 1175
14 1606
17 625
20 2350
9 1778
10 3530
1 2112
11 2373
1 809
11 1913
14 2078
8 883
10 3202
10 52
15 2277
11 2861
1 2908
1 2531
9 18
8 1182
16 3137
11 162
18 1256
18 3923
3 511
8 1634
13 3480
4 4321
17 2509
18 3037
10 4317
14 3618
19 293
11 4203
20 2067
2 2018
14 806
5 2748
16 3780
8 2109
1 3087
14 2087
16 30
7 1108
16 2749
19 2487
6 3253
12 551
12 1185
2 3394
2 968
1 83
14 2146
12 1379
9 2249
5 3088
16 297
16 3539
19 2440
4 39
8 1110
11 1421
19 1974
15 3531
19 1329
11 2046
11 2347
11 1516
17 4013
2 2282
2 2207
19 3039
10 3907
20 2599
16 2713
14 39
11 4152
13 1993
19 1809
18 3355
10 2572
14 2791
6 1969
13 2644
16 1542
19 2644
17 512
1 3607
16 246
7 4136
12 2075
17 1445
13 907
18 1163
13 1764
7 2156
6 2690
1 3036
7 4131
9 3647
2 1252
4 3035
15 2606
19 938
11 2872
17 2324
15 1838
18 835
3 1989
7 1017
19 527
5 2364
15 3811
20 2779
7 1292
11 2703
11 991
20 1989
2 4196
2 2311
7 1461
9 3369
14 1649
14 666
11 4122
15 2140
14 3664
16 4283
17 29
3 3705
1 3085
12 402
8 279
16 2162
1 3635
10 2726
15 452
18 1898
17 2995
18 460
8 1907
8 3604
12 3361
6 1616
13 383
10 3355
19 2479
15 629
11 361
20 2455
5 960
5 481
18 1130
6 3868
