150 
3.84 2.57 1.22 2.77 2.44 
32 164 
11 191 
22 34 
15 437 
76 375 
19 293 
23 507 
65 426 
66 50 
60 290 
22 32 
53 351 
9 578 
40 596 
68 130 
36 444 
34 427 
50 428 
65 15 
66 30 
52 311 
36 535 
50 412 
30 62 
6 210 
47 598 
1 221 
27 570 
68 576 
19 432 
15 129 
46 128 
63 72 
21 286 
41 45 
10 436 
46 46 
5 311 
39 429 
44 580 
15 413 
30 381 
20 597 
63 190 
19 309 
26 174 
78 586 
11 14 
55 271 
9 392 
1 482 
14 551 
34 361 
61 579 
7 4 
30 446 
29 212 
75 188 
50 43 
14 219 
57 62 
9 314 
55 186 
60 295 
25 245 
28 47 
10 499 
9 337 
52 582 
77 337 
63 353 
3 75 
12 28 
77 106 
33 466 
5 324 
67 597 
54 455 
31 198 
30 507 
59 378 
44 71 
36 591 
68 498 
77 205 
20 521 
48 46 
40 37 
70 510 
62 533 
10 129 
10 259 
17 482 
21 205 
43 238 
27 347 
2 275 
62 306 
75 127 
13 384 
65 593 
37 0 
37 345 
31 79 
67 248 
14 589 
62 139 
29 363 
63 536 
53 182 
28 391 
16 333 
27 301 
67 563 
64 97 
52 522 
77 234 
4 280 
71 421 
51 195 
77 299 
44 431 
51 328 
80 543 
64 142 
72 460 
29 332 
15 256 
41 526 
14 146 
61 530 
3 125 
1 505 
39 280 
9 198 
35 193 
66 562 
37 507 
44 65 
1 22 
46 13 
53 52 
76 187 
73 550 
28 532 
30 300 
70 414 
56 331 
78 279 
8 559 
