250
4.53 1.44 1.54 1 3.15
7 191
1 366
27 37
7 91
32 242
10 161
23 387
49 187
33 131
27 86
23 286
14 13
1 98
49 221
28 18
33 321
2 178
20 236
12 37
34 222
4 101
43 339
38 175
32 381
26 359
41 36
49 308
13 118
43 352
34 81
13 177
48 145
39 384
24 274
12 38
45 105
31 150
37 4
40 372
39 205
35 77
8 44
37 340
44 137
29 336
33 133
38 196
48 302
21 21
23 188
12 171
18 89
31 345
9 143
1 62
8 93
42 333
10 344
34 177
5 49
34 203
43 317
9 258
44 94
30 379
5 336
14 382
21 85
8 60
12 68
8 129
28 62
12 83
17 161
40 212
17 127
12 74
4 129
25 242
47 125
29 28
50 178
44 299
39 45
14 249
13 202
30 169
44 260
17 384
6 294
21 189
13 41
19 303
10 282
22 375
2 27
4 197
22 4
5 72
4 120
16 20
36 326
48 380
4 5
1 52
23 384
9 239
3 3
11 345
36 307
18 236
8 126
30 162
4 175
17 172
23 357
11 372
3 134
30 48
6 241
9 187
25 121
27 20
41 0
37 327
23 149
25 324
14 281
41 330
4 25
18 2
41 198
7 181
12 305
11 32
12 212
1 156
17 184
35 90
14 17
26 252
21 192
14 148
10 113
23 259
43 389
19 319
5 274
37 65
20 164
25 193
40 312
10 147
36 367
29 386
41 60
10 55
45 235
13 317
22 269
12 92
38 10
41 271
7 336
15 210
32 138
48 311
45 203
10 374
41 324
12 347
23 53
32 316
50 41
40 38
18 89
5 292
45 97
41 276
16 322
26 294
4 267
16 267
50 286
10 346
23 180
38 352
10 56
5 288
2 150
21 194
25 320
8 51
45 210
22 48
4 60
7 270
2 299
44 38
39 85
46 103
11 302
9 265
30 30
32 244
24 392
10 184
16 121
28 176
25 62
33 158
47 139
26 290
17 368
30 216
22 239
33 149
44 330
47 152
38 54
14 96
46 306
42 147
20 173
3 386
44 329
13 65
46 170
29 40
22 360
49 92
27 32
22 320
8 125
1 74
1 223
26 306
11 350
29 34
13 143
3 356
31 114
36 135
34 247
3 243
7 207
30 78
50 111
33 110
40 122
