400 
3.68 3.96 1.92 4.45 2.93 
54 924 
66 183 
39 1458 
67 1486 
42 1368 
80 1395 
56 235 
65 1025 
19 154 
53 1397 
67 1275 
70 30 
36 457 
10 557 
45 106 
56 1531 
70 836 
54 1481 
12 108 
29 1382 
33 1482 
10 145 
33 281 
38 131 
63 187 
41 734 
44 1562 
7 24 
61 1262 
55 1367 
45 1453 
49 1471 
21 7 
10 639 
64 1234 
67 904 
17 1535 
37 81 
71 391 
74 654 
40 1157 
77 434 
34 1323 
33 1459 
35 471 
68 685 
3 1405 
51 640 
34 1066 
38 1177 
29 423 
75 1043 
2 1173 
72 1227 
40 390 
21 1522 
80 928 
8 1131 
50 611 
2 218 
21 758 
31 1192 
42 376 
15 58 
26 513 
5 1297 
49 1302 
25 479 
26 613 
56 1083 
9 824 
76 1600 
66 371 
60 1122 
12 1280 
76 379 
28 1219 
7 890 
79 387 
29 74 
55 810 
55 326 
20 1061 
20 880 
52 627 
21 1302 
47 1098 
1 1133 
59 1127 
16 862 
45 1510 
46 1299 
79 136 
39 526 
14 224 
42 562 
54 1031 
66 998 
66 769 
29 1526 
33 1292 
80 35 
9 1490 
19 938 
39 470 
61 130 
50 1306 
37 210 
42 733 
23 424 
12 611 
64 1237 
40 413 
61 292 
20 1235 
21 1305 
51 161 
20 627 
38 1454 
64 469 
65 1322 
19 233 
15 437 
30 110 
11 1358 
58 468 
78 823 
30 467 
37 592 
48 553 
68 396 
7 1398 
8 1364 
18 1233 
47 1076 
55 1284 
59 1546 
26 141 
38 1514 
35 427 
6 799 
34 1423 
71 1554 
55 217 
42 1147 
72 513 
77 1059 
5 862 
3 1083 
44 424 
6 264 
24 449 
23 1427 
59 19 
1 1283 
23 543 
4 616 
53 1380 
49 3 
16 1503 
52 429 
37 366 
2 828 
76 873 
10 1175 
13 1574 
43 241 
8 1375 
73 52 
2 1254 
18 1061 
40 818 
52 739 
11 783 
25 116 
49 31 
54 1552 
52 1390 
50 1015 
73 205 
58 975 
25 420 
50 783 
20 1486 
4 730 
60 449 
36 1008 
76 1089 
59 1168 
73 659 
51 552 
56 1152 
49 20 
37 1068 
45 599 
1 90 
36 745 
46 243 
20 308 
15 1312 
20 735 
64 730 
45 433 
76 1282 
75 1478 
10 1548 
58 1073 
24 605 
13 1047 
72 1321 
8 203 
3 1028 
32 907 
55 219 
22 521 
9 749 
40 859 
4 1415 
66 1590 
36 147 
25 1067 
24 951 
8 651 
57 1232 
16 898 
16 656 
35 1152 
54 69 
56 1019 
52 1050 
76 239 
54 1448 
22 562 
34 571 
51 1559 
72 127 
31 1197 
35 1258 
12 618 
39 147 
32 1587 
32 1073 
27 272 
26 1298 
72 1598 
20 639 
31 261 
9 239 
55 1427 
56 112 
10 560 
58 1498 
77 1339 
32 379 
45 451 
74 1046 
65 795 
5 1446 
24 1155 
69 745 
24 371 
10 4 
76 1295 
60 1183 
24 1156 
19 343 
74 568 
33 1457 
5 1484 
51 663 
25 251 
27 966 
63 632 
53 1254 
9 1214 
75 1551 
67 19 
24 867 
77 1352 
79 214 
41 72 
47 111 
70 648 
15 631 
60 1011 
20 1324 
23 1330 
51 457 
27 1151 
2 1139 
79 584 
31 940 
62 1260 
25 1588 
28 724 
68 1366 
21 409 
12 1412 
50 1343 
75 1325 
57 1421 
63 445 
73 114 
39 1422 
57 1339 
14 1120 
62 1327 
35 1385 
47 804 
74 1021 
21 412 
77 996 
39 1024 
62 47 
55 928 
35 729 
20 1104 
61 394 
23 77 
49 701 
26 480 
40 670 
75 1232 
45 486 
74 721 
66 1025 
5 158 
14 352 
15 688 
37 279 
53 1378 
62 325 
45 598 
63 622 
19 1488 
44 1078 
46 477 
13 227 
13 1355 
26 1379 
12 1367 
33 988 
2 638 
32 149 
58 471 
16 775 
21 339 
73 908 
63 776 
54 302 
8 1427 
13 160 
20 473 
5 222 
52 892 
39 640 
74 239 
29 398 
21 1360 
25 862 
21 622 
72 1559 
60 700 
75 211 
31 690 
56 963 
20 862 
67 846 
35 1174 
27 82 
71 693 
13 1187 
63 1102 
54 1433 
17 57 
65 1291 
68 616 
4 949 
49 1098 
13 1403 
6 103 
49 890 
10 74 
71 837 
79 25 
22 110 
47 779 
19 464 
75 699 
62 725 
55 1546 
36 792 
33 977 
71 914 
47 79 
6 1147 
36 1211 
13 679 
17 773 
29 1433 
