100
1 2.08 3.72 1.28 2.66
5 11
20 456
63 39
10 133
72 435
35 93
65 324
38 257
29 397
36 301
39 414
10 122
75 164
60 0
49 57
72 84
12 316
36 321
66 144
23 384
27 127
47 76
67 112
57 12
52 236
44 249
27 227
29 308
71 1
23 42
29 192
38 135
45 391
69 344
51 85
59 85
30 449
32 94
58 109
48 241
2 118
31 372
45 111
68 140
70 460
41 191
70 237
61 204
18 81
75 48
51 221
1 197
73 346
73 454
70 103
22 169
64 199
34 91
15 239
77 291
34 104
7 167
45 347
10 439
19 113
44 66
35 90
55 170
68 99
64 244
8 52
74 456
70 89
74 53
50 242
52 145
67 319
69 469
19 422
43 139
73 73
29 422
36 144
58 476
40 270
42 421
1 356
23 441
15 163
60 69
38 313
54 327
18 230
24 382
73 107
44 9
78 481
19 215
55 137
71 403
