500
3.05 2.78 3.77 3.31 1.0
14 91
9 2237
12 4826
3 2658
10 3191
2 129
1 2253
13 1615
18 4152
2 2954
15 1636
9 4855
4 4324
14 4789
11 3379
6 3338
17 1255
20 2614
2 3642
15 637
9 2635
12 3634
16 4256
20 79
10 1676
11 4874
10 3445
20 2047
2 3016
15 2225
11 1958
6 1633
1 1170
2 1925
1 4483
14 1274
11 1029
16 4139
10 199
7 2727
2 385
8 3399
6 3807
19 82
8 3683
2 1815
14 926
14 2723
18 2497
9 248
10 4118
10 3522
8 404
15 2735
12 2854
15 4608
17 1012
20 2458
5 1082
15 2784
19 4137
2 3605
17 2678
5 2368
15 2364
4 139
13 1359
2 1405
11 1758
14 2658
16 4928
11 4084
17 3818
5 2709
16 986
5 3287
13 3532
14 2094
6 4965
6 1270
12 1573
3 3344
5 2561
13 954
15 2219
3 4813
20 2289
10 2520
12 1005
8 4875
9 4876
2 4392
16 1072
18 3417
17 1818
7 2454
20 2820
18 3962
13 2370
7 3009
13 200
7 1854
9 3513
19 3230
4 1652
5 4550
17 4214
16 1203
13 384
20 3049
3 2142
16 3422
13 147
1 2060
12 3937
17 2618
3 2432
7 3651
14 1130
20 2515
4 938
10 2683
6 4749
3 3005
11 1944
14 1610
12 1314
2 3390
3 2189
10 172
18 74
3 2682
6 1879
10 285
3 4269
11 3106
5 2547
10 3836
9 1211
14 3752
14 861
11 1068
1 2184
10 4586
11 206
14 4927
13 1012
3 3963
5 3112
19 2687
4 1876
19 662
18 590
7 2095
2 1634
9 1504
3 2755
15 823
4 1326
1 4137
14 528
11 4072
14 1518
19 36
4 1115
17 3286
20 3756
13 2527
4 2951
17 1191
13 4196
8 4079
12 2884
20 2881
20 4009
8 281
10 1566
9 3308
19 1687
19 3264
17 2225
1 135
10 2110
15 273
10 570
4 1853
6 2802
9 4235
2 4725
5 2462
14 2619
10 2552
13 4774
1 1630
11 4456
16 1923
6 1735
16 4305
3 1757
17 72
2 193
20 480
11 585
5 4647
2 973
4 477
14 2530
15 4910
3 494
6 3039
11 4471
20 2307
17 632
15 4727
12 4213
7 2494
12 4186
6 2556
7 2041
17 4734
7 2722
20 1093
19 1741
13 1890
10 749
14 2960
14 2881
6 3119
9 2589
3 2859
4 4026
1 2374
18 3841
13 2784
10 3508
3 3620
20 1627
3 4354
12 3367
20 3605
4 1718
14 2470
16 4181
19 3588
7 2336
4 107
3 450
12 4591
1 827
11 2339
4 2674
3 1421
12 3020
14 2220
16 4039
19 3618
11 4072
13 4855
12 3554
20 812
9 1633
2 4460
3 2544
18 479
2 1601
12 2139
20 2802
5 3577
17 1318
12 2946
11 4332
18 2788
16 2386
15 456
2 763
20 921
4 2494
7 2279
3 1344
13 4999
6 1246
16 3991
2 3773
1 2705
18 687
14 3507
9 3629
14 3440
6 2726
5 4027
14 692
20 2478
2 2742
2 2307
12 3748
4 342
7 2446
16 1210
20 2419
15 4019
20 3999
12 612
1 3625
8 3191
7 3990
16 5
20 2693
5 436
12 2190
5 1856
12 4408
8 4038
2 2189
18 1708
7 4407
16 3277
13 2505
11 3666
18 4071
14 3019
4 3880
13 1026
16 509
15 3916
18 1718
19 670
15 4054
15 2829
3 1000
10 1678
12 1257
14 460
17 925
12 3059
13 4355
2 1247
1 3823
19 3776
19 2686
1 3608
12 4703
14 2279
2 4239
10 2779
13 3577
9 3470
14 520
11 3519
18 2986
12 1116
20 4978
3 2856
7 996
15 766
19 3593
14 1240
1 2001
15 4553
12 3552
15 347
3 2636
13 4374
5 1630
4 2818
5 379
20 562
3 2729
5 23
6 4176
11 732
10 693
10 2604
6 347
15 1223
12 1195
4 1550
12 215
14 2514
14 4271
14 1158
7 4363
11 4736
4 4708
14 1074
17 1970
6 4679
17 2822
13 4037
6 4050
19 4456
18 2749
3 4652
5 4190
14 4329
1 2441
4 648
1 342
13 1268
10 686
11 2116
10 2650
13 4695
8 169
16 4412
6 1466
4 2425
7 2979
12 2315
6 2152
6 4235
16 4538
17 466
13 3681
12 281
20 3007
8 3570
11 2225
11 1852
19 1152
1 325
20 4202
17 1261
12 2679
17 4282
2 4249
20 47
12 262
14 2283
5 766
12 80
15 3717
5 4871
3 3408
8 4899
8 246
2 2585
1 2492
4 4691
10 3434
8 4600
3 1420
17 1634
4 1246
17 2447
3 1367
15 2019
19 3593
11 3776
10 3852
5 617
18 605
1 2777
15 4042
19 1494
3 3941
20 1285
13 702
13 2519
15 4910
13 3648
19 1713
8 1230
5 2724
11 923
3 3180
10 1980
20 3584
8 657
8 2214
8 3346
20 1987
3 3923
15 2071
10 3686
19 2955
11 2385
16 515
7 4228
3 679
9 4328
16 4435
18 938
18 1531
15 2447
6 693
4 342
6 2172
17 819
6 2526
5 452
19 4656
11 1559
3 2817
3 1385
8 1785
15 548
19 1559
11 4399
15 4175
11 2946
