100
1.62 1 1.93 1.8 1.82
2 51
4 54
6 69
9 2
8 44
2 91
9 73
2 93
5 16
3 59
6 10
2 29
2 70
9 102
10 57
3 65
8 53
8 88
7 29
2 69
7 9
4 43
7 62
7 0
3 50
9 41
7 37
9 95
8 15
8 34
10 87
7 56
9 79
9 102
3 51
10 39
5 7
7 56
10 3
10 92
5 49
5 103
8 38
2 13
8 100
10 102
6 97
10 51
7 13
3 100
3 101
3 46
4 68
8 56
3 81
4 14
9 101
7 24
2 4
4 45
4 87
3 22
3 71
10 53
3 74
5 65
8 11
4 49
5 90
5 4
6 66
9 53
7 33
3 13
3 57
5 33
6 45
5 36
8 16
2 7
9 42
9 29
10 101
4 95
10 43
6 72
9 28
3 5
6 79
7 57
6 55
7 9
3 32
3 68
4 3
6 72
10 3
10 99
10 69
8 2