200 
2.23 2.8 4.45 2.32 3.39 
71 279 
80 508 
63 0 
10 449 
74 758 
80 253 
1 742 
77 35 
20 723 
63 694 
27 699 
10 616 
40 400 
14 38 
37 226 
39 452 
73 359 
15 611 
28 368 
50 388 
19 791 
8 145 
80 142 
17 152 
33 62 
25 20 
28 79 
3 138 
18 457 
64 522 
80 227 
9 520 
66 498 
73 303 
46 565 
24 101 
66 122 
55 662 
66 406 
30 122 
14 609 
77 695 
33 789 
73 619 
44 444 
75 450 
24 733 
47 171 
61 711 
36 21 
17 358 
66 388 
35 545 
34 127 
44 437 
41 735 
68 619 
65 387 
23 476 
24 456 
61 85 
23 584 
79 141 
32 687 
19 344 
16 263 
51 715 
37 262 
15 176 
68 472 
64 482 
58 460 
15 138 
26 414 
13 112 
69 499 
64 673 
26 187 
35 444 
61 522 
5 292 
58 123 
32 174 
17 103 
7 502 
12 642 
46 252 
46 729 
75 686 
41 731 
21 274 
53 751 
11 700 
56 164 
9 592 
53 675 
35 58 
13 115 
7 480 
51 49 
14 75 
20 687 
61 369 
8 166 
60 522 
30 100 
9 116 
79 628 
24 65 
1 717 
71 79 
47 633 
35 345 
53 590 
27 605 
3 10 
21 795 
26 603 
27 360 
17 178 
28 402 
62 428 
47 247 
49 180 
37 560 
59 553 
61 557 
25 64 
32 240 
27 390 
13 699 
11 27 
46 673 
45 638 
7 495 
72 405 
9 188 
67 270 
56 148 
26 634 
23 554 
66 271 
22 529 
48 644 
40 674 
31 722 
51 87 
40 220 
43 184 
59 732 
24 228 
80 603 
77 722 
79 222 
62 434 
23 800 
45 527 
23 642 
46 501 
59 213 
61 545 
17 165 
50 177 
8 205 
12 270 
52 439 
61 655 
10 55 
12 238 
12 188 
63 7 
19 573 
67 72 
66 299 
62 784 
55 433 
9 541 
34 130 
47 604 
29 411 
19 501 
79 252 
40 509 
8 616 
8 90 
54 296 
11 637 
38 133 
59 631 
12 324 
55 379 
17 401 
3 242 
14 727 
17 105 
16 582 
38 41 
16 207 
44 448 
28 542 
