250
1 1.71 2.72 2.71 1.94
12 294
23 29
16 269
12 204
17 2
16 440
25 350
18 226
21 436
10 405
14 23
18 300
5 323
13 43
16 30
6 209
11 250
6 285
19 283
9 42
12 3
18 75
13 415
25 246
8 43
18 63
5 109
21 361
12 1
20 40
10 225
22 395
24 442
14 265
24 37
8 285
11 9
10 400
22 262
12 429
24 379
24 402
25 27
23 278
7 362
22 69
8 140
19 20
15 185
16 202
15 221
7 139
23 417
11 241
12 426
5 268
16 429
21 54
10 430
9 388
8 313
11 39
12 145
13 438
14 458
15 246
18 93
6 337
23 118
9 45
15 159
24 294
14 290
7 208
8 265
6 31
9 389
11 1
6 272
20 62
23 37
12 405
15 465
25 268
6 190
7 111
9 336
22 362
25 327
7 171
21 313
23 297
6 216
15 395
18 398
8 417
23 344
5 332
17 86
21 435
16 45
22 159
22 118
19 307
12 249
7 394
16 284
20 299
15 398
20 359
16 41
7 133
18 60
15 342
18 146
20 68
9 151
15 93
13 222
25 170
15 53
16 370
19 272
8 426
11 313
7 100
19 110
7 242
9 273
16 185
13 97
17 311
18 25
20 433
20 39
13 362
14 304
17 368
12 384
20 15
13 451
18 112
11 412
11 427
9 160
15 472
12 308
6 326
23 156
24 379
13 352
16 72
13 284
10 62
13 254
6 168
6 61
20 474
5 130
8 397
18 376
11 1
7 236
16 311
9 330
25 404
5 426
22 250
5 318
10 109
14 383
20 49
5 74
15 234
21 194
6 167
14 237
9 113
7 473
10 454
7 396
10 246
13 184
22 298
21 357
8 36
6 277
25 102
10 185
12 410
18 139
14 154
12 361
22 393
5 353
13 185
7 418
6 290
20 435
10 44
18 284
8 164
9 8
6 448
11 259
22 18
7 398
15 99
18 110
15 228
20 220
7 47
5 453
12 73
10 372
21 142
20 475
21 190
5 382
19 314
13 136
12 24
19 47
19 261
12 132
20 398
8 385
15 470
17 48
9 452
20 464
25 28
9 66
18 224
15 390
25 19
11 27
15 73
10 419
22 139
10 222
9 268
15 20
6 69
22 34
21 116
13 59
16 416
14 156
23 93