350
1.71 1 3.2 1.8 2.48
15 549
34 357
12 11
20 701
29 162
27 693
13 158
11 146
31 700
35 291
17 473
26 750
8 544
35 199
28 543
34 154
24 268
13 403
22 372
11 729
10 714
16 177
21 448
35 623
35 788
29 172
13 106
31 479
33 3
23 719
7 136
31 415
21 591
9 809
12 768
23 194
7 513
12 55
29 536
19 51
32 519
28 207
19 419
14 817
29 362
32 298
18 751
33 127
16 520
28 166
28 599
11 267
12 479
30 49
15 687
31 385
31 751
11 287
27 466
31 200
12 821
9 813
33 208
22 527
23 237
32 143
31 825
21 589
17 660
34 400
25 837
8 541
9 304
30 654
19 111
7 709
14 565
26 144
13 562
32 242
29 712
19 751
7 332
15 459
12 677
35 61
17 203
14 694
30 125
13 98
25 475
18 212
8 247
19 413
23 633
26 76
7 275
12 731
8 731
26 251
10 353
31 70
15 552
30 14
8 655
9 659
32 700
23 243
22 80
27 827
33 705
28 212
28 71
7 248
12 138
35 454
25 286
35 765
23 360
26 254
11 699
30 66
17 148
32 605
14 461
27 775
26 715
11 521
15 80
35 630
17 169
15 95
14 463
22 520
18 539
8 624
16 518
13 473
16 547
17 196
28 665
31 384
16 655
14 69
14 695
10 372
13 703
26 40
19 504
27 424
13 719
29 656
23 268
21 780
28 321
35 192
35 467
19 704
16 157
34 585
23 392
35 48
7 578
18 757
9 44
32 805
23 79
30 239
19 179
15 439
35 352
35 309
10 372
13 629
10 63
20 277
31 279
28 254
7 483
10 667
25 228
27 306
20 281
32 352
24 112
15 579
7 628
29 531
11 116
15 21
29 203
11 46
16 622
17 18
31 617
24 92
18 57
14 152
29 207
11 105
8 638
30 764
22 713
27 591
13 215
7 227
7 401
9 759
27 399
8 478
24 320
7 521
30 362
28 185
14 38
33 686
19 574
21 717
25 663
20 258
20 279
10 440
32 163
33 539
17 16
26 732
24 199
19 69
33 540
33 816
10 24
23 634
8 250
18 133
7 159
19 446
33 648
25 656
9 770
12 23
17 260
25 57
34 582
24 317
11 204
24 807
24 125
16 46
32 803
21 781
10 543
29 431
10 38
25 552
21 203
33 398
27 175
12 357
12 387
35 52
21 140
17 530
22 337
27 2
11 58
31 692
28 166
18 492
22 434
26 448
28 346
32 783
12 352
31 199
26 133
33 402
11 72
28 752
18 485
18 584
25 267
28 313
19 418
34 453
33 416
35 181
26 563
19 125
10 177
24 506
18 356
34 432
17 274
8 332
10 508
14 121
13 132
15 155
14 363
11 612
7 84
30 14
32 678
20 206
29 448
23 63
23 26
16 474
7 128
12 656
33 503
16 633
10 465
22 194
33 773
20 627
26 242
18 134
18 292
11 200
16 327
8 613
28 828
20 340
23 812
35 664
26 761
14 590
24 327
28 351
21 376
35 491
25 400
31 617
9 134
35 10
22 153
26 438
34 750
7 27
12 194
29 2
22 250
21 279
32 655
26 755
22 414
15 523
12 447
26 215