400
3.74 3.92 3.8 1.0 4.57
9 2248
5 3107
11 971
12 2843
11 2009
15 2268
4 275
10 2252
13 1918
8 1024
14 1698
16 3537
3 65
5 274
15 3567
15 3944
3 2295
13 3733
17 2523
17 1871
5 2802
11 3813
1 113
16 1976
18 1766
18 330
11 2455
6 24
16 732
6 2089
20 417
8 814
15 891
5 3635
10 2724
15 2098
10 728
10 164
12 3761
20 1194
10 609
9 2865
17 1995
2 3537
15 1934
5 3124
13 855
10 117
10 1883
15 257
3 1485
6 1051
12 93
10 269
11 2085
9 1940
12 187
20 1116
13 2430
5 2054
7 3055
9 190
12 654
16 1723
12 2843
3 2970
11 2178
2 2022
14 2819
16 3404
10 3540
11 2255
6 991
18 3136
9 1232
9 2904
3 437
19 1131
4 2329
7 1066
10 2133
19 2937
1 3004
11 3985
1 1504
4 675
20 355
7 2755
1 3154
18 2008
7 2947
13 426
6 3686
11 282
9 3307
8 3138
2 1596
2 633
4 2581
11 3347
14 14
19 1120
11 42
2 23
19 2343
14 1865
17 2786
19 3297
17 2741
15 811
1 946
1 2758
6 3364
9 2868
6 1260
19 161
18 2489
17 3441
14 2760
10 3504
2 3486
2 2498
10 482
2 2524
19 694
3 61
4 2494
2 1254
2 1114
18 1993
4 2941
3 1661
7 1168
1 2062
13 3612
10 1024
17 1798
10 3620
19 1945
9 2699
4 2324
12 1824
8 2558
5 1297
6 1395
15 2638
8 254
13 1424
5 248
13 351
4 2273
11 795
12 758
17 3010
16 902
1 2110
1 982
13 1193
20 306
12 328
11 1840
14 2149
20 1856
17 3891
2 396
16 3571
12 898
10 2404
10 12
4 1571
6 961
12 2971
8 2891
16 503
8 2448
2 131
19 1762
16 2024
19 2768
20 2463
4 1703
8 1651
3 600
11 3463
14 2589
7 1233
14 1832
1 766
3 2098
4 832
17 1838
13 838
5 3720
16 1654
17 753
6 2122
3 3070
15 2323
4 3928
15 1808
15 3552
12 1675
7 3613
18 1412
3 824
19 1223
6 226
13 1877
6 3473
6 2665
3 1488
18 3237
3 3829
6 963
5 495
14 2503
5 14
10 1035
13 464
18 3777
14 3774
4 1266
8 583
9 1847
2 1983
9 1068
9 2590
19 3806
11 931
10 1436
11 2147
13 2321
18 1356
18 31
7 3575
5 1113
15 2965
13 2099
9 2163
9 3300
19 3960
5 3587
12 122
18 2351
9 1397
14 3891
16 2242
19 2129
1 416
11 3261
11 1607
11 3246
20 2376
6 997
6 3722
14 3382
8 1273
11 3402
2 2735
11 2540
5 2736
4 3912
1 137
12 128
12 97
8 1409
11 1093
4 2377
2 736
13 391
8 2865
10 3496
14 2227
1 61
9 2259
1 2669
10 3150
16 3310
8 606
13 486
9 371
15 2547
13 392
10 2713
13 3359
18 3204
6 92
19 729
14 1796
10 739
3 314
9 2994
16 2696
13 2139
8 1235
1 2583
5 1812
7 2778
9 1132
15 1771
6 2938
12 2930
3 3845
1 1983
14 548
10 1251
11 2964
5 1399
3 2148
8 2251
2 3942
9 2335
14 2529
13 3966
13 1760
18 29
3 878
11 506
7 1555
18 3813
16 1193
6 1361
5 2310
3 1495
7 3957
15 3748
19 147
13 276
15 2566
6 3657
8 503
16 538
15 749
2 517
18 1355
18 1405
6 3966
12 2103
16 3695
16 3326
9 3934
19 2148
2 1280
2 130
13 2427
18 1973
18 2889
8 1256
18 2967
1 1922
15 1360
16 450
13 2356
9 3811
10 3766
14 1978
5 413
15 2816
17 1387
6 1680
19 2195
18 540
9 2527
12 1328
9 2826
6 2007
18 3167
5 2307
9 593
14 433
16 1730
16 1938
7 3277
6 2109
19 825
11 3763
1 2489
16 2170
8 110
17 1506
16 3266
5 525
15 3639
9 1184
9 2065
3 1645
8 1223
6 1934
20 1916
4 2703
2 1956
8 685
13 1167
3 3891
15 1091
7 2810
10 1392
18 510
7 3792
9 1872
