250
1.00 2.09 3.95 3.74 1.08
18 301
6 160
11 359
14 359
9 235
19 291
15 408
15 165
2 58
20 435
18 283
19 360
9 326
16 40
10 448
2 363
6 255
20 203
18 242
19 321
7 183
16 357
17 235
2 131
10 440
16 352
19 426
5 467
5 66
19 378
12 106
1 363
6 430
13 136
14 163
19 185
16 73
5 154
14 260
20 297
6 416
7 272
17 431
14 345
9 279
12 246
10 391
7 448
17 40
1 151
7 325
18 397
14 344
16 231
12 429
16 494
19 224
15 294
8 264
18 90
19 176
3 240
2 49
3 433
2 472
14 426
5 96
14 50
1 399
3 115
2 24
17 367
12 155
20 143
19 469
12 434
5 46
17 204
1 238
18 146
7 82
1 145
12 298
11 456
13 489
8 179
5 167
1 2
18 412
7 435
16 399
20 69
14 479
9 190
13 20
20 60
13 486
17 161
10 85
1 375
4 68
3 413
9 70
18 271
12 24
13 206
15 484
7 16
14 70
13 259
9 74
11 245
9 306
3 291
10 391
15 425
16 338
12 157
16 142
16 423
17 54
16 40
17 399
9 98
15 218
8 205
18 482
15 380
7 223
4 177
20 264
3 155
15 249
7 229
17 92
20 19
5 2
18 344
8 443
19 169
8 377
14 438
9 178
14 379
19 93
17 28
14 151
20 327
8 289
2 101
15 390
6 115
6 182
17 229
16 237
9 147
20 497
6 365
11 384
14 205
17 121
12 80
9 27
7 447
4 407
11 55
4 289
8 144
5 156
11 423
11 111
18 301
3 20
18 324
5 14
11 368
18 40
10 185
19 172
12 242
8 87
7 269
15 331
10 54
14 36
8 214
6 246
19 309
9 372
17 98
1 136
10 244
10 479
13 477
10 20
3 74
1 377
11 236
18 105
9 300
13 436
15 167
10 175
9 127
14 36
15 226
2 442
20 154
10 399
5 89
10 119
12 414
12 90
12 15
4 408
7 148
6 242
18 441
2 134
9 27
12 256
4 28
1 433
14 21
10 226
7 433
7 405
7 427
1 293
9 446
12 469
10 361
15 392
15 300
17 459
17 22
18 181
1 213
2 80
16 439
10 169
1 263
2 93
14 74
6 424
6 62
9 2
12 491
19 20
2 58
