300
2.6 1.0 4.6 2.83 1.33
17 693
16 87
20 1097
10 2732
13 2576
5 1859
14 517
6 1326
17 1840
1 756
11 359
20 775
13 942
16 1858
1 2135
14 1479
11 1845
9 1597
4 389
11 2947
3 398
14 382
14 1433
11 651
13 2948
19 655
10 2396
7 1628
6 2629
19 2045
7 1785
13 1104
5 573
11 330
10 1914
4 2579
1 508
10 2883
13 1223
19 2130
15 2546
14 2745
19 1363
2 1688
16 613
4 2051
7 1042
10 2464
9 818
8 2558
4 879
4 2944
9 2499
14 2660
16 1951
9 1102
20 1500
7 1779
6 529
16 524
11 444
2 1177
4 540
2 2957
11 1792
9 2924
7 1040
20 2422
8 658
6 600
9 936
6 2818
5 1658
14 1579
8 1856
20 2528
5 1887
3 350
10 2294
9 48
1 173
7 674
9 1354
19 2925
19 1842
2 2589
1 1532
18 2782
9 2196
2 1346
4 2787
14 162
4 2802
2 2480
18 2032
11 700
3 46
15 2885
12 919
5 2528
10 2111
4 996
14 1082
2 355
9 1146
1 2226
16 1500
10 2574
14 301
20 2133
19 1647
15 2952
12 135
9 340
5 677
19 2193
5 1808
1 2957
20 1273
8 1957
20 2292
6 1493
20 757
20 1095
11 2939
7 2542
20 1924
12 1377
20 2222
18 828
13 792
10 1339
5 2629
10 1734
19 1764
1 167
16 2898
10 1248
19 2477
19 450
13 580
12 573
3 774
17 2537
11 2983
1 1839
5 80
1 2241
1 1865
11 607
9 823
11 2267
18 440
10 2016
6 177
13 1745
5 1540
6 2168
8 1818
8 2311
15 1370
12 1513
7 967
14 205
13 1369
9 1925
2 121
5 2387
10 1294
16 149
8 421
20 876
4 1377
12 686
7 2873
10 1738
5 534
18 2261
5 2549
17 1334
4 569
15 834
13 2423
5 806
1 1101
4 1095
19 622
18 1063
19 1036
12 123
6 2421
13 1524
7 1140
8 1329
7 2523
1 1147
14 1660
3 2345
7 545
9 1587
6 1682
20 2261
2 2382
7 2091
13 1308
9 1028
10 809
16 2251
20 2959
13 2679
20 2659
4 1191
11 1533
14 1124
3 2919
10 280
18 2036
8 590
12 2875
6 1044
13 1887
3 219
14 1776
1 1137
3 795
4 2994
12 446
7 1839
2 1836
14 1923
19 1594
18 1660
13 2046
11 267
8 166
20 2091
5 1527
9 2577
3 996
7 392
5 1608
4 1472
18 2726
16 1500
13 2953
10 724
1 384
1 1830
3 1125
20 1576
3 2926
20 2924
3 1478
12 1960
4 2519
3 1214
5 2234
10 2245
4 193
10 2913
9 296
2 654
15 112
18 121
9 1260
1 2914
14 1057
8 2049
7 2083
15 2899
6 1884
1 1906
3 1937
18 1520
20 755
20 1311
3 2079
5 2498
4 871
18 1943
19 102
13 1099
18 395
7 1738
3 2528
12 1138
8 1550
10 279
14 2341
4 1203
11 2461
12 100
13 97
9 636
17 331
2 792
20 1739
8 323
9 903
9 2905
