500 
3.88 4.41 4.09 3.74 1.29 
31 1791 
46 1809 
35 1947 
33 781 
79 1142 
6 1773 
13 1787 
20 552 
22 681 
42 964 
16 128 
18 936 
1 326 
24 1731 
79 916 
14 238 
58 1878 
36 943 
4 703 
47 482 
48 1259 
53 698 
41 1064 
52 868 
39 772 
76 1722 
76 237 
42 1738 
53 1812 
2 1886 
66 1745 
47 134 
46 340 
49 759 
39 1539 
12 989 
63 1064 
69 160 
75 653 
73 528 
46 1646 
8 366 
35 825 
21 806 
36 138 
44 1668 
60 240 
56 678 
46 1861 
65 221 
59 1632 
72 1624 
34 416 
18 498 
32 289 
6 268 
75 523 
33 499 
11 1834 
62 974 
76 1905 
58 962 
78 112 
75 593 
43 1063 
40 1116 
34 1580 
63 1941 
40 726 
30 1928 
79 695 
67 1372 
78 1688 
74 163 
40 884 
2 462 
22 920 
48 1393 
8 1624 
14 862 
65 33 
29 910 
72 208 
72 752 
77 426 
34 805 
3 639 
74 157 
34 1288 
43 1809 
27 1598 
68 618 
24 29 
15 279 
80 1515 
56 1870 
56 1584 
61 1768 
4 1172 
36 1331 
57 534 
58 67 
40 375 
79 1301 
12 1356 
35 1520 
73 831 
46 1999 
9 957 
75 1331 
33 121 
32 773 
22 1591 
12 412 
9 1567 
56 1854 
40 1988 
52 1434 
1 718 
14 527 
57 15 
17 382 
47 596 
54 1766 
45 1142 
22 1815 
30 357 
5 1022 
78 1737 
43 708 
3 53 
58 722 
34 145 
18 343 
49 1994 
62 804 
53 451 
60 330 
30 1406 
67 222 
61 13 
64 1350 
27 828 
66 1766 
51 1568 
55 1578 
59 1845 
71 515 
15 1944 
11 1833 
74 3 
63 827 
38 179 
60 1349 
70 1981 
73 236 
56 409 
71 382 
52 422 
67 317 
52 1015 
10 1128 
32 1717 
35 503 
16 1494 
1 550 
64 797 
59 1826 
20 1866 
30 149 
32 1558 
45 236 
47 188 
49 899 
7 1775 
51 477 
42 1664 
19 1178 
3 669 
27 1698 
23 1198 
20 1664 
43 1909 
31 629 
35 389 
72 1635 
12 1242 
38 722 
32 91 
42 60 
67 1171 
22 946 
56 1676 
49 535 
75 69 
42 428 
65 730 
32 354 
26 1 
64 642 
46 1795 
59 1191 
60 291 
15 1688 
7 113 
33 1417 
47 1178 
43 230 
11 977 
28 894 
37 1263 
27 356 
71 1056 
46 1556 
5 803 
62 1157 
16 1983 
64 657 
56 1920 
65 1474 
37 1829 
54 1769 
25 1852 
61 173 
22 295 
31 186 
80 1484 
45 276 
15 1129 
11 1097 
35 1980 
14 851 
65 1552 
80 244 
65 18 
59 1736 
68 1629 
56 30 
76 283 
76 1196 
4 543 
39 645 
26 1734 
46 901 
18 1994 
6 670 
64 832 
14 370 
15 217 
29 1233 
25 1442 
35 1123 
26 1586 
25 1290 
77 520 
29 568 
71 407 
62 771 
80 450 
36 1577 
24 1911 
47 156 
46 1559 
67 1137 
25 1690 
33 1549 
57 556 
7 1892 
34 1380 
79 1880 
63 1400 
5 922 
6 1444 
19 1228 
28 836 
56 1676 
60 1208 
41 1638 
27 63 
1 48 
70 109 
59 1355 
11 1324 
56 1339 
5 1714 
55 1124 
43 1038 
28 1214 
68 1456 
76 898 
8 676 
76 1114 
62 1420 
45 1998 
79 1789 
69 88 
14 1400 
67 1614 
69 42 
8 1574 
27 291 
23 750 
34 1929 
30 682 
43 1731 
48 1819 
37 861 
48 84 
44 641 
75 789 
60 1274 
68 1184 
72 1250 
59 1195 
7 703 
13 1655 
68 1900 
17 239 
76 1433 
22 1109 
63 1768 
8 840 
36 366 
54 1066 
66 403 
59 1141 
77 623 
53 1219 
48 1320 
44 1006 
56 1247 
50 825 
19 1674 
38 365 
37 1739 
54 1889 
72 1841 
75 1116 
59 943 
78 203 
6 104 
80 974 
50 1917 
50 32 
20 1915 
12 1016 
21 341 
54 936 
71 743 
78 541 
67 820 
73 520 
23 21 
29 28 
39 1761 
61 1794 
4 314 
52 427 
1 982 
47 1778 
49 443 
64 1144 
38 1257 
12 17 
79 1535 
60 553 
76 1318 
12 357 
17 1467 
75 1451 
28 837 
43 975 
68 1767 
60 666 
74 1913 
24 1520 
78 1817 
44 1133 
66 7 
15 849 
56 1113 
72 1136 
34 426 
73 1235 
43 242 
19 339 
65 1929 
54 42 
69 1146 
9 1161 
35 1189 
13 776 
1 1998 
72 79 
64 284 
42 924 
31 1351 
63 1842 
57 1271 
26 494 
18 449 
36 135 
62 1265 
33 1604 
65 1263 
57 1544 
70 109 
18 1631 
77 1865 
33 448 
61 1182 
14 1617 
45 895 
40 1100 
29 1369 
1 373 
56 1869 
11 1624 
13 1541 
23 1993 
62 1550 
79 264 
25 1339 
68 697 
33 1489 
10 1348 
2 263 
50 1406 
7 837 
71 811 
20 1217 
43 1943 
56 1738 
9 10 
19 995 
46 322 
28 1609 
28 462 
6 586 
8 1482 
41 1598 
17 154 
13 588 
37 1928 
37 136 
4 1736 
40 1717 
42 69 
18 1103 
6 908 
36 1043 
53 1062 
28 365 
53 376 
25 207 
42 1291 
61 293 
37 601 
3 1516 
32 954 
16 1748 
71 994 
46 1728 
55 1058 
9 846 
75 109 
18 1000 
73 307 
15 128 
3 1530 
53 826 
37 1032 
62 1033 
54 291 
57 103 
68 143 
39 1689 
63 839 
58 713 
9 1360 
47 1914 
63 1171 
64 1067 
29 164 
23 97 
23 1756 
48 324 
40 49 
33 1079 
8 683 
67 141 
6 223 
80 1322 
31 980 
6 1887 
3 1837 
74 268 
74 930 
61 1164 
34 712 
