150
1 1.61 1.41 1.87 2.03
5 143
10 165
8 216
6 33
13 21
15 124
15 125
8 91
11 123
14 140
13 124
13 181
7 100
6 55
6 69
7 45
9 172
13 88
12 87
12 156
9 139
12 161
10 81
14 117
9 32
5 82
10 74
3 106
7 147
15 7
5 112
5 200
8 182
12 105
6 51
6 194
15 204
5 74
7 5
10 96
13 81
3 95
15 188
14 220
10 35
10 35
10 139
6 97
13 35
13 161
3 109
6 13
3 176
4 2
14 73
7 88
15 76
13 178
7 107
13 22
6 28
3 80
7 170
5 1
11 126
5 133
4 178
6 61
15 7
8 83
9 23
3 208
14 141
9 146
4 59
13 59
9 147
3 79
14 7
11 193
14 220
5 202
8 181
5 47
3 201
14 206
11 6
14 218
14 4
6 22
11 28
10 147
15 150
11 200
15 23
7 162
10 161
10 82
8 20
4 33
9 214
13 164
6 70
3 85
14 160
12 145
13 114
14 17
10 149
6 74
11 103
9 134
12 118
9 64
9 149
13 186
15 143
11 32
15 0
6 190
12 210
13 204
11 161
6 31
13 79
10 7
10 203
7 44
9 190
6 96
9 179
8 48
10 185
15 18
9 46
15 0
5 54
6 74
9 77
8 9
13 66
15 146
12 123
4 101
8 130
10 150
6 157
7 156
15 210
4 7