200
2.17 3.32 2.26 1 3.7
39 189
17 191
47 175
6 52
45 26
29 247
45 79
43 166
6 229
49 248
43 34
10 238
7 30
22 60
18 190
17 239
42 139
44 297
18 269
48 61
36 297
8 136
20 110
33 213
37 263
37 294
14 209
26 62
32 51
45 109
24 62
40 175
21 52
1 32
1 36
45 236
37 92
11 61
22 140
38 142
9 319
26 118
33 222
40 186
6 153
25 268
13 218
21 85
20 262
18 209
45 62
21 297
37 199
11 85
16 312
12 82
24 256
14 32
3 158
29 228
26 259
20 161
35 304
34 311
33 67
45 168
27 70
38 305
47 28
6 159
14 35
12 56
43 265
38 170
20 254
11 98
11 35
21 12
24 62
30 171
6 66
27 202
43 202
32 263
19 176
37 196
9 206
15 320
2 204
22 269
30 217
7 44
38 73
2 210
38 123
2 176
9 189
1 311
7 299
33 241
21 235
46 215
35 87
2 45
18 11
3 278
32 212
32 28
24 300
15 44
24 242
3 275
24 121
9 230
26 249
22 74
9 251
41 111
10 251
31 68
5 77
12 212
28 192
15 75
46 23
9 234
16 309
21 124
31 159
6 14
23 276
33 219
38 51
26 179
35 98
44 112
21 27
35 177
1 275
21 163
9 111
10 123
42 204
1 20
28 232
48 87
15 243
26 151
14 288
45 88
8 80
19 23
41 181
28 181
43 50
48 302
46 159
36 74
39 253
10 112
22 304
11 277
14 55
21 91
17 250
44 125
18 250
7 36
31 232
30 144
8 136
48 106
2 159
14 187
37 5
46 191
13 128
28 202
34 230
20 158
2 40
19 169
37 13
16 10
14 140
36 257
29 178
24 271
42 110
44 263
29 186
8 42
19 186
32 164
22 90
12 316
24 69
10 233
40 280
8 13
