150
3.83 1.3 1 4.66 4.42
5 16
3 97
5 53
8 71
1 131
4 18
7 58
1 12
3 55
5 78
9 35
9 31
6 27
3 121
8 81
3 61
6 112
8 106
6 63
8 80
5 27
5 78
7 99
4 137
2 110
1 97
1 44
4 39
5 74
4 38
2 7
6 124
4 15
5 116
1 19
6 104
2 95
6 104
3 87
8 12
3 23
6 127
4 136
4 70
2 125
5 77
10 84
8 42
2 3
8 122
4 29
2 17
4 115
1 150
6 113
7 18
7 27
5 65
9 18
7 96
3 52
3 93
10 3
5 110
2 94
2 128
3 99
1 24
1 4
6 135
1 93
9 80
10 51
4 63
3 153
7 126
5 86
2 31
2 88
7 69
6 13
7 98
9 64
9 51
2 92
9 103
8 100
8 149
3 71
1 74
9 68
7 67
2 109
4 119
8 154
4 104
4 101
10 125
7 70
8 52
6 98
3 5
2 122
8 12
10 13
7 48
9 47
2 117
2 53
2 74
2 127
8 42
3 119
9 73
1 149
1 13
2 125
5 32
8 65
9 56
10 31
7 49
3 122
10 33
5 78
4 142
1 146
4 129
4 15
1 62
10 108
10 108
7 143
2 57
5 34
2 91
6 7
1 21
8 43
7 94
4 14
8 115
10 139
4 24
8 126
4 12
7 148
10 53
5 41
3 51