150
1 1.39 3.81 3.72 1.2
48 156
40 7
33 19
31 123
18 78
13 157
10 134
25 190
45 241
14 182
7 127
46 70
9 56
36 126
25 134
8 79
44 2
3 178
30 122
11 12
41 69
19 188
42 37
17 236
23 68
1 32
42 18
44 28
45 9
45 22
18 163
6 77
20 15
31 120
34 94
2 183
33 63
3 223
50 136
41 94
41 29
41 10
13 245
35 148
47 68
8 127
44 30
33 191
6 16
39 116
35 116
9 92
24 154
12 239
17 244
24 68
25 233
36 45
19 252
37 46
37 102
35 65
31 93
39 118
49 145
8 253
43 177
3 29
46 243
35 21
13 239
13 16
1 83
48 130
8 60
49 173
35 45
45 37
14 4
22 131
7 96
34 173
30 74
38 89
14 39
17 186
46 60
31 114
3 74
38 66
25 11
32 16
44 150
40 53
41 249
20 55
12 138
6 92
35 180
18 179
2 83
38 135
7 226
39 93
25 251
22 231
9 253
15 153
4 221
40 185
46 97
27 35
17 92
34 36
29 163
8 12
26 212
19 101
25 37
3 255
6 209
21 41
19 231
30 201
1 127
26 58
46 160
2 24
40 98
17 14
16 131
33 125
2 138
15 203
41 123
36 223
22 130
43 106
32 163
8 123
13 138
49 214
20 114
18 229
14 169
14 154
16 122
33 162
31 129
45 203
