350
1 2.23 2.66 1.2 1.91
35 134
48 267
77 992
60 291
39 1271
16 40
46 1443
58 359
16 252
74 284
56 763
48 149
67 1344
70 239
68 1159
19 58
63 40
37 125
20 973
3 709
5 300
50 637
17 748
62 22
75 1112
10 659
55 1198
35 138
18 842
45 358
68 409
26 917
71 379
37 510
45 130
2 1326
23 916
38 418
17 1257
27 1365
55 1031
22 601
18 1420
54 443
19 803
63 1072
33 627
26 750
37 621
35 747
73 574
40 496
72 407
80 316
15 1289
80 469
77 621
68 197
24 129
53 622
46 777
50 902
76 139
15 1375
66 1228
5 1157
58 541
64 768
16 657
53 1440
27 423
58 571
55 253
24 1274
75 407
14 651
77 200
26 422
54 1149
71 1333
54 288
64 1272
15 735
41 1331
40 1424
42 255
39 329
20 14
12 1217
7 1105
60 136
46 271
72 900
77 1396
80 46
31 209
75 433
9 1333
44 180
46 989
24 1130
52 578
68 829
77 1187
55 436
7 0
76 624
17 1052
8 907
32 693
27 1454
68 18
10 1415
21 286
63 1453
14 442
27 1206
24 1290
50 278
65 964
80 550
76 436
12 749
68 891
7 23
39 38
40 1193
51 377
11 130
41 1121
11 305
68 1422
57 1366
44 445
18 553
61 778
80 1252
76 1429
76 1171
21 1144
78 1099
24 165
9 87
8 673
9 1158
10 507
64 1294
47 41
58 531
36 703
7 874
47 1116
65 885
43 724
46 516
48 457
53 1236
40 1185
61 953
65 1231
59 174
12 451
32 177
43 611
9 1282
4 1237
15 423
3 645
27 95
46 674
35 495
51 1333
37 860
43 577
54 1159
59 1071
58 1053
22 1442
27 330
68 1324
77 1394
35 1034
62 1098
6 1437
22 1069
75 1292
60 1295
11 904
72 1044
55 901
54 1365
3 432
80 512
11 327
2 113
41 38
32 1112
69 163
51 1080
69 68
61 777
6 821
74 1040
20 109
38 587
1 563
29 683
21 1252
6 1378
65 1190
39 1042
5 187
28 797
48 1390
15 643
62 304
25 1063
5 174
62 121
75 1236
25 799
29 959
59 776
63 968
69 733
13 914
25 1368
23 292
24 503
39 144
52 1271
29 359
49 873
76 154
72 764
46 944
73 544
33 179
35 1260
30 585
6 1031
36 62
12 1422
27 443
30 467
1 258
67 1387
79 1180
16 916
48 1454
58 396
10 1029
47 1147
17 147
37 736
15 511
1 1415
43 185
14 708
61 50
55 442
65 1112
76 574
50 358
30 988
39 644
5 597
43 991
38 862
51 899
50 896
79 140
47 921
71 466
18 69
12 486
45 1095
14 486
65 1060
65 83
52 889
69 11
42 1033
15 435
52 682
12 1159
11 1467
42 138
43 1429
13 575
72 365
68 477
55 1207
44 15
3 751
11 1056
27 1369
31 482
26 942
66 1360
20 517
32 645
33 232
30 884
28 698
17 580
18 1258
34 1320
31 751
64 14
2 1046
13 608
76 1213
27 284
69 983
49 510
62 353
5 199
37 1085
8 588
44 634
74 411
63 1
50 260
30 578
15 76
15 319
18 854
33 883
30 971
78 767
26 234
28 391
64 798
40 1068
36 59
4 1454
75 228
67 156
35 449
29 1209
15 456
28 1403
73 818
18 1311
27 444
68 134
42 964
71 854
69 649
