150
1.00 2.10 2.89 1.06 1.08
11 292
8 162
7 212
1 267
5 278
5 130
10 140
4 281
15 58
4 204
19 126
7 216
15 193
2 120
4 267
6 234
6 32
10 112
18 75
10 75
4 54
16 300
18 47
6 60
19 187
9 49
16 223
15 186
15 239
16 274
16 86
9 62
18 94
4 30
15 54
6 34
11 254
7 259
4 141
14 121
4 120
6 44
7 42
14 68
1 265
14 235
20 176
10 45
14 282
18 168
18 29
5 123
14 162
7 293
7 81
7 96
20 198
11 172
2 21
3 163
20 240
8 47
15 266
8 281
16 23
15 90
20 230
13 42
9 107
4 141
9 154
13 86
16 102
11 201
18 241
16 195
2 59
17 288
12 257
17 262
6 36
1 98
7 152
7 59
6 235
18 280
13 177
5 45
13 154
16 121
11 296
6 127
5 120
3 207
1 269
20 69
10 235
4 216
2 41
20 63
10 245
8 41
17 283
4 69
10 94
19 282
1 158
13 228
17 149
20 208
19 278
16 174
5 39
9 270
3 151
20 275
15 81
15 178
8 271
9 173
3 241
6 177
3 231
13 260
9 145
10 79
7 82
17 71
5 66
17 114
8 120
10 41
19 245
18 76
14 263
12 241
2 90
14 234
1 274
16 230
10 200
20 61
14 210
14 65
17 286
18 221
20 20
14 211
16 50
1 218
