500
3.88 2.07 3.68 2.34 1
8 461
7 502
8 444
1 516
1 568
3 161
5 497
7 394
2 62
10 206
10 65
9 52
8 257
9 118
5 381
10 101
4 223
2 31
3 151
1 71
6 522
1 430
2 579
8 21
9 33
2 64
6 167
9 395
3 241
8 379
6 399
2 262
8 571
7 6
8 176
1 438
3 327
9 346
2 284
10 554
2 113
4 368
7 370
3 409
10 358
10 168
6 570
6 202
6 417
2 440
10 344
9 466
3 534
1 348
5 255
2 94
9 539
7 316
6 345
8 250
9 350
6 566
10 255
9 213
10 538
4 271
8 352
8 467
1 213
1 516
10 29
4 56
9 395
7 387
6 511
4 225
2 475
6 157
1 64
7 561
2 273
8 135
2 134
7 472
10 380
10 199
10 194
10 66
9 205
9 160
9 156
3 457
4 415
7 151
8 344
10 419
4 522
6 128
7 535
1 319
8 46
1 112
7 454
1 344
10 375
4 551
7 488
4 250
1 457
3 166
7 525
4 471
6 46
1 400
8 367
1 492
10 26
8 378
8 413
3 85
1 125
8 126
1 567
5 23
8 403
1 283
8 160
1 500
9 87
1 96
6 350
7 197
5 504
9 60
6 244
1 147
5 536
2 202
1 381
4 452
4 556
4 327
7 74
5 101
7 327
8 509
6 184
5 293
2 152
8 357
8 212
2 487
1 575
1 164
4 176
3 271
8 149
8 333
6 326
1 95
6 530
8 38
10 458
7 267
8 194
1 269
10 463
10 483
3 273
2 25
2 114
4 476
7 551
4 338
3 220
7 406
7 28
7 461
2 53
6 401
6 496
10 12
4 207
3 84
10 331
6 435
9 524
7 302
7 69
6 153
8 120
8 206
1 517
7 98
8 561
8 253
8 378
3 122
1 476
5 238
9 444
8 52
2 545
5 260
6 71
1 464
6 568
8 3
4 9
10 474
9 19
1 327
2 504
8 114
5 161
4 293
7 234
7 42
3 313
9 523
8 565
8 52
2 165
3 536
6 365
6 412
9 332
4 258
8 373
9 50
2 74
6 83
2 282
2 264
2 384
6 81
10 4
5 503
2 421
2 241
8 382
1 310
8 503
8 43
5 378
9 302
3 31
8 494
2 402
1 329
4 565
6 14
4 4
10 459
1 444
10 357
8 579
9 141
9 41
3 301
10 107
1 253
6 540
2 80
6 344
9 161
8 250
10 1
10 483
10 284
4 448
6 366
10 323
7 102
1 579
7 416
6 291
6 2
7 556
4 361
7 286
2 295
6 273
1 285
5 376
4 550
6 356
8 184
5 531
5 413
3 321
8 254
6 148
9 309
7 303
9 570
9 274
3 423
5 475
7 122
10 547
7 108
3 168
7 92
9 516
5 394
8 548
1 477
9 450
10 197
2 130
4 573
10 427
1 122
9 271
10 329
6 177
4 529
6 545
2 84
5 357
6 318
2 399
7 532
1 204
10 226
10 167
5 163
1 231
10 424
6 468
3 447
1 67
10 106
7 50
9 526
9 283
8 222
1 19
1 405
9 179
5 68
3 107
10 190
6 41
5 361
7 237
8 234
8 20
9 437
1 136
2 561
9 236
1 529
8 334
2 203
6 525
10 161
9 22
5 575
1 342
6 67
9 475
3 190
7 31
7 292
5 97
6 466
9 219
8 136
4 350
2 364
6 106
7 375
1 103
2 86
9 281
10 562
8 405
10 240
7 339
9 205
3 396
9 232
5 360
8 249
10 155
6 265
10 183
6 74
8 393
6 528
9 108
4 124
2 361
2 412
1 41
7 412
4 210
2 201
10 340
10 50
6 227
8 416
6 413
5 530
6 280
1 160
5 28
2 160
5 452
7 438
8 573
5 6
3 375
6 107
7 274
3 479
6 57
5 101
4 159
1 185
10 43
1 457
7 261
2 449
9 247
6 189
5 224
9 86
9 263
5 387
1 2
9 56
4 42
10 148
3 326
7 533
2 192
10 129
6 465
9 339
8 397
8 288
5 360
5 536
8 172
7 515
8 227
7 268
2 155
8 314
7 415
5 95
7 281
10 374
3 312
10 314
1 485
8 241
6 43
8 345
2 440
10 569
7 467
4 325
7 260
2 201
8 108
10 141
6 452
2 15
7 477
8 63
7 492
10 445
7 516
9 530
5 186
1 247
2 314
7 351
10 36
6 121
1 30
6 555
1 153
1 522
9 316
6 309
10 82
5 528
9 24
8 327
1 235
10 389
7 227
7 374
2 184
6 75