350
1.81 3.9 2.54 1 3.13
1 315
1 141
4 323
10 229
7 101
6 289
8 93
10 172
7 80
3 181
4 99
6 59
7 193
1 327
8 124
9 330
2 368
7 28
5 247
10 199
10 218
4 281
10 380
3 253
7 83
4 370
1 267
8 269
3 169
7 215
4 153
7 65
1 134
10 300
10 201
7 344
2 69
3 96
8 88
8 32
5 100
2 117
3 171
6 109
2 181
7 51
7 343
5 192
10 308
2 244
6 45
5 379
3 63
8 231
2 234
9 195
9 289
9 304
2 295
7 0
9 73
9 94
5 195
9 367
6 119
9 352
7 66
1 11
5 151
1 372
5 103
6 280
10 179
6 81
8 357
1 253
5 368
4 12
3 23
5 5
10 270
9 10
2 37
7 148
5 313
4 41
5 348
8 226
10 320
5 363
7 165
8 12
1 131
9 126
1 375
2 230
4 2
5 223
10 172
10 288
4 272
8 361
3 318
8 359
8 62
9 288
5 6
3 241
1 44
7 338
7 102
3 351
3 0
5 363
9 184
3 266
10 215
3 274
7 327
2 331
4 207
4 292
5 203
5 235
1 213
4 154
7 248
8 267
9 278
1 110
3 224
10 357
10 194
10 44
6 114
5 132
10 300
5 258
1 173
3 86
8 282
8 73
3 110
8 90
7 209
2 64
10 107
7 105
6 125
2 341
2 331
6 363
9 250
1 242
5 203
6 175
8 250
5 126
1 19
1 57
8 57
6 379
7 119
4 299
3 131
1 182
10 315
10 103
6 374
7 183
3 127
5 2
7 259
9 193
10 189
3 359
8 133
2 69
2 259
8 227
6 379
8 117
7 352
6 370
1 126
2 121
10 272
8 144
6 332
10 366
4 374
6 362
2 313
8 60
6 35
1 304
1 149
1 22
3 27
4 206
8 177
7 179
3 37
6 114
5 259
3 331
7 71
3 188
4 341
2 215
5 270
4 111
7 230
3 351
3 153
3 3
7 64
7 358
3 14
5 219
10 319
4 351
8 34
3 171
3 154
7 172
5 187
5 368
1 64
2 53
8 33
8 129
3 34
5 195
1 75
3 172
9 115
8 354
3 10
6 254
2 292
6 357
1 311
1 154
8 97
1 66
6 223
6 237
9 140
3 271
9 311
3 331
1 290
10 4
10 346
5 210
6 376
6 253
2 162
6 27
2 222
4 208
5 132
3 222
3 175
2 371
8 120
6 195
2 361
4 22
7 78
9 163
4 17
7 268
6 378
2 59
7 25
2 365
2 355
10 249
1 25
7 167
5 264
3 327
4 50
6 75
1 207
7 48
2 84
5 344
8 373
7 264
6 322
10 128
5 12
2 158
7 355
2 343
5 42
3 313
10 54
4 138
9 146
4 7
4 9
10 204
5 326
9 16
8 87
4 320
6 278
3 51
8 106
5 356
7 44
8 169
8 317
6 8
5 100
9 268
8 296
2 57
8 111
4 258
9 333
10 215
8 48
6 331
3 1
8 310
7 197
1 320
7 323
3 234
10 88
10 324
5 74
7 188
3 314
3 117
3 3
10 312
7 343
5 69
2 301
1 312
1 146
2 315
2 227
5 375