450
4.79 1.79 2.28 3.91 1
41 195
3 616
50 27
44 595
50 428
36 285
30 663
8 264
49 342
28 189
50 430
31 411
17 143
22 18
42 592
25 221
16 721
19 297
33 525
35 729
19 447
4 473
29 179
39 280
10 15
28 743
23 135
22 685
14 123
31 318
50 228
16 635
28 736
40 367
18 715
5 311
16 484
30 335
19 274
48 640
40 455
15 246
29 291
23 659
48 602
2 690
47 613
7 349
23 374
16 83
15 724
18 684
16 726
41 422
17 446
38 552
37 262
43 568
6 465
46 611
34 291
10 156
1 526
16 199
47 525
38 213
49 149
31 62
28 603
30 636
38 744
39 255
23 84
43 529
22 517
8 0
23 365
20 275
11 64
20 222
21 460
32 675
2 692
47 14
45 613
6 712
1 731
22 679
15 124
40 48
48 615
10 574
37 388
4 547
26 654
35 130
6 63
24 714
28 406
8 408
27 413
5 692
45 554
38 194
35 502
30 574
5 725
32 18
19 723
31 238
45 346
39 382
13 719
16 30
9 64
46 534
20 754
16 135
6 311
25 169
3 401
42 135
17 155
13 437
5 153
1 261
36 476
10 446
20 662
2 539
9 433
1 631
31 468
20 685
16 188
24 668
50 698
38 240
10 201
30 548
1 387
22 680
17 199
12 737
14 5
30 563
16 654
13 274
32 617
21 434
28 350
39 754
50 368
4 176
21 598
10 478
11 713
21 435
30 230
50 357
20 350
45 433
34 710
45 600
42 433
23 65
30 497
34 315
13 580
49 117
2 410
11 380
1 687
27 392
23 361
10 554
32 717
24 353
5 155
10 183
36 301
17 349
44 47
47 256
34 45
15 140
21 265
30 390
42 504
16 433
32 459
40 532
27 66
27 355
11 690
4 9
32 492
29 302
19 603
14 755
3 106
44 656
1 557
8 757
10 135
34 530
38 251
29 737
39 171
42 310
45 648
48 629
29 593
18 53
10 485
4 647
48 260
47 317
26 588
13 341
27 280
2 754
26 562
37 419
45 736
49 414
21 14
8 309
23 521
35 101
37 111
29 519
38 563
48 296
29 100
46 128
29 272
23 651
49 179
41 446
18 455
30 733
14 503
15 702
4 115
38 745
42 608
5 225
25 660
3 38
21 219
34 675
8 378
31 711
40 592
24 170
34 416
15 169
14 93
36 505
31 505
36 469
6 509
5 122
37 23
9 194
27 440
6 557
40 582
46 753
4 3
19 241
10 203
14 206
2 32
9 314
49 387
37 446
17 79
25 444
45 360
49 709
42 275
28 632
3 75
33 230
2 625
7 231
37 69
46 261
10 139
20 596
32 708
9 643
33 392
25 438
9 680
2 489
27 606
43 734
2 481
34 108
29 713
2 106
40 720
40 147
4 732
50 75
46 243
43 713
43 383
22 17
17 563
39 95
9 85
22 622
29 444
24 86
10 288
47 472
23 413
4 608
30 726
49 409
30 393
16 299
14 583
13 706
42 643
37 596
41 576
5 342
34 659
50 411
43 398
12 493
5 505
30 601
6 560
28 547
40 657
17 683
17 170
30 114
43 183
21 544
47 164
49 125
45 39
17 737
50 681
17 237
23 522
42 107
36 229
4 360
27 212
30 136
13 180
49 522
20 456
36 602
22 581
43 582
4 159
42 187
32 140
15 458
35 318
26 139
42 349
14 132
36 673
13 519
7 673
13 621
4 50
45 525
4 283
16 28
5 318
40 287
8 420
8 568
11 393
42 314
37 247
8 342
34 745
43 363
32 276
35 360
6 651
23 455
41 754
35 622
3 232
19 86
36 50
2 345
2 149
37 271
33 75
32 565
2 313
42 301
31 634
32 90
43 462
9 235
8 292
36 49
8 399
6 481
46 701
41 527
25 593
3 139
19 591
4 76
22 581
47 695
43 472
38 404
21 641
6 598
24 487
33 39
35 308
45 371
31 208
19 386
7 271
13 138
22 522
13 138
15 450
11 225
28 254
13 119
46 147
41 260
28 303
14 231
31 400
42 499
36 456
23 357
15 265
1 262
