100
1.00 1.21 1.04 3.65 3.79
16 85
6 192
1 4
9 78
11 81
3 63
20 163
18 160
1 4
1 31
18 85
18 7
6 50
2 197
20 48
19 66
20 7
12 26
9 116
20 128
14 106
20 92
17 4
14 167
2 199
17 118
6 83
13 58
10 121
16 12
6 169
20 38
16 193
18 107
17 114
11 164
13 111
5 142
7 111
7 102
17 66
5 25
10 1
10 129
7 170
14 76
4 45
17 90
8 65
10 153
16 3
5 149
16 26
19 196
3 32
17 148
18 4
16 31
20 114
2 89
5 189
17 29
15 73
11 194
19 40
6 108
3 164
15 195
7 107
3 63
5 79
2 110
6 119
7 138
6 62
7 99
13 105
13 78
17 11
14 84
7 22
2 56
10 60
17 10
2 102
1 192
9 97
8 165
9 155
5 35
10 37
7 20
20 135
10 53
18 84
5 94
11 198
1 172
8 69
11 169
