250 
2.07 4.03 1.29 1.94 1.23 
52 600 
71 935 
32 55 
35 313 
72 384 
25 506 
29 357 
72 10 
38 657 
49 513 
66 777 
73 914 
31 624 
10 214 
12 298 
51 336 
32 805 
12 554 
39 95 
39 897 
35 424 
79 592 
32 884 
73 708 
36 946 
48 533 
77 892 
69 476 
45 259 
69 687 
21 90 
40 836 
25 824 
26 392 
26 63 
51 743 
16 251 
19 809 
29 632 
56 852 
31 499 
8 55 
5 537 
6 91 
65 796 
67 176 
24 64 
35 947 
49 631 
61 707 
18 866 
24 837 
21 764 
38 459 
36 601 
29 431 
45 58 
18 942 
41 267 
78 670 
2 977 
73 797 
13 479 
33 321 
79 735 
77 215 
73 566 
46 847 
35 230 
49 378 
51 415 
30 502 
21 506 
6 179 
26 474 
36 125 
16 587 
73 647 
80 277 
76 833 
19 385 
20 370 
11 189 
75 740 
47 826 
13 452 
52 297 
54 505 
7 978 
1 222 
18 108 
72 903 
29 950 
1 787 
38 845 
55 744 
59 946 
75 287 
10 43 
39 482 
17 720 
63 848 
59 970 
10 633 
55 845 
47 991 
9 385 
66 62 
3 719 
62 608 
40 730 
7 949 
61 769 
67 766 
80 863 
41 613 
37 362 
55 414 
9 421 
45 71 
45 819 
52 338 
34 330 
18 928 
65 506 
46 672 
66 181 
65 478 
40 467 
3 973 
44 675 
67 864 
5 10 
57 168 
52 693 
78 956 
74 426 
15 278 
7 8 
13 535 
14 31 
64 328 
66 237 
53 22 
12 341 
42 892 
56 808 
68 256 
80 320 
72 317 
40 346 
35 802 
68 518 
36 970 
10 333 
73 599 
30 374 
57 16 
23 178 
60 548 
9 972 
62 825 
71 228 
30 828 
10 546 
14 773 
41 90 
28 854 
63 929 
64 524 
6 104 
41 700 
48 512 
38 393 
80 250 
51 767 
57 587 
50 733 
28 830 
48 799 
34 489 
31 988 
33 943 
9 46 
25 509 
9 519 
26 273 
57 566 
73 3 
15 422 
66 604 
49 311 
74 114 
54 578 
68 814 
49 604 
28 655 
36 698 
43 745 
49 431 
25 304 
74 134 
12 489 
43 17 
37 125 
32 183 
60 374 
62 598 
9 997 
72 952 
78 295 
57 452 
25 405 
62 702 
41 342 
2 106 
47 927 
4 886 
20 136 
27 130 
1 135 
11 81 
80 129 
58 140 
70 901 
45 75 
27 639 
71 722 
61 584 
8 274 
65 355 
80 176 
18 624 
7 982 
1 838 
69 648 
74 94 
57 746 
37 867 
61 163 
38 884 
31 867 
34 870 
8 901 
57 867 
27 691 
47 295 
11 298 
29 155 
11 416 
