250
1 3.34 5.73 4.8 4.46
75 891
54 971
33 355
72 640
32 226
15 681
57 801
53 185
71 974
51 905
27 258
58 439
54 705
55 658
20 826
17 160
33 949
55 609
18 968
74 272
38 518
6 828
14 636
48 874
54 514
66 828
74 876
76 439
53 219
27 365
71 746
73 63
35 487
5 894
43 802
55 420
44 867
29 2
64 188
52 712
13 356
57 523
80 105
24 352
56 315
2 699
64 83
47 565
26 1022
38 848
11 1004
44 471
74 225
9 793
65 721
12 83
21 124
29 276
47 956
9 362
72 107
2 882
1 0
65 515
13 304
79 487
52 756
38 197
59 945
17 365
17 88
39 816
39 1026
3 856
39 26
46 676
15 496
31 674
41 981
11 896
56 688
36 601
40 765
2 765
5 586
9 53
49 988
32 836
12 329
1 716
58 966
51 704
52 751
47 236
41 917
75 975
66 40
27 54
7 208
44 99
4 650
21 259
3 365
37 987
29 439
74 953
25 650
22 532
2 852
70 696
36 246
13 857
36 800
41 645
65 109
50 392
31 830
28 666
23 910
20 973
34 607
5 559
4 424
67 347
33 509
73 201
57 13
79 296
56 198
18 488
25 968
17 917
64 913
17 1030
30 679
72 832
6 1024
70 1028
13 608
23 757
74 466
77 603
43 542
46 313
54 470
11 950
31 244
53 1014
16 351
10 822
26 1025
80 470
65 199
50 783
36 311
31 350
55 807
25 411
57 538
37 505
71 117
43 725
68 406
12 659
23 56
45 377
43 138
39 806
60 1030
30 958
27 240
25 546
31 667
31 185
69 964
68 1016
21 195
37 1036
73 272
3 218
79 1038
61 171
66 625
12 616
63 308
63 51
67 433
80 135
77 107
38 808
64 445
38 309
9 764
47 869
15 617
71 83
17 518
15 937
80 992
75 14
37 799
42 169
44 190
35 590
25 645
34 108
10 982
24 133
43 702
45 84
24 178
53 782
70 308
42 858
39 533
48 419
54 173
37 637
23 1014
31 723
12 987
57 592
38 831
72 302
4 653
21 683
67 766
41 284
6 838
18 198
7 84
10 383
26 197
68 764
39 618
15 159
64 687
79 880
19 1017
67 533
78 512
60 880
2 37
49 721
43 733
27 699
34 1015
68 88
28 528
59 880
