500
1 3.04 2.18 3.16 1.6
20 607
21 837
28 601
22 213
34 191
49 1026
29 1200
40 1038
21 927
10 1305
13 1170
41 1235
21 524
50 1179
12 36
21 624
40 108
45 349
29 25
14 571
41 443
45 1270
20 1183
29 723
49 757
49 72
10 643
46 714
46 1010
15 1214
28 98
11 1
50 577
14 1098
15 417
10 778
34 789
32 1143
14 389
30 1178
29 323
28 410
12 1056
32 645
36 930
36 1065
48 682
32 847
30 215
18 118
11 524
35 1080
27 901
36 1287
17 31
36 492
46 109
39 1094
16 369
33 291
42 873
40 1055
42 241
18 321
42 207
10 492
38 358
23 990
38 929
22 1283
28 256
16 698
50 226
45 892
35 608
44 590
41 135
36 484
15 259
31 771
21 990
36 1057
33 251
49 393
47 845
46 771
18 1062
48 678
17 602
13 1164
31 951
26 425
40 243
43 297
48 18
48 648
17 916
15 439
44 1114
28 368
43 1232
36 902
14 1033
31 586
31 1156
44 417
21 959
23 677
13 1308
18 1027
22 1077
44 1135
16 155
37 1142
31 379
27 306
50 318
38 874
39 82
28 999
39 1006
29 1034
50 913
16 142
23 867
37 221
17 814
17 921
19 1232
40 241
34 938
16 486
41 602
15 1159
27 1170
14 478
28 444
11 118
10 95
30 523
15 909
13 1186
30 622
32 5
31 802
49 191
29 182
13 1190
26 554
11 1024
38 794
38 150
24 342
47 1093
25 346
13 394
45 71
33 394
11 1205
48 924
44 1053
11 80
28 676
43 156
36 330
31 472
24 77
45 645
48 708
29 811
13 1084
48 853
14 1276
14 515
38 396
39 960
12 252
30 966
13 461
11 83
48 907
18 869
30 282
10 702
16 1141
22 92
18 521
48 1103
48 1091
37 1043
29 1260
16 1011
42 258
31 237
11 610
46 7
44 80
16 983
25 1179
17 947
37 407
28 173
15 323
32 789
22 25
28 571
20 897
38 272
26 760
29 14
30 554
36 1250
18 1006
16 947
39 998
22 544
36 1
22 156
39 1304
13 888
33 1069
45 310
14 382
29 106
46 109
29 1007
19 727
20 58
25 1141
32 681
38 516
21 156
33 357
28 228
30 1127
27 349
28 680
40 1158
20 870
12 1095
47 188
30 877
35 1046
35 370
40 771
39 652
27 32
43 792
47 830
31 786
39 233
23 1223
13 2
36 1007
37 851
35 543
22 832
17 467
42 1251
18 1211
50 524
11 961
35 722
40 804
21 999
21 680
42 810
37 493
44 747
29 1083
44 166
50 158
29 983
11 970
41 809
40 1082
49 894
12 333
21 557
32 92
47 692
17 40
12 1017
17 100
17 324
47 1229
41 392
28 830
22 1086
13 460
39 1137
40 1028
12 913
37 903
18 236
38 700
45 230
46 84
30 70
14 665
29 1138
33 1109
25 1166
43 1071
38 596
44 15
19 1154
50 1287
12 262
19 825
38 742
47 1208
47 1255
40 287
24 858
20 937
22 30
41 1035
30 797
17 617
16 235
19 498
41 483
35 1292
36 603
22 523
31 1156
31 1104
36 1186
42 353
33 739
36 414
31 746
12 1200
45 799
24 44
16 1021
37 782
19 131
31 460
15 297
35 592
14 810
42 1210
14 1235
41 1084
17 1025
23 637
24 666
15 862
21 366
21 499
31 488
20 819
16 956
49 1032
48 681
41 380
33 1202
41 84
39 1238
33 1202
49 346
40 1089
43 1303
16 17
48 21
50 709
49 1028
20 530
26 631
38 878
29 249
10 844
10 393
18 1005
47 73
39 562
40 48
14 1214
13 139
48 1040
18 1131
40 75
49 508
34 692
23 202
40 139
47 189
16 1308
42 368
23 225
34 887
12 1288
10 228
10 108
42 162
40 872
12 45
34 1120
29 956
10 309
34 1103
44 1276
41 1044
48 723
29 276
27 961
43 408
29 843
20 9
48 393
20 781
28 1283
21 223
13 881
12 550
11 177
20 435
25 1272
16 582
41 943
37 985
13 1007
42 997
42 227
18 591
20 532
37 931
49 505
38 1097
34 232
30 555
46 1293
21 598
22 189
23 1206
26 691
33 6
11 572
40 777
27 643
13 85
15 924
49 660
10 501
33 1001
16 585
31 439
38 580
22 713
48 24
43 693
33 564
11 1184
29 1079
25 110
45 440
18 390
32 836
43 13
20 809
37 1208
48 807
18 765
29 925
16 226
45 216
34 365
14 182
47 1182
11 488
21 186
47 51
17 909
31 691
30 1286
32 662
19 1144
47 913
12 55
14 705
16 288
27 420
35 233
45 992
46 295
13 643
44 1080
43 982
41 1299
23 991
17 1167
23 1297
17 1100
32 220
49 476
29 895
12 452
26 1169