500
2.09 4.11 1 4.59 1.83
49 502
47 545
29 451
49 534
41 184
39 74
33 493
4 356
22 392
21 570
25 346
25 91
41 201
24 208
30 514
4 435
34 29
25 102
25 337
33 524
10 644
19 794
6 368
3 62
16 136
22 98
15 626
16 619
37 545
21 373
41 206
2 469
7 318
26 678
50 347
16 633
39 305
32 791
45 335
10 783
40 480
47 555
44 776
28 51
33 556
44 815
46 286
25 808
6 426
45 815
50 312
40 299
32 135
29 43
22 502
49 602
1 12
37 703
47 203
14 29
21 759
50 256
43 593
14 812
24 193
31 488
5 622
22 478
15 85
28 614
27 472
35 54
6 719
6 590
3 255
13 669
13 540
14 321
30 764
15 683
11 501
31 344
14 821
4 417
24 642
25 361
23 192
34 786
23 186
6 335
47 306
18 416
47 75
6 527
24 261
3 341
47 319
2 14
49 96
20 315
14 132
25 217
17 673
27 785
25 256
40 423
46 31
36 243
20 446
3 722
22 137
39 460
39 395
4 65
10 362
35 105
3 396
26 360
13 803
38 593
18 647
22 728
2 254
30 419
35 477
31 693
10 228
5 764
41 431
37 313
15 605
24 590
23 547
21 642
18 690
33 548
42 33
24 343
2 104
40 590
45 285
4 115
30 115
5 567
5 743
46 715
15 674
11 681
11 414
4 73
29 721
27 737
9 561
3 372
12 126
3 664
33 4
8 750
23 789
24 753
1 637
38 496
6 357
7 72
39 322
40 209
15 508
38 606
42 414
37 701
45 510
23 190
25 266
41 147
27 760
49 403
29 422
4 9
7 344
31 19
11 148
4 247
19 99
39 672
13 312
46 178
47 640
12 797
30 328
33 811
35 215
36 435
44 363
11 795
22 100
10 465
11 300
34 312
10 569
31 16
22 128
9 133
1 161
3 459
31 88
14 698
33 687
32 702
8 460
14 343
41 26
28 692
11 301
34 214
20 502
30 711
33 55
10 295
3 787
15 91
4 235
11 751
19 200
34 320
27 106
24 678
12 391
12 716
34 694
33 353
20 599
20 822
30 407
13 300
44 262
30 180
48 352
4 109
21 48
36 690
43 476
13 389
24 179
39 280
39 117
15 375
15 164
9 490
34 671
47 582
14 671
26 630
22 130
29 810
9 59
36 10
16 388
45 154
24 764
41 350
24 732
47 76
9 780
15 604
9 370
16 441
46 643
30 474
31 198
3 395
9 634
25 576
11 234
10 188
32 367
38 355
49 694
10 65
34 39
23 149
18 824
24 363
26 328
28 210
29 20
33 164
11 396
6 794
46 93
31 826
3 813
47 276
4 541
45 539
27 102
50 529
6 338
28 565
46 593
46 554
9 617
41 500
16 683
34 244
47 223
29 195
50 86
18 581
1 609
13 640
43 234
4 455
45 129
48 455
37 782
41 38
40 227
14 10
5 267
1 447
31 485
37 698
49 640
20 196
7 569
10 788
20 268
5 139
12 774
10 742
31 513
5 537
4 438
4 436
44 546
37 681
40 123
23 331
16 172
27 349
14 401
27 737
4 488
6 197
50 2
9 660
26 629
19 700
30 795
23 355
47 140
9 439
11 487
44 323
39 759
30 266
36 509
16 355
16 5
21 780
40 259
27 758
21 382
24 646
9 568
29 684
41 683
26 421
41 337
3 827
34 813
15 684
13 220
1 535
47 775
15 96
27 100
22 145
17 281
7 270
48 785
10 744
31 467
25 504
41 575
48 68
18 784
7 372
4 373
4 66
29 407
21 289
26 0
27 336
3 339
39 600
9 580
6 679
24 710
14 630
38 234
46 75
38 577
1 102
16 642
11 330
30 222
24 774
7 223
46 495
39 558
15 465
31 633
34 132
41 504
47 55
42 294
1 261
8 141
11 20
48 244
3 639
19 417
28 670
33 626
50 569
9 106
38 94
13 593
16 202
39 124
31 621
10 609
50 795
29 96
41 407
44 556
14 430
33 197
28 295
47 418
5 176
18 784
9 141
27 618
46 675
26 215
41 312
22 636
38 95
22 193
25 352
11 51
27 69
11 391
43 63
27 73
1 356
23 38
46 333
40 96
32 224
17 763
28 86
12 271
17 680
39 287
11 295
27 578
41 432
47 748
43 541
26 754
15 75
11 691
24 489
37 264
46 29
46 376
8 39
29 708
38 376
48 228
18 702
10 745
45 29
13 669
30 775
3 188
43 89
27 423
43 365
43 76
13 301
21 684
45 772
3 532
20 797
19 816
25 217
