300
3.14 2.92 1 3.27 3.0
6 522
12 641
24 524
18 611
24 308
20 261
11 201
14 465
15 593
20 365
27 257
11 634
6 163
12 134
22 197
17 443
23 124
30 616
16 381
26 509
29 425
26 129
21 506
22 269
13 323
28 270
19 556
12 386
23 99
16 183
11 149
14 261
18 391
22 594
14 610
6 416
11 330
18 422
28 392
18 443
9 586
11 605
22 310
23 161
8 117
30 544
12 476
27 229
24 140
8 89
10 125
29 184
7 398
7 410
19 207
27 359
7 405
7 235
12 17
11 493
29 600
6 301
12 10
7 26
23 321
8 261
26 174
7 268
24 452
10 127
25 590
11 485
7 560
14 77
24 620
24 468
24 531
11 361
18 134
17 534
29 333
9 434
22 563
13 459
13 621
19 301
19 53
20 570
14 497
21 99
19 467
15 558
15 483
9 273
26 652
20 239
26 307
11 119
18 376
15 279
15 638
21 241
13 71
14 450
16 318
15 337
30 337
8 447
26 545
21 26
28 303
16 243
26 34
13 454
17 422
15 89
23 604
18 289
28 97
11 378
7 77
27 344
7 218
15 185
10 330
22 615
25 289
20 311
10 409
16 31
23 44
13 28
24 36
24 537
8 11
9 533
30 273
14 164
12 176
13 68
7 276
11 579
29 379
6 462
7 501
19 214
15 78
23 310
15 455
9 42
6 575
13 213
29 138
24 507
21 21
7 301
17 202
19 296
15 633
13 553
30 266
30 126
20 632
17 214
20 460
18 507
30 450
23 656
16 189
16 78
14 65
24 581
13 316
20 593
22 35
8 453
27 158
27 376
7 601
27 207
19 158
7 161
24 383
26 403
6 117
8 429
30 537
12 645
25 365
15 247
12 88
15 330
23 155
9 543
8 98
10 616
26 130
6 252
6 64
29 558
13 444
26 228
20 467
24 517
21 356
15 339
16 412
17 32
16 603
17 655
23 567
30 109
30 238
6 301
19 599
30 283
29 70
13 226
15 529
19 390
9 330
15 422
25 113
21 405
25 615
29 453
10 476
16 2
9 353
9 555
24 5
9 332
6 258
29 249
9 76
14 408
9 277
13 539
27 126
24 184
27 490
26 76
16 310
16 260
13 576
14 252
19 375
30 609
22 434
23 159
7 58
10 298
21 581
19 633
26 622
24 57
30 432
13 384
23 12
25 299
30 504
24 354
11 426
8 169
30 341
27 63
16 189
16 484
20 373
12 66
6 162
21 493
9 88
23 353
16 439
20 438
14 143
25 64
20 42
16 436
25 637
19 140
25 83
20 244
17 121
12 544
14 531
27 137
18 211
12 166
29 523
29 526
15 235
24 46
18 651
27 408
25 502
14 642
25 40
9 198