300
1.89 4.37 4.27 1.96 1
5 281
8 80
8 55
7 223
9 167
4 50
10 182
5 113
5 252
2 289
7 196
2 173
1 306
7 171
7 185
5 198
2 261
1 274
3 219
6 65
9 171
9 118
10 251
7 94
7 97
1 119
1 191
7 85
10 104
2 52
10 169
9 266
5 76
5 77
2 225
6 268
10 66
9 290
10 266
8 308
10 136
4 227
10 88
5 293
5 38
4 215
8 310
7 155
5 157
9 146
9 78
8 320
4 195
7 200
4 184
9 216
1 206
8 306
1 257
10 22
10 119
10 252
3 258
10 42
3 217
9 150
4 144
1 6
8 173
3 197
8 92
10 125
9 311
6 81
2 32
7 302
5 100
4 314
5 114
3 57
6 305
3 86
10 109
9 34
8 41
3 68
5 287
10 38
9 227
3 68
8 233
9 95
5 0
10 249
5 257
10 144
10 296
2 6
7 60
9 10
7 265
5 123
10 120
7 186
5 325
1 278
10 288
6 177
5 38
6 195
2 227
4 314
5 157
6 329
4 62
3 348
4 103
4 232
3 348
5 238
8 50
3 241
2 10
9 92
3 292
9 132
9 149
3 200
6 323
1 208
1 216
7 82
3 217
9 128
6 145
1 309
4 152
4 312
2 192
8 78
5 140
6 342
5 258
8 166
9 180
9 40
1 36
4 160
9 203
10 309
4 262
2 195
9 73
3 89
9 78
6 11
9 17
6 46
9 289
10 122
10 312
4 7
1 33
9 341
8 298
1 33
1 230
6 206
3 237
1 217
3 258
1 180
7 66
6 269
2 291
1 39
9 304
10 185
6 160
5 121
8 188
7 120
3 271
3 51
3 137
7 260
9 92
2 161
9 226
4 194
8 324
5 203
9 92
9 267
6 22
6 82
7 246
6 124
7 31
6 348
7 284
10 85
7 323
3 212
8 318
7 333
4 323
4 53
10 269
3 39
8 181
7 236
2 238
6 258
8 315
5 87
1 254
10 247
5 108
2 181
3 286
9 54
10 204
7 292
2 75
7 89
7 36
6 283
2 261
5 236
5 21
8 347
6 234
3 211
1 212
7 232
8 136
9 348
7 142
5 83
3 3
3 182
9 262
8 149
10 143
1 235
5 69
10 97
10 34
10 58
5 192
7 347
7 234
2 329
5 161
6 86
6 132
9 57
5 3
4 55
5 158
2 250
1 224
5 251
10 10
9 89
8 236
6 182
9 60
4 181
4 282
5 222
5 72
1 306
2 199
6 203
9 48
2 72
10 334
2 278
9 20
5 136
3 72
1 23
8 27
4 273
9 92
2 119
8 132
5 82
1 209
1 224
10 129
7 148
4 171
1 126
6 9
5 127
3 242
9 291