500
1.00 3.50 3.87 3.51 1.39
11 350
3 259
20 866
6 21
3 87
14 84
4 964
17 285
9 870
12 1000
15 684
3 668
1 278
13 665
17 504
20 879
2 787
15 207
3 722
15 947
14 543
19 839
11 282
4 424
15 536
13 149
5 484
7 551
15 235
15 283
5 772
14 374
12 566
14 415
3 164
15 916
5 368
3 264
14 201
14 713
1 723
19 449
17 427
13 819
11 598
10 351
15 172
7 724
3 366
10 240
14 686
3 539
20 3
7 271
2 796
9 643
5 488
3 763
12 736
20 72
20 64
12 630
5 75
15 934
12 794
2 751
5 693
19 811
4 801
17 795
19 832
5 392
17 754
4 102
11 33
14 479
16 145
10 128
3 309
2 300
17 54
12 228
12 553
10 977
11 852
7 759
6 603
3 420
15 317
6 766
13 268
5 238
1 439
19 811
15 639
19 464
5 5
11 72
15 791
9 330
15 529
13 318
16 263
18 502
4 883
15 564
1 121
16 579
10 206
4 96
15 443
17 468
18 413
14 541
14 715
11 426
11 160
3 687
17 289
12 641
9 195
5 777
19 168
1 849
1 405
4 743
8 505
20 191
2 29
7 61
6 773
17 438
1 129
7 311
13 87
17 448
1 875
6 631
19 522
19 556
15 619
6 781
16 638
18 842
1 999
12 103
6 743
20 486
12 811
14 93
2 69
16 824
6 30
3 968
16 318
10 707
18 88
20 653
13 576
17 814
16 420
3 622
16 649
3 172
17 488
10 122
16 477
9 742
18 198
11 464
13 157
17 937
7 415
5 825
4 807
15 220
5 508
13 114
11 915
15 30
15 199
15 578
9 889
2 677
16 85
1 985
10 206
15 299
13 907
11 555
3 922
6 248
8 245
2 158
2 446
20 109
1 520
19 307
16 75
20 240
6 98
18 599
7 500
7 261
12 499
4 260
14 623
14 443
1 184
15 318
4 536
17 697
16 547
16 922
10 99
8 754
18 114
8 617
10 335
15 722
10 40
20 228
18 852
13 456
10 9
11 668
17 680
13 390
20 768
2 830
4 493
14 335
4 637
12 575
17 35
18 805
17 156
5 98
14 979
12 697
20 296
4 332
20 265
16 610
13 696
2 541
5 955
7 90
18 687
3 389
16 236
6 843
13 578
6 762
11 925
5 501
11 161
13 682
17 409
12 19
5 866
10 20
10 508
19 454
1 141
1 628
18 746
13 781
11 204
17 67
14 251
2 580
18 380
16 344
10 117
1 767
12 682
18 377
4 46
18 412
5 721
8 429
7 916
19 834
20 795
10 498
9 602
19 103
5 660
6 291
17 182
19 4
4 188
14 659
4 172
9 272
17 735
8 158
4 755
20 870
10 595
8 956
18 723
5 91
13 334
2 671
16 436
10 309
2 302
5 426
20 381
4 915
17 764
9 187
1 358
12 778
4 636
12 566
18 246
14 167
16 488
8 328
6 800
13 947
17 872
6 902
9 928
2 613
1 237
9 533
7 921
3 768
10 597
5 687
5 621
18 457
12 765
16 243
16 967
5 28
1 444
7 373
12 307
19 494
12 845
13 575
4 112
3 168
10 794
7 545
11 706
3 747
6 621
6 39
17 408
13 234
7 381
2 537
16 743
18 319
14 979
8 329
3 832
18 371
19 449
6 780
16 100
8 652
18 227
18 733
11 903
14 981
2 633
5 272
14 925
3 918
7 81
8 456
17 598
10 205
8 622
13 375
2 3
10 734
1 601
4 437
6 456
17 764
7 455
16 194
17 708
10 940
10 157
6 935
16 732
10 588
18 770
19 439
3 931
18 98
15 163
15 812
19 763
16 725
20 549
8 294
3 177
19 419
14 336
11 750
16 917
12 811
13 288
3 947
19 502
9 552
8 699
14 23
1 140
9 371
7 730
2 180
8 816
10 227
4 742
2 512
19 621
17 462
15 455
12 121
11 850
18 447
5 950
10 119
12 836
12 566
17 195
18 519
4 946
12 653
11 396
5 544
16 410
7 119
11 347
11 783
18 528
16 664
1 976
5 195
5 692
13 141
9 694
6 815
10 723
19 575
16 574
4 76
10 660
9 340
14 680
13 657
15 631
17 862
7 961
9 900
2 919
13 829
9 957
18 626
1 734
3 218
3 233
15 174
12 853
6 414
3 117
17 872
13 425
11 103
6 807
2 981
6 558
6 26
9 512
13 645
11 775
20 213
1 793
19 402
17 716
4 672
20 56
10 866
9 691
16 888
20 315
6 813
20 275
2 622
