350
2.99 1.35 4.74 1.0 1.88
7 3121
1 2041
18 193
6 2750
2 3421
15 3414
19 702
10 1333
2 2687
1 2442
18 871
8 1970
11 3140
2 593
13 571
3 3372
17 874
3 2552
18 41
19 421
5 1607
6 1321
1 3003
16 3340
2 153
16 3322
12 2318
5 1358
10 997
19 827
9 472
4 334
17 1921
15 1238
12 627
17 3098
17 3433
20 1630
11 1246
3 3493
12 2142
6 1846
1 1946
7 1554
15 2057
5 2120
14 2504
16 2529
8 203
6 2684
17 3201
15 713
10 325
19 3478
12 2700
7 1598
3 2359
19 2450
7 940
7 2647
9 2875
10 599
9 313
10 1133
13 667
3 1771
15 630
17 1653
2 1579
2 2274
2 851
4 634
16 1008
8 801
1 3377
13 2884
5 1370
18 1203
8 1131
18 1903
20 1575
8 2042
16 2079
16 709
20 2492
5 2118
9 3077
6 763
17 535
10 1130
12 1397
2 231
1 172
11 2473
9 1168
16 1202
12 2237
11 883
6 2954
16 1482
6 2115
7 853
17 274
4 1948
7 326
14 452
4 617
11 2954
16 2673
2 715
15 7
17 3045
10 3045
13 538
7 2961
9 32
17 395
14 1661
12 1058
12 1372
9 2585
18 3013
13 2610
9 240
10 1893
19 2411
9 1183
11 1653
13 1863
12 1057
11 19
14 2813
20 2624
14 1344
20 3085
15 2216
20 2634
1 500
8 2130
18 3044
15 3231
14 573
5 1433
8 1158
10 1466
5 1884
2 1311
18 2997
18 33
8 1092
18 2047
8 136
2 457
3 2851
1 3041
16 1338
13 2069
9 2649
14 3001
18 214
16 3213
13 2016
4 3182
12 3088
4 209
2 1540
6 1213
8 921
13 302
16 2806
8 1002
7 1200
14 3241
2 2593
7 2696
6 3407
4 2325
7 2699
10 1122
18 2052
13 3119
1 2844
19 1282
18 2201
20 2942
12 66
8 44
10 3352
1 548
18 2000
16 1348
6 789
11 1901
3 1930
10 2020
8 1882
15 876
7 2533
12 2881
4 2218
8 789
3 2080
11 987
13 1472
6 1333
3 515
11 3210
13 508
5 2919
16 2043
2 1394
5 2598
8 484
12 3178
9 3107
8 3417
9 1301
20 825
16 2345
9 1080
19 1830
3 1247
18 1314
9 2059
5 2808
4 654
5 2124
18 3083
13 1766
10 456
7 3041
12 2704
1 200
4 662
11 720
20 1930
3 3355
2 2829
20 1540
18 2416
19 2251
18 1851
17 2121
18 3086
11 816
2 1937
19 1560
6 1204
20 1091
8 2112
19 2668
18 2109
6 3361
17 1148
2 2462
18 3294
18 2624
9 2799
4 3345
20 937
1 2789
15 3287
8 2548
18 3401
5 71
17 2165
14 536
4 66
11 3416
2 2355
8 2573
13 3233
6 3121
17 1576
6 880
6 45
15 2512
8 3267
4 593
8 1111
1 2876
8 187
11 2261
3 1970
12 2263
8 3248
4 2221
19 2691
12 3370
14 425
8 3011
8 985
18 403
11 2933
6 2545
4 1046
3 3154
18 109
14 3296
6 2105
19 15
2 1671
12 3320
3 2368
9 3173
18 340
20 487
3 654
10 1398
12 596
20 1983
12 2094
3 2584
3 631
1 1411
8 1474
7 2586
8 2366
16 2726
12 2617
3 326
19 1063
11 1143
19 1499
8 1726
8 1317
12 1174
6 333
13 2341
11 184
14 1881
6 2397
4 1099
12 180
13 621
17 1692
20 1361
14 275
4 907
4 611
3 3489
10 3159
9 1116
2 1715
6 1154
20 378
7 1799
15 3300
13 164
15 2268
