200
1.00 2.15 1.18 2.40 2.16
4 312
2 112
10 268
18 85
14 326
17 77
4 67
2 394
3 352
12 139
14 8
7 183
5 353
14 217
19 81
12 269
6 290
18 378
10 121
8 235
14 63
8 269
7 235
17 390
1 291
7 62
19 86
14 297
5 18
1 320
7 43
11 99
2 240
6 17
3 79
10 352
19 194
8 299
11 63
5 124
2 3
4 323
12 176
9 91
5 125
6 153
4 181
12 49
8 20
9 244
11 31
7 165
9 150
5 150
5 361
6 133
3 268
9 56
14 34
11 10
9 289
20 387
13 115
6 96
6 105
8 296
20 140
2 108
5 328
14 214
1 338
9 382
6 239
15 211
7 109
4 113
16 361
8 47
11 279
13 308
1 361
9 278
15 399
7 17
12 261
12 180
9 372
16 297
1 340
13 385
19 232
2 34
13 64
7 273
18 337
19 26
16 285
10 375
10 228
9 233
6 337
15 29
18 71
18 86
6 322
19 197
9 153
6 228
12 7
15 349
14 361
20 101
20 162
20 369
4 250
16 366
12 236
5 150
8 143
20 204
20 8
12 387
20 28
20 73
7 290
9 243
2 161
3 261
6 362
4 270
1 210
13 181
11 165
8 46
15 63
5 25
10 263
1 35
11 172
18 76
3 31
18 92
3 296
10 48
12 311
3 353
19 335
12 253
8 188
17 51
7 20
8 366
20 269
6 346
12 143
12 133
7 281
14 206
1 189
2 102
6 47
10 335
13 137
16 157
18 262
15 378
2 392
16 343
18 331
16 199
1 65
12 217
8 24
7 151
20 348
13 297
18 228
19 182
6 209
10 156
8 119
13 35
8 228
15 71
4 56
5 58
20 349
19 174
1 122
4 226
13 315
1 150
3 254
3 301
6 239
7 291
8 318
10 193
15 395
17 6
