400
1 2.06 3.64 1.77 1.69
30 239
35 875
13 684
11 686
23 165
19 567
19 745
30 845
10 809
9 663
30 880
26 615
39 456
11 47
29 566
22 525
16 535
12 528
17 864
27 116
36 292
27 91
22 816
26 414
36 33
22 232
15 469
11 186
9 483
24 626
23 64
35 67
13 646
8 574
11 111
33 811
29 734
39 756
15 361
30 739
22 794
14 844
30 606
18 121
29 103
8 656
27 440
26 535
11 859
32 321
10 996
34 965
31 800
8 367
10 966
30 853
14 230
32 595
26 114
32 128
16 284
8 22
13 393
35 321
40 447
25 261
16 620
15 919
21 303
9 45
12 770
16 587
30 1015
9 12
21 917
27 971
17 247
34 921
28 691
16 205
40 829
36 241
27 307
31 85
29 183
27 783
36 103
23 907
38 770
35 893
23 231
34 533
10 521
19 79
38 570
36 263
10 94
10 331
36 853
25 30
31 419
27 671
32 176
29 511
11 886
10 682
19 493
19 923
26 519
24 333
31 573
30 330
8 849
34 608
15 282
19 443
11 659
29 342
39 120
40 39
32 964
14 15
36 277
16 980
37 459
14 288
23 911
18 788
10 202
19 673
40 15
34 739
38 1005
32 508
26 386
24 910
9 681
23 136
36 927
35 185
29 348
33 175
35 250
24 429
21 447
31 354
29 593
27 408
35 487
21 71
35 593
35 886
30 456
15 534
13 340
14 189
29 869
39 305
17 353
33 967
36 239
9 194
28 197
21 702
23 179
28 838
26 669
8 950
29 548
23 983
33 172
40 195
29 749
25 798
22 67
33 130
35 578
38 732
23 908
9 619
10 83
22 220
34 521
14 632
16 551
27 444
38 258
24 103
23 618
26 631
9 663
10 358
40 719
34 304
36 769
37 729
8 819
30 706
18 239
26 692
28 292
17 59
13 642
8 436
17 944
34 836
20 985
31 53
13 871
18 449
33 663
20 763
17 915
8 192
8 653
31 875
26 457
29 300
10 902
39 728
9 210
9 534
32 375
38 984
9 777
35 817
25 802
18 239
13 715
13 848
35 911
11 282
40 576
30 7
32 155
40 813
38 176
39 471
29 282
27 119
27 410
25 275
19 210
34 91
8 842
13 644
28 214
11 934
31 628
29 9
38 70
30 259
35 1005
18 675
16 577
10 810
10 822
24 325
23 705
20 678
32 590
17 316
12 342
22 167
8 363
17 251
18 468
17 672
16 216
22 997
24 350
30 885
9 883
12 594
31 355
27 548
33 716
36 679
15 688
23 604
22 61
24 635
16 425
29 615
40 309
35 352
16 683
37 95
35 610
35 915
32 1
15 19
31 381
36 646
39 1010
31 94
12 217
33 466
23 228
16 888
37 825
38 292
14 623
22 334
35 644
22 986
25 57
28 44
19 960
30 629
40 545
34 667
27 617
18 172
30 976
9 1011
30 723
32 629
9 542
11 661
12 726
26 193
25 565
35 395
36 997
22 452
39 735
26 789
16 201
15 34
9 727
37 606
38 937
37 362
35 162
16 645
36 138
28 927
29 39
37 969
28 1006
40 883
35 992
32 266
16 503
27 575
11 575
18 696
32 243
20 677
8 897
14 815
32 603
11 134
26 826
9 132
28 591
18 454
36 510
25 419
35 772
36 427
15 239
24 627
37 57
32 87
15 815
26 604
15 490
35 727
39 399
23 306
16 287
22 335
38 350
28 290
32 829
9 393
18 432
39 916
27 315
30 843
23 273
9 302
39 403
31 1012
37 961
13 781
10 877
25 596
32 901
19 930
23 77
16 342
21 952
18 607
8 309
36 946
18 909
23 577