100
4.48 1.74 1 4.31 4.19
4 13
4 33
5 12
5 55
2 57
6 33
7 87
7 103
10 19
9 74
5 93
8 58
4 25
4 8
5 99
5 3
5 79
4 79
10 44
10 102
3 18
2 84
9 16
10 48
9 80
1 60
10 31
8 12
6 97
5 31
8 101
2 103
4 69
10 42
8 39
3 102
2 54
1 34
5 108
6 86
8 87
4 25
4 55
8 20
5 97
6 31
4 62
2 96
4 36
9 28
1 17
10 85
3 18
5 89
1 37
1 26
5 107
2 104
10 43
9 96
10 9
10 85
1 26
7 3
9 54
5 66
5 2
1 89
2 37
8 66
3 27
9 72
1 83
1 87
3 99
10 101
4 60
5 25
8 12
9 87
3 75
2 16
3 81
5 4
8 0
7 21
3 22
6 46
9 108
2 1
1 87
10 40
8 108
1 99
8 63
1 101
3 41
7 19
8 8
8 38