100
1.87 3.16 2.05 1 1.51
31 61
39 44
25 27
40 31
13 23
28 145
49 128
49 70
39 0
49 43
30 47
3 134
33 123
5 144
35 119
7 53
48 94
35 85
14 69
8 46
37 24
46 69
29 69
5 6
21 69
33 79
11 63
32 69
44 88
32 72
26 72
43 6
29 104
36 42
6 141
39 154
4 102
31 147
20 87
20 25
9 78
1 104
12 60
3 27
3 20
38 99
44 34
29 111
2 17
16 10
27 154
20 82
32 166
19 59
13 58
1 162
40 144
44 125
23 3
9 35
24 133
16 120
39 76
7 58
28 157
28 152
49 151
27 160
10 61
19 78
22 139
9 17
31 32
4 160
39 17
29 69
18 159
50 65
49 163
17 103
2 99
7 84
41 122
32 36
50 159
41 93
40 39
23 150
15 155
42 122
20 103
42 127
39 3
17 23
17 125
10 111
13 57
19 67
28 66
7 35
