450
1 2.33 4.62 2.56 1.35
9 344
7 422
7 36
5 20
8 90
6 478
1 363
3 174
10 66
7 334
4 114
10 11
4 348
2 235
9 307
6 76
5 146
1 360
10 21
3 377
4 34
8 326
7 230
6 417
1 215
9 243
2 224
2 342
8 263
6 215
3 83
4 342
7 144
7 190
4 90
6 67
6 464
5 298
6 263
9 26
5 465
1 172
2 36
8 290
4 200
10 410
4 414
9 170
5 95
1 133
4 32
1 249
10 405
1 414
7 37
7 227
1 389
2 478
10 34
7 277
6 177
9 232
6 79
10 352
1 282
7 200
7 449
2 242
2 173
8 97
10 67
3 131
9 458
8 271
5 317
3 488
2 430
2 478
10 265
3 183
6 485
1 37
8 472
10 342
1 330
5 113
3 291
1 58
9 479
6 311
2 408
7 450
7 487
3 118
6 142
3 456
9 479
3 72
1 451
3 146
10 401
10 135
5 465
8 364
2 27
9 343
1 170
1 55
3 129
10 7
9 359
8 22
6 26
3 64
7 144
8 416
1 272
10 392
10 327
7 237
8 483
9 52
7 246
10 198
9 279
7 200
10 381
10 452
4 407
4 106
4 330
1 20
2 308
9 293
8 398
3 119
5 15
10 298
9 97
2 342
9 130
8 60
9 221
10 233
3 315
5 14
9 408
8 318
2 213
10 425
8 228
7 301
4 321
8 220
5 463
9 14
5 414
4 362
8 133
2 37
9 334
6 261
10 384
3 196
4 248
7 455
8 124
8 433
2 142
4 0
9 81
5 339
6 164
10 285
6 106
10 277
5 490
2 295
5 232
5 481
9 4
5 444
4 330
8 381
6 400
3 267
6 195
7 167
8 198
10 410
7 453
4 222
5 115
10 441
2 423
9 431
4 140
7 15
9 152
9 430
10 261
7 468
4 53
1 481
10 438
6 379
9 108
1 385
1 376
10 154
3 189
1 123
4 290
8 114
10 22
6 166
1 28
9 60
1 299
7 90
9 205
4 1
2 259
7 120
1 48
7 271
5 391
5 189
1 407
5 322
4 450
6 185
8 331
7 8
1 235
2 147
5 399
3 430
2 17
10 307
7 383
1 99
9 255
6 305
3 57
4 135
6 235
1 222
6 394
8 126
4 269
3 204
3 194
1 175
7 426
3 470
6 335
10 112
10 197
8 160
4 177
10 185
2 137
5 184
4 208
7 92
9 252
9 489
8 79
3 419
2 466
10 122
2 467
2 85
6 264
3 116
1 102
10 159
5 201
3 78
5 245
8 485
10 332
4 459
2 29
8 488
1 297
10 315
6 214
3 425
3 325
7 216
5 281
3 102
8 263
1 337
5 210
9 79
1 252
10 122
10 261
2 240
4 24
8 83
9 349
10 343
4 55
2 133
7 114
8 280
6 273
1 33
6 27
7 389
7 78
6 186
5 25
1 347
1 34
7 431
2 15
2 45
8 462
1 212
6 252
1 68
7 13
10 196
6 139
6 465
9 489
7 431
6 237
2 248
1 409
1 365
7 50
5 116
3 209
5 49
9 116
1 304
6 53
3 437
3 40
1 296
2 24
8 437
1 326
2 359
10 206
9 103
1 370
3 210
2 270
1 402
9 32
7 217
5 438
8 118
7 378
1 65
3 420
8 429
2 256
9 318
2 472
2 71
7 441
5 222
2 457
8 253
9 291
5 26
10 78
8 386
1 30
2 98
9 54
10 9
10 52
10 278
3 282
2 466
7 40
1 463
3 46
5 247
7 484
8 465
6 85
1 320
8 54
6 377
6 81
7 244
2 113
1 109
6 136
10 23
2 393
10 270
2 106
6 3
3 379
5 20
7 298
1 132
2 397
2 348
1 452
7 349
2 122
7 163
7 180
1 83
7 344
4 251
10 317
7 142
4 50
5 441
3 91
1 247
8 204
1 472
3 465
8 173
6 92
2 167
6 440
9 382
4 192
5 356
2 282
7 471
3 60
2 284
10 100
3 114
8 241
4 365
1 185
6 387
9 458
3 294
7 329
6 42
3 226
1 293