300
1.00 2.26 3.19 1.75 2.58
15 456
17 137
16 494
8 544
10 136
11 209
18 585
7 526
15 181
12 255
1 210
3 131
8 236
2 113
13 524
12 55
7 44
7 193
12 5
3 218
11 396
6 206
8 208
19 37
9 263
15 108
4 431
9 84
20 339
15 115
10 587
6 59
5 117
15 107
10 262
3 514
12 460
14 26
13 409
2 302
10 399
18 551
2 393
6 374
14 491
1 150
6 6
12 227
17 52
13 133
17 292
20 170
19 273
6 246
4 422
7 239
6 31
17 512
20 123
2 600
11 194
7 97
7 299
4 41
11 423
18 43
9 530
16 578
7 218
4 382
14 16
5 347
16 594
4 416
12 19
12 60
11 80
13 99
13 24
1 144
7 592
1 69
9 225
13 578
2 67
18 545
19 165
1 395
20 325
13 375
5 401
19 538
2 48
7 4
2 324
5 417
18 528
11 325
16 76
4 101
8 383
3 75
16 104
1 393
15 345
17 445
19 527
17 588
14 219
19 402
15 38
10 17
18 367
3 52
13 126
18 194
3 100
18 300
14 167
20 301
20 23
3 42
14 353
1 257
1 309
1 200
4 361
10 350
16 298
5 100
12 442
2 561
2 565
10 99
5 100
13 63
9 472
1 342
20 448
15 200
10 294
7 241
19 36
15 207
15 382
13 331
16 387
4 257
11 585
7 101
4 202
18 534
16 263
15 599
5 511
17 27
20 197
17 568
14 154
18 322
16 400
19 31
11 522
16 15
12 269
10 13
8 40
17 257
18 420
20 162
8 506
9 315
15 187
10 51
2 118
9 68
14 284
15 383
2 164
1 574
6 191
3 292
10 294
12 228
3 129
9 489
4 254
13 574
9 42
5 312
15 579
9 537
10 183
6 551
8 299
1 551
14 262
5 286
1 592
1 58
17 24
13 441
7 120
5 305
16 525
4 481
4 236
20 178
16 562
16 224
20 371
4 241
19 99
12 345
5 412
5 197
20 320
3 409
12 283
2 266
1 390
14 319
13 141
16 352
16 247
15 168
11 261
2 514
7 547
15 26
12 18
1 477
7 224
15 564
4 569
12 554
8 58
9 40
20 251
16 209
8 217
3 343
9 27
10 87
3 29
20 211
12 474
8 89
18 110
4 63
17 419
9 494
16 98
18 65
19 403
12 54
16 524
9 326
13 506
19 191
11 68
19 42
10 551
20 99
18 233
9 237
19 335
18 548
4 283
13 527
5 167
9 376
20 449
18 235
2 553
12 579
9 492
8 61
10 76
16 228
2 311
19 270
7 182
18 553
12 163
6 546
17 346
14 261
17 467
17 403
13 268
6 537
13 168
7 35
16 440
7 519
14 5
9 485
9 597
12 166
