300
1 5.88 2.01 2.02 4.35
37 521
68 137
38 526
36 569
42 1228
4 32
53 236
34 960
76 757
57 533
65 728
16 643
47 187
12 1212
59 860
41 792
20 372
20 183
64 111
3 55
68 90
6 391
14 720
73 532
33 1068
62 816
52 108
59 905
75 289
15 413
42 602
21 915
17 441
55 1002
1 609
13 729
41 866
39 194
12 61
65 943
66 844
33 63
15 26
49 1195
39 12
50 498
23 549
24 1213
55 365
51 753
42 1265
17 200
35 318
75 1074
48 406
56 979
55 1009
71 46
18 456
30 514
76 416
28 165
34 372
1 810
29 273
75 136
76 597
28 401
41 939
7 355
43 655
26 589
25 657
52 381
78 818
49 674
67 553
48 725
12 299
76 794
62 165
22 1117
71 1058
9 321
22 892
64 701
29 610
21 522
34 623
61 347
52 962
21 299
20 821
4 1196
23 836
54 624
65 30
56 1194
44 1165
71 630
18 1040
60 1228
41 1044
5 181
10 1073
73 712
6 600
23 846
41 1122
61 1264
35 749
28 702
33 489
70 811
13 1079
18 913
39 340
80 998
46 592
24 184
43 1227
27 711
35 119
6 650
43 757
32 5
34 417
11 388
37 37
53 336
59 665
7 1016
76 469
31 1009
46 893
75 42
29 225
8 388
77 876
61 722
51 911
34 984
19 1211
16 1096
39 1099
43 220
22 761
20 114
28 521
17 258
41 774
57 156
10 653
55 460
54 777
58 289
41 970
72 887
58 193
24 738
17 761
43 1080
64 884
20 939
31 192
72 271
50 1035
34 407
26 536
59 683
61 949
10 576
39 430
6 38
69 899
32 212
74 455
44 578
57 270
38 554
62 67
59 69
72 780
1 889
71 671
57 634
69 180
9 1217
37 639
35 946
23 963
69 39
28 1015
1 191
51 709
39 868
66 133
14 526
46 61
3 675
9 593
7 441
13 1246
54 111
62 589
50 956
48 1107
68 518
48 783
65 866
47 498
34 1239
37 1114
39 598
35 702
38 734
41 485
26 69
24 1196
76 317
73 442
26 14
65 369
58 891
63 276
48 527
61 505
38 874
30 1190
58 420
73 1177
54 509
49 38
7 450
54 913
57 470
63 561
46 524
12 891
20 768
18 820
36 391
63 882
31 78
72 959
61 240
1 530
1 836
9 527
34 412
40 340
57 980
43 186
4 128
17 667
63 1258
66 519
48 1077
37 792
59 1030
75 682
4 805
27 633
36 350
11 443
49 512
79 742
27 783
4 266
49 960
17 295
41 672
56 711
42 1101
65 1064
5 918
65 922
4 1208
26 720
59 588
64 278
72 535
44 671
58 435
52 475
74 633
14 958
61 457
29 801
24 586
35 858
12 834
33 1225
67 189
77 735
67 555
47 291
61 752
16 69
68 527
