500
1 2.91 2.55 2.41 3.46
21 1120
77 1521
55 700
20 1910
64 522
24 1815
59 1340
15 1429
75 840
62 811
38 1775
42 1607
11 188
49 1173
17 524
9 1953
30 507
73 1258
8 297
57 928
46 1109
20 1004
62 1696
32 1839
9 1077
78 1117
50 1328
52 621
16 395
49 973
64 599
12 447
77 2024
46 1346
27 1423
68 1817
57 298
61 1312
74 910
5 634
76 1553
17 586
65 987
20 441
38 545
64 487
50 13
9 155
13 465
2 920
3 486
4 247
72 1907
24 824
65 1944
59 1907
12 797
79 1797
53 567
6 775
53 944
52 2039
6 1983
79 1315
71 1815
10 879
48 1831
36 717
37 1761
41 658
67 463
31 1437
50 1323
58 902
31 1581
72 1901
6 192
17 347
30 1846
72 1595
3 1258
58 85
66 1276
50 33
8 142
71 898
66 1267
78 111
22 490
72 511
79 1440
37 87
18 1466
76 1968
27 148
4 642
42 1668
8 1703
76 869
74 1873
12 1897
54 773
62 1573
36 878
35 1029
15 1399
71 1528
60 1003
66 1712
43 1834
30 440
45 1411
22 870
40 658
14 139
43 1928
56 1652
10 376
72 1664
64 61
32 1124
66 106
23 893
73 109
16 747
18 263
40 661
35 580
64 104
64 259
73 704
32 933
21 752
41 1352
1 755
46 1291
24 184
24 1326
65 345
10 51
52 219
23 820
9 1978
33 33
48 29
21 1967
62 1756
39 211
46 694
8 1682
11 583
43 252
34 1011
37 1759
37 637
59 1713
71 633
14 1757
4 1970
4 1769
63 699
11 691
78 304
77 1216
58 1567
60 1123
38 1790
20 1701
41 1556
14 315
54 138
41 413
2 183
28 432
72 1156
42 751
55 1046
40 1923
75 1309
62 434
50 1140
58 2033
3 1849
38 235
68 1334
24 1885
66 1369
17 340
79 2053
23 1577
23 1187
31 121
32 1805
17 1230
52 1605
40 484
17 110
71 1960
68 1216
78 4
13 889
8 1461
60 322
32 209
6 917
19 646
18 1999
33 68
20 626
10 2031
43 1705
24 1045
14 1317
40 1532
73 749
9 748
30 238
20 1909
53 967
52 1028
64 519
38 436
73 769
28 572
11 790
9 1772
2 1800
59 1856
3 1892
17 652
20 656
68 1704
78 783
16 532
46 969
41 736
38 684
4 600
47 1410
78 1072
78 785
66 66
9 77
46 1484
9 947
25 1757
4 1515
12 1398
7 1051
80 295
7 25
60 1458
1 1286
2 1934
3 291
52 891
23 205
28 798
64 536
13 1220
72 586
35 866
28 782
14 386
66 1053
59 618
17 1392
75 40
74 686
22 259
71 997
42 323
79 371
58 1637
74 1155
6 383
26 628
54 873
77 1003
23 665
8 1877
69 514
30 431
50 46
27 1884
4 478
76 1977
45 1956
78 1492
1 124
23 1198
22 1496
40 1409
21 1696
23 1315
52 1608
50 148
19 1460
47 1942
14 1530
60 1585
49 682
35 1
75 1220
45 1488
39 528
8 298
26 1094
42 1713
22 194
75 1670
18 269
73 1892
59 766
36 871
60 953
38 1103
3 1844
28 1188
80 1465
70 1121
33 405
78 1657
14 685
74 431
30 502
42 766
15 1196
6 28
80 2029
63 1828
74 1383
19 303
30 1955
42 52
74 1797
65 887
51 26
10 202
64 121
1 1034
18 1992
38 267
6 674
66 1343
41 661
33 1203
4 593
10 928
56 306
44 299
22 608
40 493
51 1394
77 953
77 1889
7 772
70 485
31 679
21 396
54 1413
74 259
42 1296
23 877
54 1446
5 1014
20 288
48 1782
19 762
22 459
72 364
18 1000
23 1959
1 1403
38 1331
9 1600
59 1295
7 572
59 11
32 872
79 111
75 1501
67 862
5 995
60 1951
48 1554
28 966
11 981
71 522
39 1181
77 2031
47 1258
9 1727
71 1150
6 1508
29 102
78 94
13 2052
26 309
35 1317
43 1807
23 740
42 1063
38 36
67 1151
44 945
52 1637
36 1639
11 156
79 1902
60 1285
42 316
44 468
51 2008
9 1166
7 1432
25 1073
48 502
68 761
64 865
50 576
54 1413
76 93
5 844
9 1777
50 575
30 807
52 264
19 817
63 1869
35 1074
77 1731
64 135
79 1189
57 20
38 819
14 140
10 1917
55 1633
64 311
11 1006
70 1032
27 1579
25 887
10 839
40 1288
39 474
67 1913
57 289
42 1190
28 441
5 1710
64 1165
78 1094
53 1649
16 1260
44 1389
17 1342
39 506
5 1893
60 838
51 792
39 663
5 1552
44 641
70 965
61 1649
41 1895
33 1588
53 405
23 175
3 376
19 29
55 1413
33 797
21 1296
18 1071
20 1952
20 1338
64 1301
50 1048
55 1041
76 1022
80 434
25 1346
68 839
79 324
6 1809
11 1201
45 1370
75 900
70 1884
67 316
64 1654
31 1732
51 1908
37 1199
51 125
44 1512
7 742
