150
1 1.13 5.64 5.45 4.39
45 287
9 352
79 593
73 123
10 556
46 322
28 417
68 98
68 517
41 40
46 288
36 424
66 204
21 496
71 181
52 260
65 61
44 183
71 290
50 137
6 101
44 85
68 209
51 442
53 36
78 460
22 504
21 301
65 103
19 256
70 511
21 390
5 317
16 439
25 532
65 385
2 473
60 522
39 328
80 393
42 38
56 135
48 244
1 539
45 131
14 635
17 442
66 374
65 238
60 582
35 466
3 200
39 368
3 610
6 212
58 508
27 66
27 87
12 539
7 37
45 191
10 314
40 305
26 652
46 426
37 446
9 101
4 216
29 309
38 524
18 118
44 615
19 527
46 180
12 128
51 95
27 107
76 219
77 79
10 652
54 470
31 431
75 479
18 35
13 85
9 550
44 90
51 644
57 177
36 548
64 65
18 89
16 405
9 515
65 212
61 343
80 331
63 313
57 505
73 288
49 332
65 555
21 82
30 143
38 272
68 463
73 118
32 184
21 478
55 633
36 529
66 378
7 598
11 42
69 484
22 179
34 612
5 161
46 96
56 407
69 80
17 474
56 134
12 152
35 156
9 266
56 290
69 265
19 581
71 636
16 214
40 331
71 319
56 230
41 412
47 43
13 373
65 618
47 280
66 303
19 412
38 34
61 467
67 525
78 586
8 365
59 510
57 230
43 180
31 383
