450
1 5.39 2.28 2.05 5.73
31 466
37 1557
14 1222
5 227
14 21
57 1529
36 1438
80 1168
8 115
71 404
6 199
75 1116
36 336
59 1568
74 1366
51 1111
74 1534
50 702
19 1643
52 708
37 92
37 1210
16 1202
29 807
59 1428
50 611
54 579
49 460
64 323
66 659
31 360
47 1198
7 1310
6 307
2 1517
4 1234
43 1684
51 9
5 480
79 63
45 1516
64 1135
49 1427
53 956
31 799
61 1370
21 1611
39 214
1 245
6 52
13 943
17 418
9 823
40 11
4 1546
20 33
72 917
20 289
24 1793
70 1413
27 1614
2 208
62 558
40 270
79 629
7 346
53 417
72 1197
41 822
42 951
46 1569
8 1314
52 1293
19 719
76 1700
15 1029
44 1825
21 1210
73 249
47 1614
43 1124
63 1443
10 1255
71 373
18 546
13 85
68 9
9 1660
75 1077
20 72
31 1830
30 725
28 113
29 1806
25 348
73 1398
47 118
65 1472
62 106
73 1750
15 344
71 1612
55 1625
67 1727
37 284
9 423
64 983
80 56
20 1090
78 1520
31 130
19 162
2 559
52 1819
66 1158
78 1617
72 266
59 1086
55 307
68 1261
76 567
74 777
2 918
50 1495
45 981
44 734
43 1828
42 1699
14 794
75 358
54 1078
16 1509
23 92
49 1463
23 485
73 56
24 111
58 976
53 1237
32 1829
79 563
46 165
62 18
11 391
60 1618
77 1632
59 850
29 1067
67 128
12 1199
70 600
30 1503
50 674
47 466
25 906
56 481
36 1155
39 1119
9 799
19 965
53 418
30 1608
3 1397
67 1214
39 142
65 723
38 1626
80 306
52 1363
78 1093
17 1620
71 855
53 1352
29 1281
30 858
15 1409
50 1169
35 62
47 684
78 1446
43 515
21 100
55 116
77 6
54 536
59 1450
77 847
9 247
58 21
53 1585
29 395
76 203
28 118
66 814
63 1123
76 787
8 1185
30 1466
28 396
50 1439
34 1360
11 1155
46 1814
61 764
29 1494
52 1283
39 607
71 592
28 925
46 534
21 1525
72 1347
7 950
80 1159
36 1731
59 1485
17 1559
69 1450
37 1413
14 1440
23 1259
31 388
14 1506
77 1254
11 1087
30 762
2 825
33 1176
50 1207
1 254
18 208
5 673
74 1540
44 271
35 1646
74 689
65 735
59 276
50 874
27 569
34 817
22 37
22 707
35 1128
1 1197
69 1491
69 927
46 86
24 48
70 589
57 1220
30 1311
35 1423
60 1327
36 934
47 1647
58 519
74 1488
18 126
12 1040
28 1747
17 1391
63 16
3 859
52 1183
71 685
72 361
54 788
55 1644
41 960
22 1393
4 764
43 828
2 178
40 1242
8 1062
31 1628
59 1176
80 874
16 1099
6 101
69 1763
18 506
16 1081
21 1730
21 108
40 973
72 121
32 1557
32 1748
25 1002
20 1532
32 542
72 1831
43 1695
50 1264
24 1836
37 425
22 1029
25 31
8 33
7 1623
11 1125
40 1070
1 267
26 179
21 758
77 1714
41 1755
43 1406
47 669
23 349
50 1456
75 334
71 1132
46 50
23 325
2 553
33 935
33 1406
6 1516
69 1600
78 1529
16 1148
4 720
75 380
47 1554
44 1262
61 318
13 1389
36 1721
59 622
11 62
12 203
42 838
17 746
10 1076
55 568
21 1830
59 1351
25 591
45 70
10 836
13 1492
3 222
15 1431
64 1789
31 748
47 747
10 229
7 466
19 764
36 1076
4 562
26 304
26 149
49 1598
4 1376
49 291
40 327
28 137
39 154
27 1760
21 637
42 236
1 534
58 160
69 1366
79 1575
33 220
31 181
74 1116
70 1078
56 1331
71 768
9 560
66 671
74 438
38 592
59 107
38 519
69 770
35 1020
20 1292
50 242
35 556
20 1592
41 550
31 532
11 333
28 1512
13 1354
78 432
61 851
49 1352
45 1750
59 38
45 1675
67 1633
30 925
40 873
79 1154
59 151
19 1325
23 136
36 1262
48 1662
35 1786
7 1604
20 666
79 1318
42 127
4 1087
29 1245
44 699
62 1040
40 915
26 18
4 1344
37 236
38 639
71 1614
21 1058
5 712
24 778
52 81
32 1594
29 401
39 666
9 1229
78 396
18 1572
28 720
25 65
65 1448
60 1115
5 819
26 1837
76 264
67 1409
74 1518
52 1571
70 535
51 158
16 1196
39 1099
42 522
8 731
61 269
34 155
