400
2.42 3.09 3.44 2.04 1
48 587
40 492
43 512
46 544
22 12
20 170
3 32
38 171
1 413
40 574
6 651
16 527
17 216
37 367
15 180
25 144
50 663
35 80
14 30
34 394
20 648
25 365
2 443
15 631
41 538
7 453
12 266
6 493
29 524
21 342
22 622
18 526
9 582
33 443
28 532
43 526
37 447
44 48
27 593
44 503
49 633
6 211
25 365
1 474
18 340
46 553
20 152
11 29
44 434
12 85
16 324
1 587
39 405
33 298
20 218
40 46
3 302
34 437
39 238
31 552
38 351
21 244
42 483
19 255
7 606
6 14
42 150
21 403
30 251
35 513
39 534
24 663
39 242
38 222
12 168
39 643
38 368
40 284
25 539
9 155
45 561
4 604
6 618
22 312
27 592
12 523
20 197
50 34
13 602
22 263
21 134
17 112
17 134
15 371
40 41
46 91
33 308
8 520
2 534
14 419
30 333
9 136
25 621
16 334
45 452
42 376
29 330
37 490
48 145
39 681
40 652
35 77
47 238
16 462
47 549
16 213
9 563
47 499
46 586
14 268
32 650
45 498
33 588
25 247
50 392
42 483
32 279
6 76
2 525
30 26
50 144
38 242
41 561
50 609
33 486
32 182
14 548
1 641
3 501
30 623
31 162
9 481
37 63
24 316
5 578
12 416
35 530
1 361
1 343
31 29
23 443
15 683
46 156
43 514
33 604
9 412
44 233
30 366
18 385
15 531
39 208
12 602
35 288
30 357
25 93
49 571
45 359
50 483
50 665
27 164
22 77
34 387
24 581
49 518
40 307
15 300
11 429
18 47
47 689
35 264
42 644
23 17
3 466
45 506
12 383
2 256
46 647
1 179
36 509
7 537
10 454
1 348
43 172
35 29
2 285
1 324
31 505
9 61
10 364
49 412
1 80
6 6
28 228
22 282
4 165
12 625
7 408
48 115
35 514
41 515
13 213
44 234
10 105
3 348
11 219
26 253
10 681
14 203
11 563
8 286
13 317
26 143
40 168
15 441
16 23
26 442
25 201
43 517
38 579
30 191
40 195
34 123
31 638
8 421
9 153
34 231
42 420
35 334
40 337
1 111
50 12
12 89
24 414
21 21
31 430
5 244
2 555
7 68
33 557
37 13
50 253
8 194
24 122
2 119
39 128
13 281
39 566
7 377
50 199
38 47
26 492
19 40
49 468
11 425
39 553
12 468
39 498
46 626
14 427
45 574
43 650
22 262
7 315
44 8
9 281
1 502
28 248
17 10
44 148
16 32
9 382
39 571
35 71
11 195
8 380
11 368
47 154
34 659
12 5
13 304
33 149
36 208
19 46
17 80
45 342
2 674
37 266
43 113
2 602
41 603
19 304
16 238
37 79
29 131
46 226
24 662
4 250
36 642
40 552
39 651
25 343
23 505
9 331
48 220
17 424
48 329
26 517
44 158
45 665
8 261
48 506
3 558
48 368
40 365
48 84
4 148
24 585
21 188
19 39
49 201
36 226
33 443
32 136
36 334
6 377
41 612
27 101
20 584
34 141
14 519
24 625
21 130
27 661
49 91
46 49
8 263
33 72
25 425
15 618
32 501
40 239
45 119
13 586
17 294
2 540
24 310
3 35
11 105
45 159
29 620
17 294
12 425
25 240
12 202
18 20
50 175
50 428
31 115
9 89
44 242
5 206
9 367
31 86
20 559
20 514
2 81
4 56
19 136
19 281
26 429
34 73
36 28
42 477
14 527
16 672
26 589
17 81
48 677
43 381
23 177
47 324
14 152
34 578
10 315
4 222
50 402
50 33
19 115
17 55
27 128
