250
2.54 1.15 1 2.24 1.33
5 84
10 30
6 209
9 266
10 237
10 232
3 102
4 2
7 83
4 254
5 172
1 208
10 122
4 105
7 73
5 231
2 70
7 190
5 151
6 20
8 17
4 82
8 57
10 189
5 196
4 23
7 35
8 101
5 19
6 137
3 255
2 257
3 88
6 40
9 14
9 66
3 76
3 20
8 56
3 175
3 181
6 182
5 106
5 191
7 137
2 1
4 251
3 75
10 37
3 123
7 122
3 23
2 87
9 262
3 243
6 144
9 204
6 33
5 43
4 73
3 143
10 80
1 240
9 211
7 106
9 255
10 46
3 70
6 54
9 203
9 89
1 106
2 102
3 63
2 23
4 163
6 90
8 133
5 109
8 24
1 1
3 215
3 44
4 21
7 111
8 159
9 37
4 255
9 39
1 172
1 178
1 80
6 119
5 111
5 4
5 172
5 130
8 167
7 67
8 214
10 2
3 54
6 82
6 184
1 5
1 6
7 28
3 95
8 225
2 219
3 7
8 264
9 173
8 140
8 6
10 36
3 5
3 10
7 191
9 162
8 35
9 35
9 22
6 0
5 123
5 21
9 209
2 27
8 177
4 212
2 217
5 47
2 144
8 252
10 48
6 95
4 146
6 127
4 239
4 238
4 29
3 62
2 147
7 192
5 137
2 118
3 272
9 157
8 264
5 102
1 201
3 260
2 264
1 82
9 205
5 171
3 209
9 33
4 230
7 202
1 245
1 157
3 236
9 209
10 203
3 129
5 56
9 236
3 74
9 19
1 116
10 14
1 205
8 171
9 110
8 219
5 157
10 57
4 105
8 214
7 81
6 162
8 150
7 257
7 261
3 22
8 110
3 7
1 134
6 138
1 202
1 201
3 143
1 64
9 181
3 235
3 34
8 198
5 79
3 0
4 29
3 148
1 27
2 9
5 165
10 162
7 55
5 131
7 86
6 73
7 194
7 210
6 226
4 184
5 43
2 105
5 136
1 227
1 211
5 30
6 259
7 184
8 78
3 126
1 81
5 129
2 110
10 216
5 267
3 0
7 126
9 87
10 203
9 255
9 138
10 129
8 235
5 174
1 52
4 244
8 51
5 47
9 90
10 101
9 135
3 81
2 250
3 161
7 225
5 2