100 
4.21 2.78 1.46 1.49 4.41 
54 76 
36 282 
77 155 
38 120 
58 17 
19 395 
43 312 
20 313 
42 390 
12 97 
57 183 
75 209 
75 114 
71 328 
22 364 
27 242 
79 61 
8 28 
49 182 
15 3 
33 29 
45 396 
63 106 
12 260 
43 352 
74 337 
40 44 
53 4 
74 171 
20 272 
18 120 
54 280 
41 157 
79 181 
57 220 
13 59 
40 9 
51 205 
46 347 
45 288 
57 23 
32 24 
31 315 
61 399 
50 142 
42 129 
65 141 
27 31 
4 25 
74 13 
5 79 
30 173 
16 242 
53 120 
64 337 
25 101 
79 192 
44 129 
4 4 
67 178 
66 30 
70 1 
59 77 
30 274 
2 159 
32 225 
62 186 
22 341 
62 53 
65 216 
52 144 
39 286 
40 292 
46 103 
35 146 
71 369 
24 353 
39 255 
34 207 
27 314 
6 341 
30 391 
62 118 
70 188 
26 86 
28 277 
23 389 
59 214 
73 302 
8 146 
4 228 
63 111 
63 158 
1 348 
3 224 
66 206 
23 182 
61 167 
14 377 
2 1 
