100
1.39 1.0 1.16 3.33 4.39
18 925
12 231
2 302
15 584
6 440
15 261
17 296
13 882
14 586
15 544
8 758
10 597
4 120
12 217
15 663
14 909
7 843
18 377
5 177
8 324
15 580
13 154
9 655
17 454
4 876
16 921
11 572
19 842
20 202
16 398
9 414
12 922
17 996
3 633
14 26
16 750
1 744
17 881
13 881
11 943
18 931
8 766
12 304
10 319
13 990
5 922
6 382
15 984
13 869
11 484
8 69
7 935
12 642
18 472
15 56
11 5
2 972
20 123
20 826
8 605
12 475
17 581
6 546
4 264
12 690
4 751
10 771
6 776
1 201
6 669
18 650
4 968
10 749
13 838
7 773
19 205
5 224
15 358
7 905
9 915
9 343
7 147
16 214
18 190
10 333
16 637
5 515
13 102
1 877
20 761
6 442
17 911
8 622
2 944
10 830
14 514
9 294
4 231
17 560
13 254
