300
4.24 1.69 3.82 1 1
29 375
30 364
14 289
20 361
48 366
10 277
44 408
12 329
21 328
11 87
16 154
21 21
25 84
14 368
26 351
49 59
24 511
6 227
31 180
26 355
6 108
5 287
23 213
50 249
38 354
8 309
9 349
35 53
12 166
50 262
8 307
42 302
6 273
34 357
39 414
26 404
46 176
5 43
35 287
37 456
23 486
22 32
30 391
34 197
30 22
40 101
41 437
45 408
10 202
17 87
2 112
17 167
25 195
2 215
40 0
31 259
42 494
34 141
47 425
37 407
23 466
5 342
25 221
24 116
25 59
49 329
25 108
23 106
46 218
19 430
22 33
25 443
39 370
13 310
17 94
10 67
46 402
12 454
17 54
18 308
42 72
27 322
50 330
11 39
24 190
36 411
31 286
49 2
50 315
32 391
1 317
7 411
26 412
30 301
20 176
19 509
47 395
2 41
18 35
2 509
6 416
36 58
19 108
17 116
13 434
8 514
35 421
3 487
7 396
20 237
41 128
50 23
23 305
33 300
30 349
48 327
8 508
34 332
26 66
3 110
50 452
46 395
48 161
33 365
3 316
46 430
47 11
40 93
19 226
26 12
9 112
35 252
44 389
41 246
38 363
6 134
26 195
8 228
11 483
14 438
1 164
45 446
7 446
11 126
28 152
38 150
17 485
37 279
2 503
46 325
34 36
44 232
17 75
26 248
8 372
14 246
11 189
46 110
14 490
44 372
44 132
14 499
31 277
13 227
39 502
16 371
33 279
50 433
13 29
17 63
21 452
9 114
47 345
26 130
27 432
29 471
33 494
6 0
21 42
44 107
17 249
27 343
40 273
38 78
44 510
35 39
25 102
18 472
6 265
32 128
27 473
5 326
5 269
29 206
31 496
38 219
5 295
11 448
24 6
42 493
28 399
14 103
50 269
39 152
43 248
11 273
3 179
24 456
34 500
36 221
25 161
42 463
18 303
11 462
27 488
50 446
29 330
2 108
27 75
9 352
2 474
43 105
20 257
13 27
43 100
12 404
15 497
12 198
24 304
21 350
35 111
34 366
45 319
20 169
47 149
37 89
15 434
17 426
49 194
24 307
46 195
41 146
25 193
50 123
40 149
3 101
3 289
26 382
40 7
39 270
15 264
37 163
45 197
12 300
25 37
7 115
19 218
10 289
20 35
23 325
13 509
13 336
44 275
16 160
40 427
13 73
20 340
47 419
14 124
40 2
43 101
9 50
25 214
18 390
30 35
2 112
3 262
49 92
5 213
46 284
28 101
39 73
40 152
48 359
2 314
12 318
28 162
6 258
42 12
9 350
24 434
19 168
32 334
27 267
50 81
26 39
26 424
42 130
8 75
35 16
