250
4.82 1.0 2.88 1.79 4.67
20 386
10 934
12 1709
4 1419
7 2438
3 1422
3 45
14 2308
12 573
16 858
10 1636
11 1642
16 479
9 25
14 2450
1 1197
7 849
7 217
4 2154
18 2465
10 1320
4 2122
19 563
16 1461
16 1246
2 1712
3 1242
15 114
18 622
7 449
15 746
5 2061
7 354
16 1886
14 1062
6 2203
18 1298
6 645
2 1999
1 290
15 1047
15 2017
19 2213
17 597
14 2263
1 758
14 299
1 863
2 833
4 1454
15 1140
20 342
17 759
10 1991
15 2442
5 2260
14 2394
6 2006
16 2297
10 1551
4 2471
11 167
12 151
8 2333
17 1557
3 178
15 308
8 726
8 1745
11 164
17 1519
16 2434
8 2362
8 95
20 2271
17 401
9 829
7 1283
12 699
2 2305
6 198
4 2351
3 1492
11 1964
4 461
11 52
12 1487
20 936
1 2016
17 312
8 1069
5 4
7 1060
7 2288
7 2286
8 1457
14 2170
16 2163
18 1065
12 1605
13 886
18 2109
14 1686
20 1483
13 1194
3 2067
4 1668
16 1032
3 245
16 1212
8 1988
1 254
19 807
8 436
6 1895
16 1195
3 97
17 540
18 1375
16 1444
3 2238
11 1179
8 1220
8 249
20 813
15 336
17 2405
18 736
13 1801
17 994
16 2081
11 89
2 1448
7 956
3 325
8 2358
7 1209
20 314
10 554
19 453
4 1966
12 2103
7 2425
12 1194
12 913
12 1313
16 46
1 653
5 1449
8 1180
18 1064
1 164
10 1980
8 1359
20 1561
6 2096
13 2293
12 1596
20 1178
13 798
19 1939
6 1141
18 1910
19 2212
7 307
19 2010
2 32
18 1437
11 1131
20 1345
11 2316
4 1165
18 37
2 1980
8 2078
9 1403
7 463
20 1071
12 1265
9 62
19 2263
15 811
15 1970
19 2341
11 1850
1 1180
7 2463
18 2058
20 363
8 2299
15 2467
19 687
9 1658
15 2119
20 2185
2 488
3 2363
1 971
18 1759
1 2011
9 1565
4 1765
3 77
8 110
4 1959
18 973
2 745
1 1102
12 1870
9 1431
5 2308
11 1350
11 1789
18 1444
7 1337
5 867
8 736
17 840
16 455
18 652
20 57
7 749
3 387
19 1460
4 2023
4 1936
6 153
2 150
1 2067
8 2447
17 1941
11 204
14 266
11 2231
6 514
15 1253
5 368
12 580
8 1556
9 1302
14 192
11 2063
17 1079
17 733
2 174
2 2122
20 1033
11 973
4 1337
15 595
