350
1.00 2.26 2.08 2.12 3.27
3 379
9 425
4 520
18 31
14 164
8 243
14 296
8 604
7 442
3 496
17 579
1 228
1 415
1 592
12 339
9 225
14 219
7 520
2 597
9 60
8 441
5 378
17 381
6 8
6 658
20 322
5 227
12 645
2 480
16 600
18 272
7 33
9 295
3 383
11 648
15 514
2 5
13 186
7 478
7 632
8 398
1 96
6 587
14 183
11 194
1 195
15 340
12 112
16 611
18 13
12 217
8 384
20 651
8 566
15 402
19 563
4 588
12 512
9 86
16 696
13 149
14 49
5 167
1 686
19 359
1 514
12 687
14 693
17 567
15 363
4 390
18 202
8 462
10 319
15 24
16 537
3 447
16 413
13 359
18 679
9 657
3 561
19 244
6 545
6 282
5 224
5 647
17 180
7 684
11 175
9 380
10 20
3 25
1 35
15 684
1 516
8 127
11 438
4 227
4 272
18 632
3 552
1 377
14 502
7 464
13 389
10 331
2 418
16 356
9 661
6 354
6 317
17 108
15 306
11 334
4 559
16 16
6 479
14 202
4 462
7 44
6 182
12 490
10 368
6 388
20 334
9 483
1 549
8 116
4 165
6 638
13 591
12 567
12 374
16 432
8 304
10 556
13 225
16 683
13 633
10 520
20 399
18 391
11 146
10 202
12 502
8 256
15 501
6 59
12 609
4 484
12 577
7 587
16 653
19 322
6 412
17 617
8 286
1 33
8 171
16 3
3 150
2 311
8 75
12 685
20 574
8 19
5 269
17 103
1 573
1 438
12 438
2 74
11 269
19 440
2 262
17 463
6 584
8 571
18 314
3 174
14 183
15 288
11 562
16 48
13 474
5 490
17 398
12 196
11 355
20 80
3 439
12 440
17 258
17 643
19 519
8 313
13 150
4 268
6 641
7 60
20 292
5 244
9 340
20 637
10 644
12 365
8 621
14 544
8 305
6 260
6 243
1 220
11 586
14 115
10 441
11 477
15 320
6 421
14 461
5 632
16 538
1 511
6 7
4 101
4 547
19 633
11 37
5 183
7 173
8 230
13 22
18 507
7 399
7 451
16 514
3 479
12 85
3 150
14 203
20 130
3 11
8 613
11 525
10 394
7 304
7 374
19 684
5 49
10 179
10 609
13 373
3 674
19 628
12 290
11 38
10 563
12 357
3 299
17 567
3 438
6 215
20 546
8 159
6 339
19 280
17 436
6 103
7 354
15 93
13 262
16 351
6 611
1 275
2 498
20 351
6 579
11 325
12 231
8 612
7 464
17 594
7 305
9 193
12 273
13 626
15 640
1 682
13 607
4 548
13 487
6 137
17 130
3 202
4 364
9 31
10 188
18 228
20 35
7 20
14 621
16 188
5 346
11 197
14 48
17 441
20 207
14 661
5 79
1 317
18 142
13 624
2 18
5 278
5 128
13 168
14 401
16 281
6 459
9 238
5 694
1 667
7 416
2 398
8 624
16 393
16 175
13 633
15 326
9 24
5 625
20 495
12 30
1 109
7 6
5 434
20 452
2 408
11 506
14 252
11 167
18 468
8 434
2 67
3 507
9 157
9 226
20 83
19 241
13 591
