200
2.55 2.6 1 2.14 1.41
13 138
12 35
19 328
13 178
13 213
4 201
15 166
4 158
19 128
20 335
16 323
19 139
12 301
15 13
9 194
6 189
8 53
19 66
14 29
5 306
14 47
9 262
12 324
11 37
10 217
6 186
17 39
8 70
16 60
20 283
12 196
11 318
12 124
15 144
14 42
8 231
19 114
19 349
10 291
4 52
11 328
20 115
14 293
20 29
19 297
15 111
7 89
8 340
11 178
16 253
18 231
14 295
10 347
15 148
15 43
6 136
4 296
12 257
18 91
18 286
9 190
11 342
15 292
14 146
5 202
20 72
8 27
4 167
12 29
14 53
12 124
13 220
5 131
11 296
8 141
7 2
10 126
5 330
4 140
10 82
9 324
10 132
9 36
20 101
5 84
15 265
4 339
19 300
11 40
14 147
17 16
18 222
16 189
6 116
11 279
20 110
11 312
6 248
14 17
18 177
18 335
11 215
6 116
13 288
9 104
12 299
6 133
14 213
16 142
13 20
16 219
20 320
11 202
6 245
7 226
4 170
6 89
4 160
9 188
4 302
11 275
12 347
19 132
8 223
11 42
18 161
13 329
18 74
18 71
10 170
8 128
5 107
4 39
6 338
15 218
11 159
20 329
17 83
11 284
18 279
19 293
13 226
20 183
12 27
5 189
15 275
7 327
11 6
13 74
16 299
16 284
14 76
20 149
18 346
6 49
7 222
5 177
12 305
8 20
16 135
6 232
13 241
6 227
18 179
15 309
6 277
13 49
7 286
14 133
7 29
17 132
13 64
18 82
5 261
16 241
6 303
20 242
16 201
17 276
6 118
16 327
6 90
15 233
11 68
7 278
5 158
20 335
16 107
19 307
20 113
16 89
15 146
5 109
15 62
7 152
8 57
8 54
17 132
15 330
20 84