450
1.00 3.43 1.31 2.94 2.97
10 481
4 153
6 478
8 259
17 514
4 815
19 480
5 577
13 612
18 781
2 525
15 488
7 703
16 592
17 864
6 53
8 555
15 71
1 134
10 196
2 315
6 47
6 758
11 454
19 222
15 478
1 28
9 247
11 51
3 803
2 311
4 415
1 520
17 202
8 774
12 154
19 308
3 876
5 644
19 258
19 66
4 293
19 666
11 419
2 354
10 325
19 790
20 429
3 235
17 666
4 250
7 350
16 371
14 336
6 567
19 900
6 456
12 462
8 742
1 520
11 569
9 356
9 790
12 140
15 645
12 383
4 595
4 805
16 559
6 339
10 810
13 521
1 29
7 293
9 200
20 693
14 626
11 322
20 186
14 377
2 845
3 167
19 737
8 554
15 625
11 619
5 638
16 74
18 712
20 743
11 299
5 9
8 428
7 303
14 219
13 850
13 854
12 136
11 685
4 662
11 421
3 511
10 247
8 690
19 300
7 520
16 89
6 758
10 722
13 645
18 250
17 268
12 68
2 895
10 103
15 379
4 240
20 94
10 201
10 388
11 396
19 867
14 521
13 752
9 47
10 329
12 462
1 807
8 187
17 537
2 66
12 212
3 360
17 117
4 721
2 888
19 299
2 433
13 360
7 773
4 654
14 324
20 271
10 699
13 835
17 888
9 816
11 8
13 480
1 286
5 342
7 279
18 258
9 180
6 371
8 261
5 308
14 699
9 282
18 502
11 856
4 45
15 439
16 550
20 370
6 553
2 373
17 637
5 363
3 509
3 436
12 12
20 562
19 150
10 896
11 825
19 5
16 587
3 11
5 141
10 593
19 185
8 126
14 246
17 653
5 537
9 295
11 680
7 451
9 46
9 791
8 657
6 469
16 750
12 659
1 619
14 23
10 605
10 59
10 97
4 308
1 798
16 305
13 724
3 782
20 668
7 773
2 555
5 732
17 726
16 601
18 138
15 328
15 288
20 778
15 401
11 613
20 18
5 468
18 285
10 228
13 447
20 484
17 229
3 478
13 209
4 551
8 310
19 213
5 639
2 337
12 394
8 87
10 787
12 448
19 532
8 765
13 38
2 644
8 433
8 252
18 765
13 772
8 652
4 846
1 378
1 898
17 356
5 793
7 586
2 149
17 448
13 213
19 75
10 267
5 534
8 851
13 389
19 797
9 106
11 794
13 805
20 799
2 745
2 469
14 590
8 514
15 137
11 447
5 409
4 841
20 543
9 793
9 84
20 13
13 661
3 523
10 313
5 819
20 153
15 525
12 237
16 890
11 464
10 571
9 802
18 843
1 137
20 291
12 195
8 383
2 638
4 508
15 569
14 839
2 840
18 448
19 675
5 751
17 332
9 801
16 318
13 562
19 203
4 751
6 252
13 796
17 185
15 489
6 378
4 160
6 841
3 343
13 372
12 689
17 736
11 664
3 674
13 678
14 480
20 807
11 826
2 365
16 570
2 310
20 875
4 286
12 844
5 605
3 793
12 749
17 612
11 268
20 146
19 69
14 14
9 735
5 462
15 380
12 402
16 582
6 495
5 203
2 458
20 102
5 366
17 112
1 636
16 76
7 825
15 887
3 418
7 269
13 549
10 92
11 84
3 655
10 716
10 583
1 871
7 644
13 795
17 548
11 388
2 267
5 793
8 788
20 160
9 571
1 308
14 773
12 289
12 128
19 313
20 764
4 859
3 541
9 96
6 114
18 830
11 334
1 642
8 456
8 3
1 418
7 817
7 641
19 505
16 123
11 881
11 365
18 497
12 688
4 233
14 705
14 440
17 476
18 888
19 313
9 310
16 661
20 64
7 868
9 544
11 848
20 723
20 291
1 678
19 763
20 720
14 579
8 221
7 283
14 691
19 834
7 165
9 654
18 241
19 134
9 202
8 863
1 362
13 780
12 634
2 45
20 379
10 26
8 785
19 724
14 841
7 532
3 713
12 230
17 406
14 496
1 468
14 776
18 619
17 160
9 394
20 669
10 724
13 356
4 362
20 655
9 71
1 67
15 33
4 456
8 325
