450 
1.04 2.85 3.16 1.1 1.41 
54 1659 
3 448 
71 1248 
31 310 
51 762 
21 1400 
30 5 
80 526 
26 830 
23 819 
4 1176 
23 1578 
10 1762 
48 784 
79 1737 
8 1789 
58 951 
75 1545 
42 1584 
53 612 
26 1416 
41 476 
71 962 
38 795 
65 1102 
69 718 
51 498 
80 961 
8 1208 
53 646 
20 794 
58 1309 
53 1073 
44 1306 
36 1196 
3 222 
66 1007 
28 1424 
78 839 
50 703 
50 816 
64 813 
29 1745 
21 1394 
8 1040 
60 624 
61 1796 
2 1766 
3 424 
12 383 
5 1160 
30 107 
62 284 
54 1265 
73 489 
7 345 
39 39 
12 750 
78 207 
62 845 
40 1346 
78 857 
79 563 
7 543 
48 933 
74 236 
66 13 
7 326 
14 1662 
53 773 
34 1585 
35 1 
29 1136 
77 391 
74 1256 
6 862 
39 768 
44 1563 
63 960 
16 1038 
16 1105 
21 1191 
61 132 
77 124 
65 408 
54 49 
65 968 
43 1506 
36 765 
70 1327 
6 322 
22 1758 
71 382 
70 775 
71 1004 
55 768 
37 118 
12 1001 
4 823 
35 1577 
41 815 
66 867 
62 1307 
48 1182 
8 1293 
71 665 
29 1746 
74 144 
22 31 
9 1745 
4 509 
35 593 
28 951 
25 1519 
17 1224 
53 590 
66 323 
25 719 
41 788 
18 1785 
36 622 
67 1477 
49 19 
46 150 
2 557 
10 1399 
62 955 
76 761 
65 694 
43 1309 
41 423 
11 51 
10 1410 
66 523 
77 1344 
43 51 
14 47 
14 1242 
55 422 
31 1051 
10 1596 
28 1305 
67 68 
62 959 
7 948 
4 809 
39 937 
29 289 
77 1589 
75 1214 
45 1262 
18 780 
47 407 
57 71 
16 301 
30 326 
28 1126 
52 182 
13 1169 
76 377 
1 922 
9 937 
48 1316 
2 119 
60 678 
59 902 
29 271 
78 792 
64 360 
6 1564 
33 1162 
31 123 
45 1185 
13 1293 
1 958 
8 1277 
36 1293 
32 1561 
34 1155 
2 697 
23 1765 
30 1125 
51 1628 
15 1463 
6 1001 
78 477 
40 563 
43 1083 
41 953 
62 287 
36 1724 
30 49 
21 1770 
11 1582 
54 1399 
9 944 
72 1287 
35 1224 
23 1344 
28 280 
12 168 
53 1129 
63 1728 
44 984 
47 29 
23 674 
78 568 
16 944 
27 684 
24 954 
34 1560 
37 247 
77 1149 
54 1143 
51 1334 
75 712 
68 1292 
76 755 
59 1242 
38 374 
42 1162 
5 831 
50 644 
64 177 
8 214 
72 162 
69 1354 
29 1598 
48 1680 
11 78 
75 810 
5 585 
76 611 
75 1404 
34 935 
1 1798 
39 213 
21 873 
11 757 
21 573 
39 1695 
42 1595 
20 392 
72 472 
45 891 
61 197 
64 362 
37 440 
61 50 
17 1035 
32 1548 
39 933 
26 1226 
4 1209 
63 910 
9 447 
30 633 
55 1480 
5 1181 
64 204 
49 203 
78 477 
53 1049 
58 456 
53 69 
60 786 
17 1642 
37 282 
34 1565 
10 1089 
76 1338 
32 1040 
16 1547 
31 1151 
72 1188 
57 338 
58 1531 
49 1581 
54 1660 
25 1712 
72 839 
46 289 
26 83 
52 882 
46 1023 
1 240 
28 812 
44 175 
3 564 
5 700 
5 1116 
3 28 
51 927 
26 150 
69 1313 
26 1220 
70 1410 
14 1525 
75 83 
36 392 
32 1792 
79 1753 
22 45 
57 1075 
37 1751 
5 1063 
57 1543 
24 14 
28 652 
17 1741 
67 337 
23 1172 
58 341 
62 612 
65 1393 
3 579 
30 1126 
42 1401 
79 285 
31 790 
27 1712 
80 1350 
34 1650 
14 798 
62 1272 
59 635 
76 699 
32 78 
18 269 
68 1389 
3 44 
70 1604 
64 5 
26 553 
20 981 
13 1516 
20 677 
8 1615 
17 307 
46 568 
9 952 
35 1743 
51 101 
37 228 
68 1176 
52 1401 
30 1762 
11 613 
6 414 
71 859 
49 220 
59 635 
63 1765 
30 1092 
9 1501 
68 1578 
70 1383 
16 349 
46 422 
3 516 
1 1335 
53 582 
79 1298 
21 1635 
54 1637 
80 161 
23 643 
29 1688 
30 749 
53 351 
36 1246 
24 607 
14 1265 
36 717 
51 965 
9 333 
23 169 
70 273 
39 1555 
38 4 
71 116 
80 434 
44 1323 
6 603 
74 951 
33 448 
8 1497 
71 588 
68 5 
72 1181 
30 569 
41 519 
8 1489 
46 1300 
24 682 
40 532 
17 422 
1 1119 
14 1588 
11 405 
55 1411 
75 837 
23 882 
7 455 
80 1106 
29 1511 
26 1738 
52 643 
19 1203 
31 919 
49 546 
66 593 
40 774 
57 879 
59 1052 
68 1618 
77 599 
5 1705 
46 155 
20 334 
32 107 
11 323 
64 1113 
32 322 
45 575 
64 1711 
53 1452 
16 1284 
67 481 
9 924 
77 831 
31 1297 
19 500 
25 1299 
5 1332 
56 802 
25 976 
59 1150 
58 684 
76 1669 
25 549 
67 1302 
3 787 
54 1066 
41 329 
18 1063 
63 132 
14 710 
52 996 
53 413 
