400
1 2.51 4.21 4.67 4.11
29 374
12 1490
6 1161
21 1002
36 818
3 279
2 426
47 1044
58 517
74 1380
55 826
36 857
61 1029
4 547
25 47
71 138
10 83
15 1507
69 1109
50 568
46 836
66 458
49 769
32 736
43 1253
5 354
37 318
76 1144
78 884
5 357
11 897
26 114
15 72
40 68
50 4
20 228
57 302
62 1238
41 1615
39 124
26 1279
72 921
74 767
32 1208
29 866
45 1265
21 451
17 235
70 467
43 1151
31 29
8 1253
61 326
44 513
26 219
2 1209
79 515
25 883
7 1031
60 763
2 1428
66 1149
41 1213
26 740
24 873
63 1169
28 411
60 193
5 189
17 992
38 1028
45 1662
20 475
28 1652
45 397
45 515
70 908
9 351
41 674
2 1189
29 1275
55 65
42 251
75 1503
41 910
66 780
77 1397
53 1655
80 1103
39 1423
44 403
65 465
19 963
54 724
36 537
22 1491
31 401
57 1273
11 488
35 854
65 1611
20 1467
49 1208
72 763
14 472
14 807
6 616
69 939
34 1137
47 923
45 1224
50 809
7 24
42 1635
31 806
49 1153
40 753
45 1036
19 379
18 1389
54 548
6 323
28 1659
21 1423
11 166
57 911
19 1038
21 187
45 529
15 1282
7 862
19 790
53 1431
49 289
51 158
64 881
49 1226
69 1109
63 918
63 1065
55 63
72 724
57 868
74 857
59 1282
13 1412
37 1654
68 860
51 945
69 1214
2 1628
47 1413
8 1234
47 1349
32 562
15 239
64 1437
18 969
15 416
63 269
26 194
57 1387
73 1289
2 1139
73 1631
30 1364
19 406
60 1100
69 358
10 175
79 1056
67 442
30 183
75 1059
38 1233
32 922
35 618
39 1500
52 1280
42 45
50 1565
49 940
20 671
5 556
16 412
26 965
63 323
39 1533
59 643
73 845
79 222
59 805
14 457
62 76
72 116
58 67
21 1523
51 1102
73 1603
54 597
18 1406
68 579
31 507
9 501
79 188
65 587
75 1068
46 88
69 655
33 631
53 90
13 1145
44 620
58 1664
17 1353
13 1605
68 715
30 1124
17 1611
53 291
4 501
7 780
11 1472
51 358
32 1568
55 721
28 942
1 494
32 1072
25 465
29 665
5 1302
47 1639
76 321
54 603
56 307
50 627
49 461
48 784
10 1391
26 1004
35 159
15 1015
4 1433
59 638
23 1661
31 1383
13 708
45 1308
36 1471
78 431
49 1316
50 990
36 1637
75 104
46 312
10 976
75 1592
46 965
49 632
4 440
8 640
72 556
49 244
22 982
74 624
28 806
74 1478
46 974
20 1391
62 847
62 99
41 143
36 865
42 1649
38 1266
21 409
65 567
72 660
31 767
51 81
35 1543
79 1299
35 778
47 614
7 1242
56 447
69 1544
50 1377
19 385
69 1572
17 1322
71 977
71 773
1 907
18 1202
45 285
21 1606
57 236
6 1460
13 896
50 981
76 1582
64 1030
76 733
77 622
15 443
45 763
35 1645
31 972
68 1339
41 245
61 842
52 238
27 134
67 1331
33 1266
25 309
41 622
46 1090
33 1003
38 1280
57 477
57 894
2 758
30 770
1 803
33 721
13 256
5 408
6 1068
5 856
5 185
66 926
66 1175
58 704
58 1431
5 1127
53 501
48 930
29 590
58 627
41 505
69 496
37 597
14 272
11 372
73 393
33 1100
1 377
23 477
18 477
63 72
61 692
67 1180
49 1367
61 321
23 692
30 922
20 966
62 329
19 1394
26 1270
77 1160
31 353
13 876
57 3
3 125
58 155
69 1168
4 792
39 939
58 269
74 1372
65 829
42 100
33 145
26 924
54 112
29 736
55 1196
72 878
25 316
57 789
19 326
48 985
57 315
65 1191
47 256
24 296
51 867
68 1395
71 1462
23 1556
78 737
71 1358
2 843
26 643
72 29
2 924
