400
1 4.85 1.24 2.14 4.92
10 219
2 61
4 356
10 145
10 269
6 430
2 401
2 71
3 349
5 36
8 175
5 107
10 32
4 448
9 11
6 347
1 80
9 428
6 156
2 213
3 81
2 116
7 124
1 332
3 418
7 183
5 61
2 427
2 304
10 332
4 355
2 311
8 137
8 47
4 70
3 66
6 392
9 403
5 180
10 280
5 13
2 171
2 250
10 1
5 176
6 261
7 235
7 305
6 205
3 181
9 366
6 16
7 136
2 26
8 138
9 417
5 14
7 17
3 332
2 429
7 136
7 168
3 330
9 22
8 317
4 286
9 431
2 1
10 309
6 293
8 74
10 310
1 358
5 371
1 163
9 374
7 163
8 19
9 254
2 346
10 175
1 298
3 18
9 277
6 428
6 310
3 198
5 336
4 416
1 237
1 130
8 449
2 391
4 428
7 147
6 265
5 345
7 15
8 116
7 53
6 98
5 128
9 6
1 384
5 117
10 144
6 97
1 349
9 97
3 46
1 443
9 10
1 23
2 284
10 330
4 385
4 0
1 330
8 33
5 204
7 88
7 164
4 54
2 213
10 243
1 87
9 318
1 162
2 146
9 324
5 239
4 278
5 232
8 363
9 126
4 107
4 381
6 118
5 126
3 214
5 59
7 343
6 208
4 116
2 439
5 405
1 367
7 393
5 175
10 404
1 26
3 137
5 77
9 423
1 92
10 376
7 208
7 429
4 293
6 194
3 71
10 173
3 333
5 356
4 381
9 248
7 362
8 128
10 433
6 29
9 225
4 309
4 413
10 119
10 105
9 242
3 258
6 395
7 307
8 192
2 175
2 204
2 156
4 95
7 401
3 97
1 89
6 248
1 441
9 142
4 385
5 310
10 46
7 254
6 334
6 428
9 409
10 435
4 29
4 99
3 14
8 53
4 92
7 130
4 97
3 94
7 56
9 441
8 22
7 412
10 359
10 366
2 411
4 340
5 216
1 5
2 293
1 114
1 172
10 114
2 263
3 283
10 424
8 431
4 84
8 26
2 137
2 187
5 345
1 164
9 376
7 230
9 112
9 229
6 123
6 2
1 270
1 36
8 281
3 180
1 288
1 131
6 392
7 428
1 73
3 228
3 268
6 421
2 171
1 268
9 117
5 127
10 233
7 352
3 349
2 127
5 202
8 353
7 415
8 158
7 370
9 232
9 175
9 19
9 214
2 246
3 217
2 371
1 299
7 176
1 253
10 393
9 450
1 258
9 144
9 355
9 357
2 204
1 121
1 422
10 84
5 237
9 278
9 28
10 403
2 329
4 166
8 202
6 109
7 135
10 48
5 327
7 160
4 54
8 93
10 286
4 407
10 30
8 269
3 322
4 330
5 302
8 255
10 177
3 138
8 369
7 95
8 140
1 135
1 312
10 2
3 410
1 261
8 167
9 391
7 247
10 234
6 263
7 6
4 254
7 332
1 235
8 56
6 377
8 158
2 133
3 390
2 338
3 111
6 47
3 371
7 251
7 403
1 396
3 6
7 423
10 34
2 330
3 240
9 423
10 164
7 355
4 94
7 130
4 182
3 414
8 293
10 146
8 381
10 221
1 46
9 162
2 370
8 9
7 410
8 80
10 254
7 299
10 430
6 268
7 408
7 71
10 271
6 385
3 115
1 165
2 392
10 443
10 358
3 370
9 329
6 184
10 359
4 67
7 301
9 381
9 131
5 4
6 344
3 207
8 339
6 78
10 120
9 210
4 342
6 448
3 397
6 10
1 195
4 347
8 249
9 61
2 171
6 313
5 391
5 198
7 278
6 425
1 70
7 15