200
3.1 1 2.28 1.48 3.73
8 118
1 72
10 34
4 176
3 96
4 93
5 194
9 56
6 78
6 59
5 90
6 76
8 169
4 202
4 172
7 168
6 92
4 150
2 57
6 119
8 63
2 204
1 41
10 77
4 50
6 23
3 2
2 207
6 138
1 111
3 34
9 61
10 40
9 168
10 3
4 36
10 96
10 210
5 212
3 114
4 183
1 190
8 2
1 58
2 34
8 45
6 189
3 29
6 200
7 133
9 9
2 14
7 48
8 153
3 139
2 0
10 71
5 203
3 24
7 200
5 83
8 203
3 210
2 36
1 91
6 185
7 119
10 35
8 123
8 74
5 159
9 83
1 217
5 75
5 158
6 174
8 61
6 130
2 120
10 21
10 41
3 39
4 173
3 57
5 198
2 25
6 169
6 203
8 143
3 161
6 73
3 128
8 14
7 104
9 186
5 40
2 46
10 211
2 74
8 35
4 111
8 208
7 80
1 14
8 186
4 80
5 122
9 93
4 37
6 116
6 139
9 138
3 54
9 38
8 123
9 72
5 35
1 218
10 103
2 35
6 83
5 131
6 15
5 105
1 96
8 207
6 82
5 2
4 141
1 158
4 21
6 18
3 97
7 108
6 113
5 14
2 115
9 94
1 130
2 197
2 7
2 9
6 69
9 130
1 110
6 155
8 191
7 153
5 181
5 164
6 45
8 167
4 47
4 185
9 60
8 91
2 18
7 160
6 148
10 94
8 6
3 30
5 104
3 26
7 67
8 151
3 183
9 177
1 143
9 107
9 110
10 141
5 206
1 0
3 59
10 4
2 214
5 27
5 30
4 85
6 22
1 120
6 11
4 1
1 176
5 150
10 125
2 89
8 88
1 1
3 75
5 176
6 197
9 184
8 175
2 181
10 111
2 83
9 102
10 64