300 
4.05 4.38 3.33 2.0 2.16 
50 766 
65 346 
63 976 
30 426 
42 48 
13 906 
12 768 
64 652 
78 78 
24 110 
71 1098 
71 825 
26 963 
28 821 
51 985 
26 558 
63 316 
73 100 
40 536 
40 658 
64 919 
5 32 
31 466 
19 986 
55 996 
41 84 
76 1115 
42 867 
56 433 
63 355 
29 744 
28 198 
18 597 
60 25 
80 424 
22 39 
14 610 
50 757 
18 921 
28 405 
44 912 
51 1119 
46 1081 
76 425 
67 74 
56 614 
61 242 
32 1037 
4 438 
27 910 
38 931 
23 871 
71 1006 
41 444 
40 1048 
39 31 
27 436 
25 807 
78 649 
26 1134 
64 822 
28 240 
10 230 
7 509 
54 691 
76 540 
60 714 
55 718 
36 469 
55 24 
5 305 
76 58 
5 430 
55 57 
6 10 
17 284 
72 309 
14 983 
60 325 
26 534 
31 422 
5 55 
71 832 
56 309 
21 999 
80 149 
47 689 
78 358 
2 780 
37 566 
9 374 
61 873 
64 315 
32 494 
35 311 
30 1130 
37 140 
65 783 
65 301 
4 610 
37 3 
67 121 
26 758 
33 1137 
37 460 
66 632 
69 40 
54 117 
42 88 
5 728 
78 625 
11 336 
32 910 
53 576 
60 355 
71 899 
30 256 
25 1010 
56 338 
63 122 
32 649 
61 515 
18 333 
30 0 
31 693 
49 1023 
26 1044 
7 414 
60 581 
61 357 
3 812 
66 189 
47 250 
71 681 
40 539 
70 100 
4 895 
3 751 
50 238 
51 250 
61 658 
46 1130 
26 198 
67 1085 
80 130 
70 34 
49 491 
8 241 
34 1059 
36 1162 
5 1027 
60 382 
39 968 
46 1153 
79 844 
52 847 
35 536 
7 374 
74 906 
5 692 
40 767 
4 606 
25 984 
4 378 
31 592 
35 335 
74 90 
40 802 
24 367 
8 850 
75 1025 
56 859 
25 904 
4 593 
49 30 
5 114 
44 1190 
12 396 
10 1084 
61 239 
47 616 
10 86 
16 712 
17 174 
46 147 
32 900 
77 67 
61 481 
49 525 
31 104 
27 182 
78 1119 
32 140 
62 3 
7 830 
53 1039 
12 551 
68 828 
61 388 
41 587 
38 1145 
53 1133 
27 740 
37 422 
63 484 
62 1046 
61 1135 
63 1155 
36 90 
21 48 
10 372 
77 1005 
73 610 
78 1169 
37 299 
64 241 
63 379 
73 373 
58 798 
31 1027 
49 289 
1 908 
73 224 
43 1143 
8 686 
39 599 
33 618 
46 71 
14 157 
47 65 
2 265 
33 1150 
15 17 
13 495 
76 838 
55 719 
63 192 
31 512 
1 950 
19 836 
43 169 
10 296 
16 86 
15 921 
19 584 
37 514 
22 496 
49 783 
77 491 
70 195 
12 714 
66 165 
58 104 
63 1047 
64 364 
43 303 
67 518 
67 856 
54 1033 
79 193 
12 305 
58 118 
8 37 
58 866 
2 368 
3 617 
25 1085 
72 754 
7 267 
53 1199 
68 341 
47 213 
7 828 
47 920 
48 536 
11 247 
47 352 
9 275 
6 102 
7 369 
29 239 
54 868 
71 1056 
79 703 
6 899 
15 914 
56 712 
74 287 
42 835 
77 871 
50 557 
32 1133 
50 851 
71 1047 
16 873 
36 436 
24 711 
68 476 
56 325 
14 904 
