350 
1.91 1.88 3.95 3.2 4.08 
61 629 
76 682 
51 63 
41 1189 
36 1362 
45 279 
56 350 
16 502 
58 424 
3 928 
47 293 
8 774 
34 32 
66 768 
60 1358 
68 1267 
71 670 
45 1344 
64 170 
3 418 
73 938 
73 301 
38 1045 
30 648 
69 1201 
8 102 
29 150 
72 1320 
80 1047 
32 23 
74 945 
28 1350 
17 989 
19 1376 
4 1089 
15 533 
36 631 
67 1246 
39 15 
49 186 
6 77 
42 597 
22 813 
47 742 
27 260 
48 780 
42 742 
27 693 
35 812 
49 1318 
62 80 
27 379 
55 344 
75 550 
75 415 
44 120 
15 835 
27 1099 
73 109 
6 99 
60 142 
30 1391 
79 163 
15 359 
49 313 
56 130 
24 221 
6 103 
34 1396 
25 388 
7 1166 
45 880 
2 840 
49 726 
56 462 
74 1391 
37 546 
44 1156 
41 380 
41 1114 
38 1341 
3 666 
42 938 
38 533 
8 1267 
56 714 
52 177 
67 420 
5 1106 
61 1081 
9 704 
25 748 
62 716 
62 1375 
47 822 
66 403 
54 1138 
44 226 
27 1290 
57 896 
51 920 
74 362 
61 228 
78 711 
29 1198 
9 287 
26 1077 
68 402 
18 1144 
40 374 
3 1121 
75 1229 
7 746 
49 1346 
15 231 
17 1060 
78 1121 
24 951 
40 396 
34 849 
64 302 
22 844 
65 55 
21 290 
38 698 
24 19 
45 285 
48 180 
41 1184 
77 8 
1 632 
3 47 
77 779 
56 1099 
21 1325 
80 801 
15 5 
1 880 
60 958 
15 630 
42 741 
25 624 
4 100 
15 989 
73 731 
8 257 
15 495 
25 392 
16 264 
17 693 
77 364 
72 91 
29 194 
36 378 
5 6 
40 900 
40 523 
58 1149 
48 656 
21 586 
37 581 
45 838 
73 754 
31 264 
12 1168 
15 984 
54 521 
22 394 
50 1186 
30 1351 
6 857 
29 209 
19 1391 
39 879 
65 710 
18 546 
45 1169 
69 969 
44 144 
56 593 
19 524 
33 1041 
42 1240 
25 1086 
28 870 
31 899 
32 237 
72 654 
45 1140 
41 602 
73 954 
34 788 
55 435 
41 1007 
9 773 
67 997 
66 794 
2 398 
49 852 
26 1021 
33 1374 
72 893 
66 197 
16 1094 
53 830 
20 858 
21 679 
38 676 
78 886 
72 1155 
10 1383 
11 381 
72 1354 
79 1296 
55 1001 
51 1313 
49 322 
56 212 
25 959 
10 196 
78 715 
22 992 
73 994 
15 678 
49 122 
29 356 
68 374 
2 479 
74 394 
4 51 
14 1123 
56 254 
66 269 
34 12 
23 251 
54 1106 
46 829 
14 494 
47 1092 
42 1002 
28 535 
16 469 
48 785 
27 897 
27 945 
63 519 
62 1031 
27 1304 
3 626 
23 760 
27 1268 
32 1165 
44 1194 
66 475 
7 1180 
71 176 
42 792 
43 172 
43 204 
35 13 
25 1272 
36 148 
21 1179 
49 1172 
61 660 
12 786 
31 898 
18 1377 
60 468 
58 236 
11 1128 
1 1189 
4 838 
31 4 
58 376 
58 509 
43 710 
22 1029 
24 238 
52 578 
23 784 
18 529 
37 720 
6 623 
74 794 
70 727 
27 120 
57 48 
26 295 
37 260 
7 749 
20 296 
22 329 
31 419 
48 787 
46 734 
32 316 
15 1174 
7 1082 
34 1257 
4 646 
32 471 
79 601 
28 1197 
37 872 
16 246 
36 787 
1 298 
21 21 
39 1056 
28 486 
5 342 
66 720 
50 266 
80 862 
53 425 
56 895 
33 1110 
3 1266 
79 263 
8 1334 
5 211 
27 148 
54 1344 
39 119 
23 206 
15 1354 
22 744 
46 1088 
56 677 
42 858 
39 524 
53 40 
39 78 
45 967 
13 469 
52 48 
63 569 
18 595 
59 769 
72 1045 
65 37 
9 360 
70 1248 
5 49 
48 130 
56 723 
59 241 
30 617 
8 484 
