450
3.72 3.19 3.08 2.48 1
13 676
15 24
20 152
38 888
13 1064
24 1158
18 681
25 632
19 1176
17 477
38 455
15 848
30 400
29 22
31 595
43 501
31 742
12 314
45 223
32 880
27 582
35 842
34 492
14 404
43 450
11 228
33 42
23 110
23 5
21 822
32 1003
37 651
32 871
38 1110
35 516
30 1142
37 28
24 407
34 1098
16 76
12 203
29 1081
32 1020
41 398
9 320
39 1056
42 974
30 73
17 662
25 39
17 626
42 655
40 1126
33 1052
31 271
27 663
43 1136
39 596
13 445
13 143
24 966
41 882
30 101
34 650
17 737
21 475
20 869
22 277
22 935
22 1098
29 985
23 279
28 866
35 944
13 384
34 929
31 596
32 1132
38 1090
37 1127
17 751
43 202
13 23
12 925
38 1118
11 808
9 572
9 1112
28 808
27 644
39 992
28 342
38 62
15 237
20 408
21 513
33 306
19 192
29 848
45 1110
26 425
37 237
17 84
39 1020
9 652
41 510
15 82
17 1183
24 1090
41 581
24 370
33 109
25 939
32 516
26 672
37 666
16 325
22 353
45 370
26 973
27 561
22 638
33 296
45 442
25 977
38 1112
20 399
9 401
35 949
23 605
22 548
42 1141
11 787
42 180
17 321
42 20
39 46
16 1137
25 807
18 885
31 344
37 501
38 599
26 53
18 874
33 306
13 84
38 690
25 208
16 508
17 222
24 573
18 895
30 779
14 821
10 645
10 768
15 288
16 872
40 734
34 981
35 415
38 113
35 557
27 98
40 1073
31 129
45 1026
43 346
30 608
9 997
22 566
30 687
27 391
25 72
27 3
39 489
45 273
27 14
12 1008
28 800
45 182
40 976
11 1006
32 384
17 871
45 765
22 749
28 1122
30 253
30 387
26 147
42 1022
21 540
45 470
33 10
41 1093
36 933
13 978
36 920
38 39
39 117
23 279
10 1057
45 1116
21 912
27 885
25 111
23 107
34 406
33 475
34 629
16 974
25 928
34 790
24 229
25 912
31 907
27 859
10 912
37 589
34 1114
16 569
14 568
16 488
45 756
26 389
11 308
36 483
13 7
36 468
16 217
22 93
33 249
22 372
34 547
17 172
44 1085
29 752
27 1064
26 317
12 1037
20 701
25 733
41 729
9 255
24 690
38 687
37 483
10 629
25 356
39 186
16 825
25 289
37 774
11 998
22 183
11 416
28 184
13 534
26 912
36 28
10 856
30 12
39 299
41 1173
18 593
43 570
10 1182
33 388
29 1177
17 770
23 270
24 1066
16 1165
12 3
29 244
42 729
23 307
29 219
42 664
20 941
16 179
45 307
34 848
13 758
19 1092
32 409
40 280
13 502
37 780
17 308
10 1055
10 898
36 910
21 157
34 901
17 953
27 987
37 133
15 460
13 54
33 772
25 691
11 1111
13 348
21 1100
31 655
17 1127
37 426
33 774
10 476
28 715
43 846
30 457
26 68
10 453
43 248
36 318
41 1102
12 256
41 792
9 720
24 1024
38 693
39 584
18 934
10 988
44 7
39 602
31 1000
19 907
41 64
39 922
37 1145
28 1098
9 611
36 947
21 262
25 145
37 676
31 206
32 599
17 816
9 19
39 602
11 961
25 401
44 351
26 697
22 1107
29 315
15 126
20 771
35 859
14 1150
21 352
10 521
13 744
28 1176
38 308
24 726
43 317
29 520
18 1122
16 59
45 432
36 573
28 500
14 771
43 526
14 254
25 819
26 456
44 1050
35 91
45 599
26 616
17 960
30 62
32 136
26 322
24 379
24 1029
23 1032
42 37
20 775
45 1171
11 67
33 738
38 196
24 251
34 674
45 701
37 63
28 1083
15 134
26 1111
18 847
10 827
32 330
37 1114
27 451
37 153
30 780
36 307
18 1178
35 267
39 14
38 92
42 995
11 58
19 402
35 1036
35 306
38 318
45 118
31 360
40 753
27 752
19 133
31 108
42 859
23 522
41 837
15 96
45 833
42 343
36 738
29 334
12 655
44 837
12 473
26 1097
45 672
17 134
45 198
19 571
9 546
39 593
29 704
23 316
20 758
38 892
10 643
11 825
32 432
36 975
33 826
13 120