400
1.00 2.81 2.63 3.41 3.35
14 128
12 178
10 473
20 84
19 321
17 342
10 497
17 633
5 435
1 298
11 297
2 529
3 540
6 509
5 93
7 553
13 103
8 161
13 200
8 75
9 380
6 596
19 727
4 354
12 413
16 125
2 474
8 291
9 574
4 334
1 214
11 181
5 546
7 122
3 764
3 40
17 426
18 399
7 86
5 52
5 581
9 796
2 83
20 769
16 644
4 585
16 527
3 479
8 347
10 449
12 406
11 363
17 687
18 536
12 662
2 345
18 392
14 235
6 425
20 577
12 510
3 55
19 262
8 106
7 32
4 245
14 694
4 800
16 535
7 523
4 297
5 161
20 664
8 606
5 373
18 338
13 419
7 283
10 395
20 68
5 252
15 168
16 49
17 433
11 545
6 705
15 234
10 665
1 87
2 176
10 23
4 691
14 692
19 79
5 767
15 329
5 365
11 361
17 720
8 57
7 731
12 323
17 679
11 431
5 77
14 318
18 543
6 223
12 172
3 431
18 60
19 541
18 361
18 286
17 385
9 257
20 560
15 142
10 651
6 252
11 533
1 187
14 254
1 244
17 769
20 535
14 4
14 766
18 645
3 449
2 445
6 32
2 91
13 313
3 607
1 219
4 3
3 731
13 670
18 298
6 280
7 646
7 66
10 128
11 401
8 230
17 112
4 493
18 726
7 372
12 655
4 389
5 124
15 583
5 79
17 716
3 229
10 681
16 555
11 606
12 708
6 182
20 769
9 791
1 502
18 293
20 422
15 325
9 477
14 606
11 352
20 249
9 367
19 294
10 540
19 556
17 704
13 680
13 331
9 117
10 485
12 528
12 760
3 259
8 69
7 667
14 183
5 568
2 66
13 186
14 306
9 693
15 643
16 410
10 609
16 663
14 14
17 134
8 221
4 62
7 756
6 346
5 761
4 51
15 267
5 219
9 409
15 673
17 659
14 107
5 320
1 58
11 1
12 431
7 527
4 739
17 533
5 224
17 561
13 725
5 704
7 135
15 378
11 209
10 708
16 528
3 703
4 398
3 419
5 546
4 329
8 243
19 417
14 648
16 130
19 178
16 502
12 449
19 317
18 472
7 26
7 442
17 218
12 139
18 133
4 521
4 635
1 561
11 630
3 711
10 680
13 270
2 718
3 138
9 560
19 536
18 724
18 702
15 701
17 39
19 237
20 280
11 206
6 383
14 706
11 548
9 419
6 261
4 690
1 713
11 413
2 15
4 330
13 325
17 510
17 760
8 57
18 650
13 625
6 628
1 52
11 497
20 381
8 725
2 418
15 724
7 562
17 561
8 379
5 797
19 791
20 286
3 354
13 385
10 293
15 461
17 458
9 486
3 742
8 629
13 620
14 613
8 772
3 286
1 201
2 137
18 545
5 23
20 172
1 796
5 98
8 93
3 23
17 282
17 732
4 470
19 126
6 433
11 155
13 562
17 793
6 122
18 620
20 49
8 729
5 635
20 75
18 350
14 131
9 304
8 485
13 510
4 24
17 220
17 582
17 434
11 183
4 666
20 78
17 281
8 88
13 93
16 786
9 96
2 32
16 775
16 185
20 776
5 178
12 246
14 257
2 488
5 157
16 728
17 30
12 359
11 102
5 573
8 56
14 213
11 542
8 395
11 483
15 384
18 546
14 260
5 483
14 465
16 608
1 618
20 172
6 131
9 565
20 140
18 666
15 576
19 626
13 303
15 237
6 421
16 151
1 414
5 719
3 464
20 563
8 636
17 553
19 402
19 68
16 606
20 483
19 336
16 387
13 584
14 144
10 670
3 263
20 421
6 496
1 534
