350
1.32 4.73 3.67 3.96 1
21 286
40 338
41 361
45 274
13 252
14 41
18 200
50 67
17 158
34 166
37 357
9 262
46 415
34 285
39 238
36 440
2 398
27 394
15 176
13 19
7 593
36 529
16 170
11 284
4 28
48 208
30 466
17 363
10 10
50 83
29 593
43 555
45 108
44 125
47 419
2 374
12 505
48 496
7 189
45 484
16 42
23 280
4 535
18 299
5 568
47 231
24 242
43 584
30 369
1 178
24 591
43 415
49 71
16 337
48 32
14 366
3 565
11 156
8 411
9 401
9 345
16 18
39 239
6 74
22 580
10 479
28 315
21 290
10 240
39 95
46 408
13 280
50 6
20 585
44 376
40 271
39 98
14 550
31 152
17 555
44 527
6 391
26 448
7 34
12 485
45 213
30 253
45 432
47 349
30 321
37 341
43 38
27 255
38 110
14 465
12 304
6 180
24 44
6 239
4 455
37 490
17 114
38 206
2 413
40 122
28 227
1 237
46 115
25 455
8 60
6 228
1 2
39 192
10 500
35 101
21 161
1 184
26 405
33 30
38 561
18 406
36 312
44 47
15 66
28 62
9 306
38 546
37 130
5 266
4 186
23 575
41 25
36 493
39 371
19 303
42 433
43 576
40 0
14 546
8 282
18 227
40 187
16 553
8 404
4 10
32 426
49 317
48 215
23 262
21 301
28 300
9 388
23 98
21 314
27 350
45 476
19 448
29 521
23 541
14 157
32 53
16 575
16 570
41 467
17 578
40 299
7 178
39 538
46 138
14 197
21 484
40 300
47 160
38 303
24 323
36 50
33 513
27 309
15 387
28 121
13 36
5 222
29 38
13 303
24 467
23 11
18 465
33 577
49 312
48 301
35 455
43 424
30 314
12 380
38 386
35 174
18 246
18 36
38 452
12 238
22 573
1 369
40 13
35 458
11 54
21 234
44 117
23 254
25 204
19 21
10 380
45 207
44 143
31 229
40 557
39 376
6 525
41 258
25 149
38 439
23 471
10 354
36 125
28 529
42 515
30 310
11 124
20 449
19 193
48 284
26 138
22 515
2 298
32 531
27 243
13 363
20 74
22 268
22 460
39 216
23 471
38 19
30 73
46 479
31 35
29 364
25 367
33 590
30 379
36 461
44 68
1 282
2 319
18 56
20 408
26 471
23 493
15 439
20 200
50 472
35 535
15 411
39 355
15 119
26 499
28 304
50 435
6 493
23 510
1 61
19 391
43 13
10 431
47 373
34 33
7 139
31 122
42 41
34 313
41 496
47 373
13 474
33 230
4 367
7 567
38 555
31 78
29 403
19 82
10 475
31 369
11 309
44 68
17 489
41 248
37 113
25 207
29 377
7 38
41 292
11 348
31 572
42 91
14 230
9 527
18 295
48 413
28 343
22 227
23 571
14 478
31 388
16 143
20 8
20 362
13 273
15 25
31 579
13 244
37 391
30 332
16 333
12 460
15 295
44 120
32 313
11 348
23 156
16 24
45 569
35 240
41 197
45 370
9 104
37 49
34 181
33 11
49 526
28 595
10 9
7 289
38 131
9 49
3 128
19 219
6 19
28 280
28 57
9 547
4 19
