200
2.97 3.03 4.07 1.0 4.49
19 960
8 603
14 112
5 172
8 502
16 570
17 1869
15 648
11 492
4 718
5 432
9 648
5 149
12 452
16 1069
20 525
7 773
7 760
14 694
2 241
20 547
17 1824
16 889
19 431
1 1592
17 182
10 1322
8 35
1 1391
2 1006
19 1533
13 393
15 581
17 252
13 1799
17 1109
8 1425
20 361
6 45
12 548
17 1218
5 377
17 1309
3 1722
18 1592
8 1580
7 101
18 1341
2 1975
19 656
4 1757
13 1686
13 1156
16 299
13 317
11 1905
2 97
7 247
5 1083
7 792
15 634
6 1399
13 828
12 1387
14 1951
4 1203
20 752
8 623
8 1116
8 1856
19 1743
8 1816
6 529
17 665
15 1923
17 944
14 99
12 70
1 1884
8 1524
18 892
1 283
4 890
10 954
13 163
20 35
7 59
16 1511
3 160
1 1908
11 396
4 1020
7 1115
1 1958
18 1534
17 674
20 833
11 122
19 116
17 1489
20 352
2 150
2 1315
20 135
7 1521
2 1177
18 1896
6 25
10 251
6 1377
4 770
12 1529
9 894
20 1039
15 732
16 7
4 1775
1 83
16 1969
11 1666
3 343
1 1272
2 959
7 1067
20 1004
1 1159
17 1016
8 854
2 925
7 1553
14 795
14 482
14 1584
5 1160
11 44
16 277
6 1587
8 19
6 325
8 742
20 19
1 686
9 1060
11 1531
9 919
13 347
5 397
6 1250
8 571
13 1782
20 1906
7 10
12 33
10 434
4 1102
6 1222
14 146
6 1382
11 420
19 1447
4 368
19 746
7 1228
20 1916
15 708
2 560
19 804
11 1273
20 254
12 1483
5 915
7 1697
16 299
15 34
3 1731
3 692
19 1104
13 1694
7 1951
8 1242
11 1133
14 934
3 1212
10 1793
11 1276
8 71
16 1789
1 922
20 839
10 1389
16 1379
5 1173
7 1517
5 1779
20 1176
5 937
10 231
13 310
5 1519
1 1057
