150
3.97 1.03 4.02 1.0 3.17
8 1263
7 1011
4 848
1 708
14 92
11 959
5 779
10 207
13 1426
8 1067
11 1073
20 1298
13 496
15 972
6 1335
4 106
3 404
6 1456
17 771
16 211
8 314
15 86
10 7
13 77
3 516
13 498
12 1123
17 1042
19 329
17 88
3 141
8 526
4 924
19 850
2 459
2 1201
17 1228
19 1102
12 111
14 1071
17 849
10 238
10 774
10 524
3 387
20 1492
13 688
5 132
16 275
13 1369
15 620
12 7
19 1027
18 1458
17 986
17 1464
18 583
15 661
2 519
9 1181
20 766
5 120
19 650
18 1196
9 1496
20 1000
8 796
5 417
11 686
4 293
16 1395
12 992
6 1386
10 646
19 924
17 461
16 745
10 780
15 524
11 1012
11 1113
7 1203
12 84
3 391
4 315
11 758
1 533
6 1075
6 1317
10 844
4 997
8 942
9 112
19 645
16 321
6 40
12 617
9 766
9 222
17 204
4 1464
2 977
17 367
13 428
8 1494
8 1432
7 404
16 584
12 97
17 48
8 1030
11 420
11 446
13 1136
7 1336
1 145
19 1212
20 1233
1 1035
5 1419
16 604
9 637
1 1221
3 971
18 683
15 187
19 521
6 251
13 1059
7 475
15 711
16 595
11 341
13 1425
10 681
14 158
1 1310
4 791
15 313
13 50
15 1100
1 860
14 749
20 655
14 1349
15 451
19 1176
2 1490
17 290
8 762
