200
1 2.72 1.89 3.12 2.73
29 290
27 514
42 641
50 502
77 604
6 367
48 735
62 566
3 443
71 138
60 509
29 150
64 518
68 758
14 441
78 829
22 822
50 135
21 870
52 169
18 850
75 448
6 847
20 281
62 794
16 721
73 520
65 30
53 168
1 466
68 653
58 757
25 57
74 504
12 748
50 338
49 210
80 293
41 353
80 717
39 74
45 36
58 528
72 218
50 18
8 645
9 719
26 379
14 333
41 327
64 361
73 298
37 715
27 683
43 759
79 193
8 232
67 456
16 260
79 329
30 511
80 135
61 8
11 776
49 784
3 802
49 328
23 641
68 740
49 277
30 161
45 24
41 401
6 746
45 666
67 810
67 274
61 82
2 585
26 287
8 525
45 454
1 501
40 595
9 781
6 112
18 84
9 309
37 748
77 524
33 1
49 411
42 490
35 593
41 648
53 86
45 162
77 484
49 561
26 846
13 510
16 241
71 617
46 856
51 645
59 432
77 577
22 728
28 778
73 791
66 387
24 599
58 536
71 557
18 482
42 198
72 201
67 690
64 196
42 393
12 788
6 442
19 492
63 74
66 818
68 736
62 774
48 3
39 593
49 559
5 369
52 797
67 347
21 702
61 447
41 233
43 287
3 7
51 311
25 815
37 812
55 661
32 532
58 408
61 675
30 841
59 824
37 431
24 523
59 562
63 711
26 26
23 828
23 772
78 201
33 439
62 274
72 101
39 299
52 57
5 318
6 430
20 77
59 616
79 796
26 67
71 160
24 394
26 825
71 571
38 388
52 603
38 375
29 785
20 488
26 492
25 632
27 766
50 720
51 348
66 495
54 238
54 353
65 521
12 680
8 471
43 858
79 243
6 78
58 497
41 86
73 526
65 428
52 496
23 476
9 857
57 533
20 16
13 277
17 836
