400
5.0 1.0 4.0 3.5 3.0
16 562
18 692
17 186
1 268
4 255
13 638
12 24
8 385
2 219
14 221
6 125
12 427
8 477
10 486
5 672
5 84
20 338
1 64
19 63
18 643
19 298
5 339
20 50
11 207
3 525
9 37
2 272
9 190
18 84
8 562
3 74
18 570
17 568
20 272
5 463
12 579
6 385
4 623
5 654
3 241
9 444
13 44
4 427
14 219
10 0
14 460
5 120
10 562
7 132
5 628
6 382
5 132
18 324
17 146
11 469
7 190
10 74
19 405
10 437
10 484
15 326
4 166
13 351
4 289
17 456
11 450
4 544
7 506
14 241
5 628
14 89
7 616
13 42
11 393
17 173
18 683
3 669
4 63
3 214
14 319
20 672
1 44
13 541
18 67
1 524
4 469
3 451
15 516
14 726
5 214
13 504
12 238
11 533
19 424
14 543
12 552
18 699
2 665
9 542
1 391
8 479
2 541
18 330
3 303
20 424
8 382
10 195
13 739
1 382
5 709
1 351
6 657
3 702
2 244
2 345
10 513
13 173
8 533
8 307
9 484
19 173
6 125
1 543
4 324
1 0
1 209
2 127
19 296
4 591
2 485
11 643
16 318
12 205
11 480
8 738
2 701
16 570
17 696
8 686
19 444
11 593
11 673
11 513
10 44
2 582
9 637
14 368
12 473
7 290
14 725
16 324
19 672
12 67
2 291
14 391
3 453
14 431
14 427
19 456
1 575
20 391
3 84
1 417
12 543
2 452
5 125
14 168
20 296
10 355
14 10
20 268
13 496
12 458
16 80
17 303
17 591
13 657
16 395
2 120
3 219
15 664
5 377
17 468
9 207
15 151
7 701
15 74
6 701
15 100
9 385
11 685
19 351
11 291
4 372
7 96
9 120
2 699
16 479
11 89
2 699
4 637
8 525
12 637
6 456
4 456
5 588
18 564
8 319
19 593
10 24
8 558
2 150
12 533
5 10
4 107
10 492
3 486
5 533
13 683
8 333
8 152
17 513
2 95
8 387
14 46
5 601
5 242
15 0
4 616
10 673
13 355
17 222
9 305
15 411
20 174
9 706
14 237
10 77
11 319
11 593
1 411
1 238
12 683
1 486
4 458
3 453
6 348
20 377
19 307
3 411
3 618
4 458
12 445
11 494
19 616
7 249
3 101
7 368
16 241
1 443
1 272
9 489
1 581
20 620
19 551
14 324
14 166
6 709
10 444
8 89
12 67
5 291
6 431
17 46
16 664
3 601
9 604
15 196
10 706
17 368
10 443
20 221
20 146
18 209
1 117
19 588
7 103
16 412
3 146
15 98
20 525
14 546
19 588
15 621
20 628
13 640
2 546
3 420
14 570
16 103
2 233
12 481
11 723
19 0
13 24
7 156
8 352
16 222
13 572
1 268
16 551
6 637
14 618
20 604
9 132
13 307
14 604
10 46
12 207
1 423
19 247
12 423
7 709
5 209
7 296
13 338
16 495
3 544
3 496
7 541
1 443
20 709
15 513
9 305
7 697
9 276
2 424
7 458
4 664
15 546
11 280
19 190
7 63
12 244
17 692
1 423
17 103
16 104
16 569
2 0
13 661
15 270
7 166
6 623
7 692
5 563
8 453
4 338
12 431
13 255
9 660
1 695
3 10
13 664
7 544
5 623
14 673
12 255
12 303
6 459
1 479
1 411
3 221
20 254
10 657
5 71
17 193
17 496
7 428
14 664
16 643
14 643
10 469
18 355
9 735
14 739
10 366
10 129
3 214
2 79
17 325
14 108
15 748
19 427
4 331
12 330
6 139
7 673
1 152
8 686
