200
1.00 2.16 1.93 1.49 2.28
8 4
10 18
2 9
1 13
5 12
3 12
7 5
8 18
4 15
10 3
8 20
7 16
5 6
6 5
1 17
3 2
3 18
6 8
9 12
6 7
9 7
6 11
3 14
10 17
5 9
10 17
3 2
1 13
5 5
4 17
8 4
6 11
9 3
6 3
10 20
1 3
8 1
3 19
7 8
7 12
5 1
3 13
4 2
2 19
1 10
9 1
6 7
2 0
9 3
4 4
4 4
10 9
1 10
6 3
3 11
7 14
7 9
1 16
7 13
8 1
8 15
7 11
8 8
1 20
4 20
2 9
2 6
4 19
5 4
6 6
7 11
7 17
5 8
9 17
3 3
3 0
8 20
1 5
10 8
7 19
7 2
3 20
10 13
2 14
9 16
9 0
8 9
4 17
5 14
3 8
4 17
9 0
5 19
8 7
3 11
1 20
2 14
6 19
2 14
1 18
10 7
2 6
8 14
10 12
4 17
6 12
2 3
7 15
8 4
4 11
1 13
4 10
9 16
3 17
6 20
1 16
1 8
3 6
8 5
10 3
5 2
10 14
8 16
2 20
2 6
7 17
7 12
2 20
7 4
9 6
5 5
3 20
7 12
3 13
6 9
7 20
2 7
7 6
9 4
7 11
1 17
6 14
7 6
9 14
7 6
5 17
10 18
8 2
3 20
1 19
2 4
6 8
7 13
6 2
5 8
7 0
2 17
9 10
8 20
6 10
10 17
7 7
2 17
2 18
8 2
2 19
5 15
4 19
8 1
7 12
4 15
3 10
3 9
9 17
7 1
6 8
6 18
7 17
2 0
1 10
3 2
10 14
7 5
2 0
10 3
8 3
1 8
10 6
6 8
5 14
4 19
6 3
10 17
6 16
6 3
7 9
10 5
9 10
1 7
8 1
