150
2.06 1.29 1.00 1.14 1.68
9 13
9 8
9 10
3 2
10 15
5 1
6 0
2 5
6 13
10 6
7 12
10 15
1 0
4 6
6 1
3 15
8 9
9 14
10 11
5 11
3 15
4 6
8 4
3 9
5 14
1 2
6 0
7 15
2 13
4 0
1 9
9 0
7 6
1 8
8 1
4 7
2 0
1 15
1 11
1 10
2 14
8 12
1 6
9 12
5 5
8 13
4 11
2 5
7 2
4 5
6 1
5 7
2 15
1 6
2 11
10 3
8 7
6 14
9 13
4 13
4 4
5 12
5 3
3 13
6 1
10 4
10 7
6 3
3 11
6 5
9 11
10 4
9 3
8 2
4 9
5 4
6 3
2 9
4 3
4 11
10 10
7 7
3 10
10 7
9 11
9 11
2 6
10 10
5 11
3 10
4 0
9 6
6 11
1 12
8 2
10 12
3 8
6 14
3 10
2 11
6 12
7 0
4 4
8 13
7 8
2 2
6 11
4 0
7 11
5 7
8 15
3 12
2 8
6 2
6 1
9 13
8 1
3 14
8 4
3 4
9 5
7 5
8 3
5 5
9 14
7 12
3 15
4 8
10 2
1 6
6 11
10 10
5 4
7 1
6 13
10 5
1 15
4 0
10 9
3 14
7 3
3 2
9 5
5 11
5 10
2 0
10 7
6 15
9 10
10 0
