400
2.54 2.00 1.00 2.14 2.91
9 29
2 38
2 32
8 30
9 0
7 28
9 12
9 5
10 14
6 22
9 35
2 8
9 25
9 36
6 29
10 22
2 0
6 15
10 34
8 8
7 27
6 6
4 4
4 14
7 28
8 32
8 14
7 2
3 12
4 18
10 16
2 8
6 5
9 16
5 19
1 40
1 5
3 16
1 28
4 15
7 37
7 9
2 27
3 5
9 8
4 18
2 14
4 21
5 22
8 34
4 3
1 4
2 35
6 13
7 3
3 37
4 36
6 12
4 4
3 22
1 37
3 12
10 27
3 35
6 18
1 8
4 13
4 5
5 31
9 36
7 8
8 27
2 25
8 33
6 28
2 9
7 9
6 4
1 19
7 16
8 17
1 11
7 16
1 18
1 12
9 15
4 2
3 21
6 40
9 39
5 34
1 28
2 4
2 8
1 20
6 33
1 7
2 38
7 25
5 14
4 12
3 3
2 33
6 25
4 21
8 11
4 13
3 37
4 26
4 23
9 14
8 16
8 3
10 18
8 1
6 21
9 8
9 9
8 17
2 6
9 7
6 15
8 19
7 3
9 31
10 27
7 5
7 25
3 27
9 36
6 27
10 13
5 32
5 12
6 0
9 30
1 20
2 20
8 26
7 40
2 2
2 17
7 23
2 0
9 13
2 15
5 11
1 0
4 10
8 2
8 9
4 21
9 18
4 8
2 35
7 34
1 23
1 18
4 23
6 1
7 24
7 7
3 6
1 23
5 25
5 30
4 2
5 30
3 23
10 28
2 33
6 22
8 17
8 30
9 9
1 7
2 36
6 39
5 1
6 14
5 26
9 18
8 12
3 18
4 38
1 6
10 6
6 24
6 1
9 33
7 25
10 37
9 1
5 38
5 36
6 12
5 18
9 3
2 13
1 4
2 18
8 19
10 40
2 12
4 28
5 10
5 5
2 40
2 28
10 25
1 30
2 10
3 25
10 1
7 16
6 24
2 26
1 15
3 34
7 3
4 34
9 12
9 25
2 24
5 24
1 18
7 39
10 18
10 23
9 24
5 10
5 34
1 9
3 13
1 13
7 6
9 0
8 10
5 25
5 6
10 20
1 38
1 22
3 9
8 40
1 35
5 16
2 15
2 6
4 21
9 38
7 9
7 17
10 39
7 10
10 35
1 32
8 5
9 1
4 32
3 38
5 28
6 30
2 26
7 0
2 25
5 34
8 25
5 3
4 37
1 24
2 32
9 21
8 0
5 24
1 8
9 4
7 0
5 1
3 10
5 5
3 12
6 6
7 9
8 9
1 21
7 32
7 40
10 26
10 18
3 19
4 8
7 37
2 15
2 13
9 30
4 30
2 40
10 7
2 12
4 40
9 6
9 7
1 11
2 0
9 12
4 21
9 13
10 5
2 28
7 12
10 4
5 18
10 23
9 26
4 4
3 9
6 21
9 33
2 35
2 38
6 22
4 12
2 10
6 33
5 35
2 15
5 22
6 14
1 10
9 1
8 1
4 36
10 15
5 11
5 2
1 35
9 19
8 30
10 15
5 8
5 14
8 37
10 25
9 24
7 16
8 6
2 6
3 31
4 0
7 11
10 14
2 40
7 13
10 34
1 33
5 16
7 33
5 14
6 9
7 14
3 23
10 25
3 39
3 36
2 17
3 29
9 8
3 31
6 15
3 39
4 16
10 27
9 31
7 1
2 38
4 28
10 40
10 27
9 6
1 39
10 35
8 19
8 22
6 8
4 32
6 19
6 16
6 29
8 22
2 18
3 40
7 31
10 6
4 30
4 27
4 37
2 4
4 20
9 38
