500
4.0 4.5 3.0 1.0 4.25
1 55
12 1049
17 459
16 1040
7 695
6 386
5 589
19 585
2 1049
9 106
12 589
15 290
16 219
10 797
16 365
16 661
8 361
3 601
7 775
2 325
4 1076
15 700
9 530
11 215
17 422
17 1059
5 56
10 91
4 14
15 349
20 596
17 614
20 569
5 705
13 723
7 139
16 675
14 726
11 669
2 782
11 128
11 990
2 867
8 439
6 543
10 510
20 91
15 418
9 935
5 621
4 897
10 74
2 251
13 543
7 1067
16 386
8 494
8 156
14 669
7 694
5 14
15 106
10 866
14 744
20 601
11 231
4 149
14 556
17 318
11 944
16 932
4 642
8 0
16 91
7 769
7 387
15 261
6 317
13 784
3 185
7 252
17 812
12 825
1 526
5 694
12 739
6 298
1 177
4 162
8 197
3 994
5 298
13 201
16 12
15 30
7 515
19 642
12 0
17 185
2 694
3 950
3 104
1 252
11 54
9 74
2 816
20 170
3 499
19 231
8 101
15 779
6 770
13 681
13 934
8 812
18 585
11 549
5 177
15 858
14 867
5 965
15 87
5 969
6 363
20 965
12 286
17 906
14 196
16 112
14 747
11 459
12 219
19 807
18 705
17 44
17 1029
6 879
20 56
8 1021
13 71
17 451
8 806
16 571
19 943
18 358
13 206
11 163
19 187
8 262
20 366
8 67
4 1059
20 130
16 338
10 57
13 380
9 58
5 100
10 739
1 422
18 112
2 259
12 681
16 642
6 30
16 271
16 726
5 1044
11 206
13 846
11 400
13 310
12 195
11 831
7 289
17 1059
4 71
20 82
5 239
1 1044
8 585
4 968
20 290
12 755
8 784
8 922
13 666
2 78
6 139
8 366
11 321
11 990
7 782
1 669
18 149
9 769
17 897
11 317
18 46
8 276
8 981
1 162
20 922
3 12
6 514
7 474
11 763
8 19
6 455
12 499
19 514
4 607
1 553
9 520
13 797
13 513
4 459
7 632
19 29
10 963
5 476
9 882
14 717
20 705
17 447
4 539
2 1029
6 723
18 743
13 621
7 46
9 933
15 797
4 338
12 846
12 896
19 391
19 494
13 897
1 19
16 354
6 922
20 1115
8 400
3 162
9 769
14 130
11 130
1 699
15 233
7 747
13 577
7 83
10 304
3 527
1 858
11 621
18 879
15 474
3 1037
1 54
10 77
1 71
15 219
4 814
11 760
14 418
5 530
4 161
17 491
5 386
19 233
11 1012
1 233
5 532
19 130
12 906
6 252
4 526
8 696
15 782
4 125
20 530
11 163
4 1049
8 960
19 858
2 439
20 0
10 658
7 499
14 550
8 83
18 994
3 44
18 771
9 485
1 471
18 476
3 1023
18 751
17 221
17 681
2 563
10 259
11 754
13 177
8 578
17 366
13 601
17 422
1 589
11 354
4 150
11 1044
6 1058
9 422
20 660
17 0
9 629
1 266
19 293
16 44
9 563
8 83
12 447
16 1004
17 1003
19 290
2 37
1 161
1 1082
17 321
14 457
5 139
1 874
16 965
6 46
6 317
12 514
8 161
14 777
16 934
8 476
15 754
11 669
14 1094
15 950
14 321
8 553
11 670
14 292
8 832
18 513
9 556
16 130
6 206
9 1021
2 123
13 726
6 190
13 259
15 1107
15 994
12 189
15 100
3 876
18 106
5 928
4 831
6 565
14 396
13 261
16 190
2 94
4 1083
10 280
8 316
18 950
14 406
5 1016
4 897
10 105
18 715
14 30
10 209
10 981
17 747
3 557
1 245
13 46
19 14
1 632
6 720
5 846
7 294
1 933
4 343
7 879
2 1012
7 101
11 513
16 933
15 56
11 41
13 1014
17 906
9 12
10 808
2 74
15 576
10 1049
2 812
2 699
9 439
20 1029
9 784
8 618
17 440
13 442
6 526
3 918
13 790
18 400
18 632
10 149
7 67
5 0
14 593
9 1012
17 712
5 694
8 739
11 254
14 318
5 571
15 1060
16 112
20 190
18 231
1 539
20 338
3 621
19 699
3 723
12 1021
19 838
20 29
14 539
6 754
13 981
4 730
11 700
20 907
1 29
20 934
10 867
14 476
3 791
13 539
12 354
3 670
18 543
4 661
14 280
19 862
17 661
15 831
13 719
1 694
10 163
3 1076
4 670
10 280
3 494
16 112
4 1075
14 193
2 891
19 298
4 418
18 447
16 571
4 850
6 986
10 639
8 644
18 584
9 556
8 965
8 1082
6 1076
6 101
6 39
7 536
12 230
14 261
3 19
18 426
12 1060
