250
1.0 2.5 2.75 5.0 3.5
8 530
15 486
8 411
15 558
16 86
9 368
1 163
15 392
6 501
3 55
17 275
3 378
8 486
9 11
10 72
19 557
12 0
17 33
17 63
17 445
18 237
2 555
4 194
15 503
17 613
19 440
2 448
6 215
11 215
2 30
19 521
10 233
7 409
19 309
2 135
18 197
2 284
7 197
10 182
5 0
4 583
14 480
10 107
4 517
11 335
5 52
11 583
15 517
9 167
8 72
6 0
1 86
13 353
18 508
18 573
19 444
12 478
8 321
2 368
11 296
7 123
2 0
18 197
3 53
8 309
3 409
18 255
9 169
15 368
12 337
9 238
16 440
19 11
12 101
12 582
18 567
12 445
18 373
13 353
19 407
4 65
7 82
17 101
11 573
1 190
3 225
4 219
6 284
12 517
9 411
10 317
14 126
9 544
19 423
13 423
18 216
8 155
5 332
1 392
5 503
8 233
15 176
5 167
6 101
15 544
15 573
18 194
4 540
6 11
17 558
9 378
4 309
2 460
7 279
13 270
20 411
9 556
5 486
15 348
13 25
2 124
11 138
15 82
2 409
9 571
19 540
7 311
20 570
13 1
11 341
10 480
12 194
18 242
9 176
4 409
9 305
16 30
10 126
11 296
12 538
4 233
1 157
10 267
4 275
1 176
11 544
3 476
4 107
9 166
14 497
13 296
16 237
6 321
18 555
5 335
18 86
2 275
7 460
13 456
11 144
14 64
19 270
6 515
8 237
9 369
8 94
14 460
2 33
12 167
3 199
11 503
4 49
20 521
12 319
9 36
17 521
6 392
5 81
17 423
18 33
5 220
9 540
1 107
18 23
10 407
12 555
3 390
15 143
18 456
1 0
7 222
10 440
6 1
12 106
20 475
12 155
4 312
12 72
17 513
16 36
7 353
20 82
18 431
20 496
5 255
10 558
19 52
16 135
2 124
3 36
4 456
3 276
20 135
18 267
14 353
16 592
18 556
17 30
20 255
14 378
6 423
14 124
7 155
4 400
1 215
3 583
19 335
14 215
14 454
6 109
3 194
4 321
17 107
4 95
9 170
6 42
5 440
14 541
20 52
11 480
17 392
15 116
9 77
18 601
9 465
18 284
7 64
3 126
10 1
2 149
