300
1.0 2.0 1.5 3.0 2.75
11 200
19 535
1 604
14 0
7 71
16 38
14 170
20 321
12 472
5 457
15 185
19 559
16 295
10 457
12 533
12 378
18 223
14 438
13 467
13 453
4 351
4 263
13 31
3 295
8 400
17 501
12 631
17 217
2 14
5 320
11 184
1 610
13 351
13 578
16 120
13 220
13 285
20 69
14 143
17 223
12 527
16 79
12 243
15 527
6 156
5 382
11 548
5 0
2 527
20 248
13 399
14 281
7 119
1 35
1 616
19 403
9 345
4 175
17 387
2 590
4 244
3 491
18 435
10 491
1 638
12 569
5 331
12 253
8 185
11 301
2 522
9 269
9 472
16 449
10 156
12 559
9 647
14 249
14 316
20 331
4 209
17 14
6 541
4 28
3 0
18 495
20 504
17 209
1 442
5 584
14 345
2 14
20 590
19 522
4 67
4 184
8 490
9 491
13 79
7 143
14 424
2 386
20 603
19 407
10 200
12 95
17 47
18 281
10 503
1 490
8 149
6 170
13 371
7 143
10 479
15 365
10 119
8 449
10 270
16 243
1 590
20 126
4 293
11 334
3 321
17 467
17 501
7 450
5 529
20 589
8 147
12 555
6 281
11 432
15 126
14 615
2 615
20 484
18 425
1 67
3 57
2 61
12 35
18 503
3 109
18 162
8 364
11 513
4 345
18 527
17 155
8 559
16 532
12 284
7 301
9 518
17 262
7 518
3 178
18 364
2 457
5 496
11 301
2 624
7 216
16 198
14 209
6 467
3 355
5 553
5 315
19 126
13 321
15 550
6 531
20 270
6 295
13 629
4 382
15 227
4 62
2 438
19 86
14 54
11 364
10 490
1 555
10 583
7 655
1 351
15 175
9 278
8 547
16 95
11 471
10 282
9 200
12 109
11 613
17 210
20 464
9 555
20 527
12 386
5 513
1 184
9 366
15 593
12 518
18 506
7 616
9 425
1 582
19 438
1 400
5 472
13 412
6 152
17 287
6 95
20 47
18 323
2 547
12 400
19 109
4 175
12 28
20 56
18 131
5 31
14 119
1 490
18 334
18 270
13 120
12 650
18 223
6 412
12 412
17 616
6 616
13 147
17 513
5 615
17 503
11 603
1 262
3 382
12 102
19 578
13 603
5 35
16 547
17 332
15 0
8 578
20 54
3 120
1 186
15 386
3 31
17 0
11 146
14 185
9 347
4 304
7 287
7 253
7 199
7 243
3 28
5 67
3 147
1 287
11 301
12 422
11 547
12 115
6 381
5 611
12 589
16 475
8 262
7 170
4 79
6 47
6 221
6 425
11 407
9 184
8 449
8 287
17 334
12 393
12 501
4 594
14 156
16 589
16 105
12 253
