250
1.44 2.10 1.30 1.00 1.46
3 19
2 25
1 2
3 18
1 17
10 25
9 2
10 8
3 2
6 25
2 24
5 4
3 17
7 1
4 5
7 15
2 22
4 6
1 6
8 4
9 1
8 5
2 11
1 17
5 4
10 5
2 23
8 4
8 2
8 19
6 3
4 20
2 4
1 5
9 19
8 12
10 22
2 22
3 13
7 4
7 16
10 7
5 21
3 7
6 6
3 4
7 6
4 20
9 16
10 7
4 19
5 1
2 17
10 11
6 6
10 3
8 17
10 24
2 14
10 0
4 8
6 5
6 24
3 14
10 6
9 23
8 12
9 4
3 20
8 3
4 3
2 9
8 13
10 7
8 8
5 0
8 22
1 11
9 15
1 25
4 14
9 19
8 22
5 23
1 12
7 4
10 9
2 7
7 13
1 5
9 0
6 17
2 21
10 9
2 24
2 18
10 15
5 4
6 11
10 14
10 21
5 16
5 6
8 9
9 22
4 22
6 7
5 10
5 25
3 23
5 11
9 0
3 23
6 7
9 19
7 3
5 20
8 18
5 3
3 15
9 23
3 18
5 5
1 3
8 12
10 21
9 25
7 0
3 24
8 22
4 10
1 23
1 14
6 9
5 10
5 12
8 13
3 21
5 23
7 10
2 6
3 8
2 19
6 10
9 22
2 14
6 17
1 18
7 24
1 25
6 11
1 9
1 15
9 9
4 21
6 2
4 5
2 10
2 12
10 12
1 4
8 18
2 18
10 2
7 4
2 12
7 15
8 11
7 21
5 2
9 12
7 12
1 17
4 12
5 4
6 10
5 18
4 6
3 14
2 20
1 9
6 10
2 4
5 2
4 7
6 23
2 4
6 6
7 25
5 11
4 15
7 1
7 2
1 15
1 11
6 18
2 25
6 23
8 15
7 21
9 23
8 7
9 8
2 8
2 8
8 22
6 17
1 1
5 19
1 13
9 19
6 19
10 9
9 24
7 11
7 5
3 25
6 10
9 16
4 13
10 12
7 6
10 7
4 5
6 0
2 25
3 3
7 21
3 3
1 17
8 16
7 16
10 20
9 10
4 23
2 22
8 7
4 19
10 7
4 5
10 12
1 9
7 1
7 10
5 16
7 14
7 19
5 22
8 21
10 12
