450
1.00 2.30 1.25 1.10 1.02
9 30
2 42
6 45
3 0
4 31
10 33
6 23
2 30
2 27
4 38
6 5
3 26
1 17
7 34
8 21
10 28
5 41
8 34
2 19
2 45
9 21
9 33
9 2
4 37
6 11
3 26
5 21
7 34
5 29
7 4
10 23
2 11
2 11
9 14
9 2
5 13
10 45
5 38
6 36
4 21
8 8
5 40
5 8
4 25
1 16
9 27
5 12
1 7
5 5
3 20
9 42
3 17
9 33
2 13
4 34
1 15
1 10
6 25
7 19
9 21
3 32
8 45
3 24
8 8
1 8
5 43
10 5
1 26
3 1
8 12
9 34
2 5
1 2
7 19
2 12
8 45
9 20
2 15
6 24
5 4
2 35
6 38
8 6
5 8
2 45
1 32
3 21
4 31
5 6
3 6
7 38
7 40
2 22
4 42
10 14
2 1
5 29
8 36
3 18
3 35
6 30
8 45
5 21
8 30
7 32
4 40
2 0
4 41
4 6
3 45
10 4
7 17
2 30
4 7
2 44
8 27
7 34
10 17
1 9
8 44
3 6
6 4
2 0
7 45
4 3
9 40
4 18
4 28
4 2
7 19
6 42
5 21
8 20
1 40
2 22
1 20
10 37
9 42
4 0
6 45
9 36
4 42
7 22
2 23
2 41
8 0
8 30
2 25
6 15
4 43
1 42
8 45
3 24
7 33
5 43
9 36
8 34
3 33
7 5
5 19
2 40
10 43
10 11
8 43
6 36
10 41
8 37
7 34
3 1
2 5
5 6
4 20
3 2
7 4
8 27
9 18
1 18
9 12
9 40
8 34
5 28
2 15
10 31
9 18
6 22
3 35
7 39
3 30
1 38
7 19
1 36
8 22
5 0
7 34
7 0
4 33
5 3
5 32
5 8
8 22
8 26
1 37
9 41
7 23
6 17
10 13
9 32
6 13
5 3
7 32
10 44
4 27
2 13
5 42
1 10
1 12
1 1
3 0
5 8
1 20
3 4
1 35
5 19
4 41
3 37
9 15
5 33
10 33
9 6
9 23
7 9
1 22
2 2
7 0
6 16
8 0
8 7
1 44
1 31
4 10
8 19
2 15
6 2
2 43
6 16
8 29
8 29
10 32
6 9
5 32
10 42
9 24
8 30
4 43
3 3
1 40
10 13
7 38
9 32
8 7
8 29
6 30
9 34
10 17
3 40
10 5
5 14
7 18
7 2
8 25
3 12
10 23
10 31
2 20
4 40
3 23
1 43
5 10
6 12
4 16
3 38
2 9
9 27
10 7
10 33
4 29
9 26
5 32
9 28
3 14
1 1
1 44
2 6
7 42
9 35
8 1
9 6
4 17
6 2
3 11
7 10
7 33
7 14
7 31
10 15
4 34
3 31
6 26
7 20
9 17
8 29
2 37
4 23
2 17
5 44
8 33
7 2
8 1
2 26
3 31
10 12
6 7
9 2
3 32
1 44
2 2
3 18
6 31
3 6
9 28
9 11
3 6
5 43
3 14
10 8
6 24
2 0
10 4
5 32
5 36
8 31
4 12
7 2
6 15
7 2
9 0
8 43
1 41
2 9
10 12
3 35
7 8
1 6
6 14
4 21
3 22
6 1
6 41
6 5
6 15
3 21
2 38
4 39
5 17
6 27
6 17
10 20
10 19
5 23
2 8
3 25
8 3
3 19
6 27
7 39
8 41
10 38
5 14
7 19
7 13
8 42
8 7
9 2
1 30
1 43
9 3
5 3
6 11
10 42
4 16
8 38
2 8
7 9
4 32
1 27
1 18
10 14
2 39
3 29
4 9
5 11
8 32
1 31
4 27
1 17
9 3
1 18
7 27
2 21
10 34
6 26
9 45
8 0
4 2
4 24
7 24
8 45
3 11
3 5
4 28
8 5
1 3
8 3
4 10
10 19
7 8
6 27
5 33
10 37
5 25
9 21
7 42
9 3
2 34
3 34
8 37
10 18
6 6
9 1
4 20
5 11
2 13
4 15
9 35
2 11
2 8
3 24
9 44
9 11
5 39
