350
4.75 1.0 3.0 1.25 2.25
8 441
1 368
16 579
7 446
10 324
10 242
13 0
15 496
12 11
8 623
7 696
12 431
17 327
9 709
19 558
11 587
20 631
10 281
12 266
16 286
15 203
1 336
17 574
15 743
11 496
18 203
2 377
10 614
13 688
4 0
5 152
10 494
13 250
16 500
8 317
2 56
12 673
10 115
8 633
20 383
11 393
18 143
9 200
8 242
15 535
8 99
13 712
9 119
10 709
11 730
17 115
11 658
10 520
17 617
15 133
12 759
10 38
1 636
19 260
7 584
4 38
9 473
7 214
7 506
10 374
1 234
16 451
9 266
18 175
15 179
15 669
14 348
18 184
5 372
12 738
10 220
3 170
16 310
1 286
20 614
17 671
4 48
17 74
14 160
9 594
7 481
9 496
2 234
5 473
8 527
2 346
9 302
15 546
11 425
19 372
5 220
3 133
8 456
19 538
6 236
8 607
18 372
7 424
11 255
17 494
15 294
5 431
13 456
18 691
2 70
10 506
9 468
16 99
5 297
3 133
12 346
17 550
18 406
13 481
6 79
14 557
12 465
19 190
5 317
3 62
6 652
6 646
4 280
5 419
9 652
10 378
12 85
11 687
19 594
17 244
13 608
2 515
1 120
8 135
11 44
15 206
13 129
6 506
20 23
15 302
19 236
9 579
11 520
7 184
19 424
14 245
20 424
7 203
5 236
4 378
13 458
11 0
13 336
20 557
16 54
13 397
15 663
8 530
16 234
10 432
9 374
6 458
6 658
6 482
16 271
7 574
4 256
13 279
11 530
6 347
13 594
9 554
5 70
2 236
19 417
4 480
13 521
2 495
13 11
18 469
2 491
11 0
15 454
4 478
6 538
10 225
1 633
7 682
17 481
9 645
8 432
13 636
19 494
9 733
14 99
12 718
17 629
6 216
19 348
19 317
16 395
9 249
5 441
6 419
6 709
5 623
20 432
12 395
19 209
2 614
3 302
7 411
18 652
3 623
12 456
17 516
9 93
13 515
13 763
13 635
16 514
1 502
7 242
20 409
1 225
3 444
19 308
6 604
17 557
15 23
11 266
4 286
6 242
2 412
3 441
15 458
16 250
8 473
19 104
20 179
16 170
8 411
2 218
3 562
1 607
13 695
7 629
7 515
13 232
2 139
12 530
17 54
7 458
15 377
11 419
14 651
3 254
9 271
13 179
15 431
10 152
2 38
5 574
11 658
19 271
7 747
12 730
14 621
16 11
3 48
9 530
18 691
20 629
19 51
18 402
7 481
1 671
2 444
11 607
6 644
14 237
2 712
9 23
2 216
3 270
15 470
11 336
19 165
3 85
14 608
13 356
2 449
13 115
15 375
10 676
12 261
9 608
10 607
5 348
20 671
18 54
4 368
14 718
6 438
2 216
1 464
17 0
1 220
18 75
9 225
4 152
17 668
20 395
5 218
15 579
1 538
9 184
11 411
15 377
1 48
14 85
18 271
5 94
1 466
5 300
3 444
16 636
10 218
17 250
15 70
9 76
18 691
8 608
15 368
4 61
15 328
18 189
11 718
19 515
9 346
11 636
14 170
17 271
9 730
5 201
