350
2.98 1.33 2.09 1.00 1.95
9 34
3 11
1 10
7 29
6 19
1 25
10 31
9 28
9 4
2 20
2 19
6 14
10 4
6 25
8 33
3 26
1 32
3 8
8 28
6 4
7 14
2 18
1 0
5 7
8 12
6 1
1 7
8 32
7 5
10 25
8 16
4 20
8 23
1 34
6 12
3 24
10 31
8 32
6 30
8 14
2 22
2 6
9 20
5 25
1 21
3 19
5 12
7 24
2 34
10 35
10 25
10 0
7 1
8 29
5 3
2 31
1 30
7 17
5 26
1 32
3 30
6 28
5 28
8 23
2 10
7 10
6 6
3 32
7 31
8 18
4 8
10 13
5 30
10 23
3 25
9 16
10 9
3 26
2 21
10 28
9 20
1 3
9 24
5 34
9 34
9 10
1 28
2 11
7 2
6 0
5 3
3 15
9 9
8 26
8 18
8 18
4 16
7 30
5 30
10 10
5 16
7 11
3 9
10 2
5 2
10 16
8 31
7 31
4 25
2 20
6 16
3 34
4 35
3 23
4 19
1 31
10 23
2 24
4 12
6 23
7 4
5 21
9 12
1 20
10 24
5 30
7 2
1 31
5 34
1 2
3 8
6 9
7 18
1 31
10 9
9 30
3 31
4 19
9 33
1 2
8 29
4 32
2 30
7 22
6 19
10 31
3 21
5 22
7 7
3 9
10 31
5 0
7 23
3 19
9 29
3 1
6 6
10 14
5 31
10 34
3 20
5 30
10 12
4 34
2 28
1 4
9 6
6 4
2 23
5 2
5 7
6 1
3 22
9 35
8 0
10 19
1 14
5 26
4 11
5 28
4 21
4 17
2 31
5 0
6 10
10 1
10 18
2 19
8 35
6 1
4 33
8 23
1 23
3 9
3 2
5 30
5 17
1 16
3 9
8 0
10 13
8 11
9 0
7 29
4 19
8 16
3 8
1 26
2 16
6 8
4 15
4 2
2 3
3 32
3 20
3 4
8 27
1 3
8 32
9 13
3 31
10 21
2 9
8 10
9 27
6 31
3 32
6 9
5 4
8 35
7 6
5 4
2 21
1 10
8 23
4 17
5 26
8 31
6 2
8 33
3 26
8 34
4 6
1 8
9 3
8 4
5 12
1 31
10 17
9 35
8 33
4 8
8 11
6 35
2 19
3 27
4 1
9 28
1 7
3 19
8 7
5 17
4 13
7 12
5 13
5 32
6 1
8 15
10 0
6 30
5 21
2 25
10 5
2 7
6 14
6 10
2 12
5 8
5 24
2 8
3 11
10 0
8 22
2 27
4 33
4 2
3 12
5 32
5 5
7 8
5 29
10 24
7 26
4 35
4 33
8 32
7 15
1 11
4 33
3 22
1 26
5 24
2 11
8 23
10 9
5 34
4 32
2 15
10 0
8 5
9 32
8 5
3 16
8 4
9 26
10 22
10 14
5 14
2 32
7 13
8 11
4 22
7 19
7 14
5 27
7 16
1 16
8 32
8 26
10 19
8 21
9 27
6 6
10 16
2 28
10 27
9 35
8 4
5 17
8 21
2 17
5 3
9 6
1 26
1 12
4 17
1 35
2 6
1 16
10 4
