300
2.23 2.31 1.00 1.06 1.29
3 5
1 30
4 8
9 26
5 25
6 17
8 6
4 20
6 26
9 24
2 11
6 28
8 30
7 5
9 10
5 13
4 0
1 27
9 25
5 9
5 17
6 4
7 1
1 2
6 25
6 26
6 8
2 11
5 28
8 30
4 17
9 25
2 15
4 12
10 17
2 13
1 13
8 27
4 28
10 17
2 17
4 0
10 14
5 16
1 8
9 6
1 0
9 4
6 14
2 13
10 23
3 2
2 0
2 16
1 15
7 17
9 6
5 24
2 3
3 26
4 7
2 21
4 2
1 8
7 25
10 28
7 13
1 14
4 17
3 26
1 7
8 0
5 3
6 18
9 1
8 10
8 12
6 30
8 14
10 12
10 18
8 25
5 25
1 0
1 11
8 1
10 12
4 14
9 9
4 3
1 7
7 3
4 22
4 17
5 9
9 8
9 30
4 7
6 18
6 11
9 10
2 18
2 7
10 11
5 21
5 23
7 14
7 8
7 29
4 25
6 30
5 23
8 8
3 27
4 0
6 14
10 12
5 3
9 4
5 4
8 28
10 26
2 12
1 17
7 5
10 25
7 1
2 5
8 20
1 5
9 0
1 22
6 28
7 30
6 4
3 6
7 27
3 25
5 21
2 30
2 17
1 15
4 1
6 12
6 12
8 21
7 14
6 23
1 28
9 18
10 27
4 2
9 17
1 5
7 7
10 23
8 15
10 7
10 29
3 2
6 21
5 13
3 5
8 27
8 6
5 14
4 28
4 17
10 12
3 14
1 26
5 19
10 11
3 4
9 11
10 2
7 19
1 22
1 4
1 5
1 1
2 22
5 14
2 5
4 29
8 10
2 5
4 15
7 6
10 0
3 19
4 28
4 30
9 13
8 0
4 2
10 18
7 29
5 26
8 26
10 14
2 13
10 26
5 16
6 28
3 24
5 24
3 6
9 6
9 4
6 1
1 26
1 9
6 24
5 2
8 1
7 20
10 6
2 16
9 23
3 26
1 24
3 23
4 4
9 4
8 5
7 17
8 24
3 15
5 16
2 26
7 1
5 10
2 2
3 30
2 27
6 29
9 10
8 29
4 9
1 17
5 12
8 19
4 29
6 13
3 20
3 15
5 3
8 30
1 6
9 8
8 29
2 17
6 11
3 21
1 23
3 20
3 22
6 16
10 22
10 25
9 20
1 27
5 14
3 26
10 4
10 14
2 17
1 29
1 2
5 27
9 4
4 22
1 23
7 19
5 1
1 11
9 0
9 11
1 4
6 4
5 16
4 12
5 29
7 13
7 21
5 16
4 14
4 13
5 19
6 27
3 26
10 24
3 22
7 26
10 4
10 2
6 9
3 29
5 13
