500
1.92 1.00 2.33 1.21 2.03
3 6
10 9
4 46
8 49
3 47
10 11
5 38
2 44
7 25
1 22
7 28
6 35
6 46
7 9
7 35
1 40
6 3
1 0
4 11
1 23
8 41
5 2
10 50
4 10
8 34
3 0
5 14
2 42
4 35
6 39
9 38
5 13
2 32
2 2
2 0
7 29
9 0
6 35
3 2
4 44
10 44
5 34
9 35
8 7
5 47
3 22
3 50
9 40
1 14
8 8
3 15
5 1
8 1
3 24
6 12
2 49
10 9
9 6
2 26
3 13
3 13
5 16
9 6
9 1
3 18
10 44
3 16
7 38
2 12
4 15
9 8
1 32
5 2
5 38
9 5
6 11
8 6
4 45
10 7
9 30
7 27
9 37
9 6
2 7
7 3
4 20
6 50
9 37
8 37
8 16
1 24
2 31
8 0
1 3
6 11
6 46
4 48
7 20
3 13
7 31
4 34
10 19
4 36
6 30
2 4
6 44
10 50
7 50
6 23
7 35
3 17
10 4
9 39
2 8
8 36
7 6
1 3
5 18
2 0
6 27
8 0
5 12
10 45
2 47
1 14
10 20
2 11
5 31
3 46
3 15
9 36
5 47
6 30
4 33
4 46
4 25
7 25
8 37
3 18
1 20
2 25
9 48
6 6
5 6
7 19
8 13
7 34
2 22
10 17
3 2
1 34
4 1
7 14
7 15
3 36
1 26
4 49
1 35
5 16
8 28
10 39
1 20
6 6
1 18
8 11
9 13
8 43
3 19
1 22
5 44
3 15
10 44
6 40
6 41
10 28
6 12
2 42
3 15
7 13
9 27
9 29
9 3
10 47
2 47
2 37
2 49
2 18
3 38
3 25
10 8
5 13
5 44
10 19
7 46
9 45
7 30
10 11
8 5
8 25
3 15
7 23
5 0
7 12
4 45
10 6
7 7
9 39
4 22
9 27
10 8
6 14
5 9
3 10
2 1
6 34
7 44
8 5
10 12
2 11
9 20
3 22
9 9
6 22
6 32
1 44
2 32
2 15
5 37
10 16
7 34
5 27
4 12
10 45
9 35
2 23
3 29
7 39
8 37
8 11
4 36
6 41
5 41
8 43
5 23
9 7
2 10
4 12
6 40
4 39
2 31
3 24
9 19
4 11
6 26
1 50
5 7
6 14
7 29
3 33
9 20
3 15
10 13
10 44
4 11
4 35
5 41
2 47
6 0
1 26
7 39
1 1
5 2
9 34
6 33
2 16
1 37
2 31
10 48
3 47
3 28
4 21
5 23
9 29
9 43
7 47
8 10
3 23
6 23
9 46
6 49
9 3
6 9
2 2
7 3
5 3
10 15
8 46
9 34
10 37
1 21
4 26
3 10
5 27
2 21
6 22
2 21
6 5
5 45
3 32
1 11
8 48
9 37
3 8
7 24
6 22
6 50
2 22
1 31
1 48
3 39
10 38
3 29
2 40
3 50
4 41
2 23
6 18
10 19
1 34
2 1
5 15
1 23
9 17
3 2
1 1
9 25
8 45
10 12
7 27
8 23
9 6
9 34
4 46
9 25
9 17
1 30
7 43
6 41
5 32
1 5
7 43
10 34
4 49
3 22
7 33
7 44
1 49
6 6
9 3
5 23
6 33
1 45
8 23
2 3
1 45
3 30
7 1
3 41
10 40
9 16
4 44
10 39
4 4
2 4
7 21
5 29
3 49
1 14
9 8
7 5
10 0
5 48
1 16
2 34
4 18
5 17
9 5
3 31
6 6
7 31
2 23
10 43
5 15
6 32
5 42
2 31
8 17
9 33
10 11
9 14
8 5
6 9
6 33
9 30
2 37
7 28
5 42
10 13
2 22
3 39
5 37
2 38
8 46
6 8
5 50
7 21
8 32
10 34
3 14
8 4
9 6
7 38
9 48
2 27
2 50
10 15
8 17
7 38
6 32
3 20
6 26
6 34
5 3
6 32
1 2
5 14
8 25
3 5
3 25
5 0
2 18
2 28
9 49
3 27
4 46
6 22
9 13
10 30
4 46
9 31
6 33
10 8
8 3
2 6
2 28
1 42
1 40
6 14
6 11
9 37
4 49
4 46
10 32
5 25
10 29
4 37
3 20
5 12
9 17
2 3
5 44
1 36
8 11
1 35
5 17
1 43
6 17
5 18
3 36
5 41
9 26
6 16
3 5
7 10
4 24
5 12
8 12
3 28
9 30
3 0
6 34
4 2
2 21
5 50
1 21
4 11
2 13
8 40
6 12
8 25
